230247
230776
230777
230778
230779
230780
230781
231324
231325
231327
231328
231329
231330
231331
231332
231333
231861
231862
231863
231864
231865
231866
231867
231868
231869
231870
232423
232431
232432
232433
232434
232435
232436
232437
232438
232439
232440
232441
232442
232443
233001
233002
233003
233004
233007
233010
233011
233012
233013
233014
233015
233016
233018
233019
233020
233021
233022
233588
233589
233590
233591
233592
233593
233594
233595
233596
233597
233598
233599
233600
233601
233602
233603
233604
233605
233606
233607
234150
234151
234152
234153
234154
234155
234156
234157
234158
234159
234160
234161
234162
234163
234164
234165
234166
234167
234168
234169
234170
234699
234700
234701
234702
234703
234704
234705
234706
234707
234708
234709
234710
234711
234712
234713
234714
234715
234716
234717
234718
235254
235257
235258
235259
235260
235261
235262
235826
235829
235830
235831
235832
235833
236417
236418
236419
236420
236421
236422
236423
237031
237032
237033
237034
237035
237652
237653
237654
237655
237656
237657
237658
237659
237665
237666
237667
238272
238273
238274
238275
238276
238277
238278
238279
238280
238287
238288
238289
238872
238873
238874
238875
238876
238877
238878
238885
238886
238887
238888
238889
238890
239491
239492
239493
239494
239495
239496
239497
239504
239505
239506
239507
239508
239509
239510
239511
239512
240125
240128
240129
240130
240131
240132
240133
240135
240136
240137
240138
240139
240140
240141
240142
240143
240725
240726
240728
240729
240730
240731
240732
240733
240734
240735
240736
240737
240738
240739
240740
240743
240744
240745
240746
240747
241287
241288
241289
241294
241295
241296
241297
241298
241299
241300
241301
241302
241303
241304
241305
241306
241308
241309
241866
241867
241868
241869
241878
241879
241880
241881
241882
241883
241884
241885
241886
241887
241888
241889
242473
242474
242475
242489
242490
242491
242492
242493
242494
242495
242496
243068
243069
243070
243084
243085
243086
243087
243088
243089
243090
243670
243673
243674
243675
243688
243689
243690
243691
243692
243693
243694
243695
244266
244267
244268
244269
244270
244271
244277
244278
244282
244283
244284
244285
244286
244287
244290
244291
244292
244293
244866
244867
244868
244869
244870
244871
244872
244875
244876
244877
244878
244879
244880
244881
244882
244883
244884
244885
244886
244887
244888
244889
244890
244892
245470
245471
245472
245473
245474
245475
245476
245477
245478
245479
245480
245481
245482
245483
245484
245485
245486
245487
245488
245489
245490
245491
245492
245493
245494
246056
246058
246059
246060
246061
246062
246063
246064
246065
246066
246067
246068
246069
246070
246071
246075
246640
246641
246642
246643
246644
246645
246646
246647
246648
246649
246650
246651
246652
246653
246654
246655
246656
247222
247223
247225
247226
247227
247228
247229
247230
247231
247234
247235
247236
247237
247238
247239
247794
247795
247796
247797
247798
247799
247800
247801
247805
247806
247807
247808
247809
247810
248344
248345
248346
248347
248348
248349
248350
248899
248900
248901
248902
248903
248904
249450
249451
249452
249453
249454
249455
249456
249457
249458
250000
250001
250002
250003
250004
250005
250006
250007
250008
250009
250535
250538
250539
250540
250541
250542
250543
251078
251080
251081
251082
251083
251084
251085
251086
251087
251629
251630
251631
251632
251633
251634
251635
251636
252208
252209
252210
252211
252212
252213
252214
252803
252804
252805
252806
252807
252808
253384
253385
253966
254556