215675
215676
215678
216243
216244
216246
216810
216811
216812
216813
216814
217378
217379
217380
217381
217382
217945
217946
217947
217948
217949
218500
218501
218502
218503
218504
218505
218506
218507
218508
218509
218510
219048
219049
219050
219051
219052
219053
219054
219055
219056
219057
219058
219562
219564
219565
219566
219567
219568
219569
219570
219571
219572
220094
220096
220097
220098
220099
220100
220101
220102
220103
220104
220105
220106
220665
220666
220667
220668
220669
220670
220671
220672
220675
221230
221231
221232
221233
221234
221235
221236
221237
221239
221240
221241
221777
221778
221779
221780
221781
221782
221783
221784
221785
221786
221787
221788
221789
222309
222310
222311
222312
222313
222314
222315
222319
222320
222833
222834
222835
222836
222837
222838
222839
222840
222841
222842
222843
222846
222847
223345
223346
223347
223348
223349
223350
223351
223353
223354
223355
223878
223879
223880
223881
223882
223883
223884
223885
223886
223887
223888
224402
224403
224404
224405
224406
224407
224408
224409
224410
224411
224903
224904
224905
224906
224907
224908
224909
224910
224911
224912
224913
224914
225406
225407
225408
225409
225410
225411
225412
225413
225414
225415
225416
225417
225418
225419
225420
225907
225908
225909
225910
225911
225912
225913
225914
225915
225916
225917
226419
226420
226421
226422
226423
226424
226425
226426
226427
226428
226429
226430
226431
226432
226926
226927
226928
226929
226930
226931
226932
226933
226934
226935
226936
226937
226942
227426
227427
227428
227429
227430
227431
227432
227433
227434
227435
227436
227437
227438
227947
227948
227949
227950
227951
227952
227953
227954
227955
227956
227957
227958
227959
227960
227961
228478
228479
228480
228481
228482
228483
228484
228485
228486
228487
228488
228489
228490
228491
228492
228493
228494
228495
228496
228497
228999
229000
229001
229002
229003
229004
229005
229006
229007
229008
229009
229010
229011
229012
229013
229015
229016
229514
229515
229516
229517
229518
229520
229521
229522
229523
229524
229525
229526
230053
230054
230055
230056
230057
230058
230059
230060
230583
230584
230585
230586
230587
230588
230589
230590
231120
231121
231122
231123
231124
231125
231126
231667
231668
231669
231670
231671
231672
231673
231674
232246
232247
232248
232249
232250
232251
232252
232814
232815
232816
232817
232818
232819
232821
233400
233401
233402
233403
233404
233405
233406
233407
233408
233409
233992
233993
233994
233996
233997
233998
233999
234001
234544
234545
234546
234547
234548
234551
234552
234553
234554
234556
235104
235105
235106
235107
235109
235110
235111
235112
235113
235114
235115
235116
235665
235666
235669
235670
235671
235672
235673
235674
235675
235678
236252
236253
236254
236255
236256
236257
236258
236259
236260
236261
236262
236263
236264
236266
236267
236268
236269
236862
236865
236866
236867
236868
236869
236870
236871
236872
236874
236875
236876
236877
236878
237481
237485
237486
237487
237488
237489
237490
237491
237492
237493
237494
237495
237496
237497
237498
238108
238109
238110
238111
238112
238113
238114
238115
238116
238117
238118
238119
238120
238699
238700
238701
238702
238703
238704
238705
238706
238707
238708
238709
238710
238711
238712
239320
239321
239322
239323
239324
239325
239326
239327
239328
239329
239330
239947
239948
239949
239950
239951
239952
239953
239954
239955
239956
239957
239958
239959
239960
239961
239962
240554
240555
240556
240557
240558
240559
240560
240561
241127
241128
241129
241134