203218
203219
203220
203221
203222
203223
203803
203804
203805
203806
203807
203808
203809
203810
204370
204371
204372
204373
204374
204375
204376
204377
204911
204912
204913
204914
204915
204916
204917
204918
205464
205465
205466
205467
205468
205469
205470
205471
206013
206014
206015
206016
206017
206018
206019
206020
206021
206022
206023
206568
206569
206570
206571
206572
206573
206574
206575
206576
206577
206578
206579
207102
207103
207104
207105
207106
207107
207108
207109
207110
207111
207112
207113
207114
207115
207116
207117
207118
207636
207637
207638
207639
207640
207641
207642
207643
207644
207645
207646
207647
207648
207649
207650
207651
207652
208155
208156
208157
208158
208159
208160
208161
208162
208163
208164
208165
208166
208167
208168
208169
208170
208662
208663
208664
208665
208666
208667
208668
208669
208670
208671
208672
209149
209150
209155
209156
209157
209158
209159
209160
209161
209162
209163
209164
209165
209166
209626
209630
209631
209632
209633
209634
209635
209636
209637
209638
209639
209640
209641
209642
210128
210129
210130
210131
210132
210133
210134
210135
210136
210137
210138
210139
210140
210141
210142
210143
210144
210622
210623
210624
210625
210626
210627
210628
210629
210630
210631
210632
211133
211134
211135
211136
211138
211139
211140
211141
211142
211143
211144
211145
211146
211147
211148
211149
211656
211657
211658
211659
211660
211661
211662
211663
211664
211665
211666
211667
211668
211669
211671
211672
211673
211674
212173
212174
212175
212176
212177
212178
212179
212180
212181
212182
212183
212184
212185
212186
212190
212191
212192
212690
212692
212693
212694
212695
212696
212697
212698
212699
212700
212705
212706
212707
213220
213221
213222
213223
213224
213225
213226
213227
213228
213757
213758
213759
213760
213761
213762
214313
214314
214315
214316
214317
214318
214885
214886
214887
214888
214889
214890
214891
215454
215455
215456
215457
215458
215459
215460
216018
216019
216020
216021
216022
216585
216586
216587
216588
216589
217161
217162
217163
217164
217165
217732
217733
217734
217735
217736
218292
218293
218294
218295
218843
218844
218845
218846
218847
219362
219363
219364
219365
219891
219892
219893
219894
219895
220439
220440
220441
220442
220443
221014
221015
221576
221577
221578
222107
222108
222109
222110
222634
222635
222636
222637
222638
222641
222642
223149
223150
223151
223152
223153
223154
223155
223156
223663
223665
223666
223667
223668
223669
223670
223671
223672
223673
223674
223675
224192
224193
224194
224195
224196
224197
224199
224200
224201
224202
224203
224204
224205
224206
224207
224208
224701
224702
224703
224704
224705
224706
224707
224708
224709
224710
224711
224712
224713
225214
225215
225216
225217
225218
225219
225220
225221
225222
225223
225224
225225
225226
225227
225228
225735
225736
225737
225738
225740
225741
225742
225743
225744
225747
225748
225749
225750
226242
226243
226244
226245
226248
226249
226250
226251
226254
226255
226256
226257
226754
226755
226756
226757
226758
226759
226760
226761
226762
226766
226767
226768
227249
227250
227251
227252
227253
227254
227255
227256
227257
227260
227261
227262
227752
227753
227754
227755
227756
227757
227758
227759
227760
227761
227762
227766
227767
227768
228267
228268
228269
228270
228271
228272
228273
228274
228275
228276
228802
228803
228804
228805
228806
228807
228808
228809
229326
229327
229328
229329
229330
229331
229332
229333
229858
229859
229860
229861
229862
229863
230401
230402
230403
230934
230935