467347
467348
467349
467661
467667
467668
467669
467670
467671
467978
467980
467981
467982
467988
467989
467990
467991
467992
468291
468292
468293
468294
468295
468300
468301
468302
468303
468317
468318
468588
468589
468591
468592
468593
468594
468598
468599
468600
468601
468615
468616
468617
468618
468619
468884
468885
468886
468887
468888
468892
468893
468894
468895
468900
468901
468907
468908
468909
468910
468911
468912
469187
469188
469189
469190
469191
469192
469197
469198
469199
469203
469204
469205
469206
469207
469209
469210
469211
469487
469488
469489
469490
469491
469496
469497
469498
469499
469500
469501
469502
469504
469505
469506
469507
469508
469509
469510
469511
469512
469513
469770
469771
469772
469773
469774
469777
469778
469781
469782
469783
469784
469785
469786
469787
469788
469790
469791
469792
469795
469796
469797
469798
469799
469804
470049
470050
470051
470052
470053
470055
470056
470057
470060
470061
470062
470063
470064
470065
470066
470067
470068
470069
470070
470071
470072
470073
470074
470075
470076
470077
470078
470079
470080
470081
470082
470083
470084
470085
470086
470307
470308
470309
470310
470311
470312
470313
470314
470315
470318
470319
470320
470321
470322
470323
470324
470325
470326
470327
470328
470329
470330
470331
470332
470333
470334
470335
470336
470337
470338
470339
470340
470341
470343
470344
470345
470346
470347
470552
470553
470554
470556
470557
470558
470563
470564
470565
470566
470567
470568
470569
470570
470571
470572
470573
470574
470575
470576
470577
470578
470579
470580
470581
470582
470583
470584
470585
470586
470587
470588
470589
470590
470591
470815
470816
470817
470818
470819
470820
470821
470824
470825
470826
470827
470828
470829
470830
470831
470832
470833
470834
470835
470836
470837
470838
470839
470840
470841
470842
470843
470844
470845
470846
470847
470848
470849
470850
470851
470852
470853
470854
470855
471097
471098
471099
471100
471101
471102
471103
471104
471105
471106
471107
471108
471109
471110
471111
471112
471113
471114
471115
471116
471117
471118
471119
471120
471121
471122
471123
471124
471125
471126
471127
471128
471129
471130
471131
471368
471369
471370
471371
471372
471373
471374
471375
471376
471380
471381
471382
471383
471384
471386
471387
471388
471389
471390
471391
471392
471393
471394
471395
471396
471397
471398
471399
471400
471401
471402
471404
471405
471406
471645
471646
471647
471648
471649
471650
471651
471652
471653
471658
471659
471660
471661
471662
471666
471667
471668
471669
471670
471671
471672
471673
471674
471675
471676
471677
471678
471679
471899
471900
471901
471902
471903
471904
471905
471906
471909
471910
471911
471912
471913
471914
471915
471916
471917
471918
471919
471920
471921
471922
471923
471924
471925
472176
472177
472178
472179
472180
472181
472182
472183
472184
472185
472186
472187
472188
472189
472190
472192
472199
472200
472201
472202
472203
472472
472473
472474
472475
472476
472477
472478
472479
472480
472481
472482
472483
472484
472485
472486
472487
472496
472497
472498
472499
472500
472770
472771
472772
472773
472774
472775
472776
472777
472778
472779
472780
472783
472784
472785
472786
472795
472796
472797
472798
473071
473072
473073
473074
473076
473083
473084
473085
473094
473095
473096
473097
473369
473370
473371
473372
473373
473383
473384
473391
473392
473393
473394
473395
473396
473673
473674
473693
473694
473695
473696
473697
473698
473996
473997
474014
474015
474016
474017
474018
474019
474313
474327
474328
474329
474331