218316
218317
218318
218868
218869
218874
218875
219384
219385
219387
219388
219391
219392
219393
219394
219915
219916
219917
219918
219919
219920
219921
219922
219923
219924
219925
219926
219927
219928
219929
219930
220466
220467
220468
220469
220470
220471
220472
220473
220474
220475
220476
220477
220478
220480
221035
221036
221037
221038
221039
221040
221041
221042
221043
221044
221045
221602
221603
221604
221605
221606
221607
221608
221609
221610
221611
221612
221613
221614
222135
222136
222137
222138
222139
222140
222141
222142
222143
222144
222145
222146
222147
222148
222149
222150
222660
222661
222662
222663
222664
222665
222666
222667
222668
222669
222670
222671
223174
223177
223178
223179
223180
223694
223699
223700
223701
223702
223703
223704
223705
224236
224237
224238
224239
224240
224241
224242
224243
224244
224734
224735
224736
224737
224738
224739
224740
224744
224745
225247
225248
225249
225250
225251
225252
225253
225256
225257
225258
225770
225772
225773
225774
225775
225776
225777
225778
225779
225780
225781
225782
226277
226278
226279
226280
226281
226282
226283
226284
226285
226286
226790
226791
226792
226793
226794
226795
226796
226797
226798
226799
226800
226801
226802
226803
226804
227280
227281
227282
227283
227284
227285
227286
227287
227288
227289
227290
227291
227292
227293
227294
227787
227788
227789
227790
227791
227792
227793
227794
227795
227796
227797
227798
227799
228297
228298
228305
228306
228307
228308
228310
228311
228312
228313
228314
228315
228316
228827
228828
228829
228830
228835
228838
228839
229341
229343
229344
229345
229346
229347
229351
229877
229878
229879
229880
229881
229882
229883
229884
229885
229886
229887
229888
229889
230418
230419
230420
230421
230422
230423
230424
230428
230429
230430
230951
230952
230953
230954
230955
230956
230957
231504
231505
231506
231507
231508
231509
231510
232065
232066
232067
232068
232069
232625
232626
232627
232628
232630
233227
233228
233805
233806
233807
233808
234357
234358
234359
234360
234362
234363
234364
234366
234367
234368
234372
234919
234923
234924
234925
234926
234927
234928
234929
234930
234932
234933
235470
235472
235473
235476
235477
235478
235479
235481
235482
235483
235484
235485
235486
235487
235488
235489
236041
236042
236043
236044
236045
236046
236047
236049
236050
236051
236052
236053
236054
236055
236057
236058
236059
236060
236061
236062
236063
236644
236645
236646
236647
236648
236649
236650
236651
236652
236653
236654
236655
236656
236657
236658
236659
236662
236663
236664
236665
236666
236667
236668
237266
237267
237268
237269
237270
237271
237272
237273
237276
237277
237278
237282
237283
237284
237285
237286
237287
237288
237289
237880
237881
237882
237883
237884
237885
237886
237887
237888
237896
237897
237898
237899
237900
237901
237902
238486
238487
238488
238501
238502
238503
238504
238505
238506
238507
238508
238509
238510
239101
239102
239116
239117
239118
239119
239120
239121
239122
239123
239124
239125
239126
239736
239737
239738
239739
239740
239741
239742
239743
239744
239745
239746
239747
239748
240359
240360
240361
240362
240363
240364
240365
240366
240367
240368
240941
240942
240943
240944
240945
240946
241512
241513
241514
241515
241516
241517
242096
242097
242098
242099
242100
242101
242690
242691
242692
242693
243286
243287
243288
243882
243883
243884
243885
243886
243887
244469
244470
244471
244472
245077
245078
245079
245690
245691
246274
246275
246276
246864
246865
246866
247456
247457
247458
247459
248020