353708
353709
353710
353711
354277
354278
354279
354280
354281
354282
354283
354869
354872
354873
354874
354875
354876
354877
355480
355481
355482
355483
355484
355485
355486
355487
355488
355489
356066
356067
356068
356069
356070
356071
356072
356073
356074
356075
356076
356077
356078
356079
356081
356643
356644
356645
356646
356647
356648
356649
356650
356651
356652
356653
356654
356655
356656
356657
356658
356666
356667
357211
357212
357213
357214
357215
357216
357217
357218
357219
357220
357226
357227
357228
357229
357771
357772
357773
357774
357775
357776
357777
357778
357779
357780
357781
357782
357783
357784
357793
357794
357795
357796
358307
358308
358317
358318
358319
358320
358321
358322
358323
358324
358325
358326
358338
358339
358340
358341
358842
358843
358844
358851
358852
358853
358854
358855
358856
358857
358858
358859
358877
358878
359375
359376
359377
359378
359384
359385
359386
359389
359391
359392
359411
359412
359413
359414
359415
359903
359904
359905
359906
359907
359908
359909
359914
359915
359916
359917
359918
359919
359920
359942
359943
359944
359946
360408
360409
360410
360411
360412
360413
360414
360415
360416
360417
360418
360419
360420
360421
360422
360423
360424
360442
360443
360444
360906
360907
360908
360909
360910
360911
360912
360913
360914
360915
360916
360917
360934
360935
360936
360937
361404
361405
361406
361407
361408
361409
361410
361411
361412
361413
361414
361415
361416
361417
361434
361435
361436
361437
361438
361439
361440
361441
361442
361443
361923
361924
361925
361926
361927
361928
361929
361930
361931
361932
361933
361934
361935
361943
361944
361945
361946
361947
361951
361952
361953
361954
361955
361956
361958
361959
361960
361961
361962
361963
361964
361965
362457
362458
362459
362460
362462
362463
362464
362465
362466
362467
362468
362469
362479
362480
362481
362482
362483
362484
362487
362488
362489
362490
362491
362494
362495
362496
362497
362498
362499
362500
362981
362982
362983
362984
362985
362986
362987
362988
362989
362990
362991
362992
362993
362994
362995
363005
363006
363007
363008
363009
363010
363011
363012
363013
363016
363017
363019
363020
363021
363022
363023
363024
363487
363488
363489
363490
363491
363492
363493
363494
363495
363496
363497
363498
363499
363500
363503
363511
363512
363513
363514
363515
363516
363517
363518
363519
364010
364011
364012
364013
364014
364015
364016
364017
364018
364019
364020
364021
364022
364025
364032
364033
364034
364035
364036
364037
364038
364039
364040
364529
364530
364531
364532
364533
364534
364535
364536
364537
364540
364541
364542
364543
364549
364551
364552
364553
364554
364555
364556
364557
364558
364559
365036
365037
365038
365039
365040
365041
365042
365043
365044
365045
365046
365047
365048
365049
365050
365057
365058
365059
365060
365061
365062
365066
365067
365518
365519
365520
365521
365522
365523
365524
365525
365526
365530
365531
365532
365533
365535
365536
365540
365541
365542
365549
365550
365551
365990
365991
365992
365993
365994
365995
365999
366000
366001
366002
366003
366004
366005
366006
366009
366010
366011
366465
366466
366467
366468
366469
366470
366471
366478
366479
366480
366481
366482
366483
366484
366485
366486
366487
366488
366489
366490
366491
366492
366962
366963
366964
366965
366966
366967
366975
366976
366977
366978
366979
366980
366983
366984
366985
366986
367477
367478
367479
367480
367487
367488
367489
367490
367491
367492
367493
367494
367495
367496
367497
367498
367499
367987
367988
367997
368505