387012
387013
387563
387564
388121
388122
388123
388124
388125
388126
388685
388686
388687
388688
388689
388690
388691
389225
389226
389227
389228
389229
389230
389231
389775
389776
389777
389779
389780
389781
390326
390327
390329
390330
390876
390877
390887
390888
390889
390890
391431
391432
391440
391441
391442
391443
391989
391990
391997
391998
391999
392540
392541
392544
392545
392546
392547
392548
392549
392550
392551
393062
393063
393064
393065
393066
393067
393068
393072
393073
393074
393075
393076
393588
393589
393590
393591
393592
393593
393594
393595
393598
393599
393600
393601
393602
393603
394122
394123
394124
394125
394126
394127
394128
394129
394130
394131
394136
394137
394138
394139
394140
394648
394649
394650
394651
394652
394653
394654
394655
394656
394657
394658
394661
394662
394663
394664
394665
394666
395178
395179
395180
395181
395182
395183
395184
395185
395186
395187
395191
395192
395193
395194
395195
395196
395724
395725
395726
395727
395728
395729
395730
395731
395732
395733
395734
395735
395736
395737
395738
395739
395740
395741
395742
395743
395744
395745
396289
396290
396291
396292
396296
396297
396298
396299
396300
396301
396302
396303
396304
396305
396306
396307
396308
396309
396310
396311
396824
396825
396829
396830
396831
396832
396833
396834
396836
396837
396838
396839
396840
396841
397353
397354
397355
397356
397357
397358
397359
397360
397361
397362
397363
397364
397365
397366
397367
397879
397880
397881
397882
397883
397884
397885
397886
397887
397888
397889
397890
397891
397892
398423
398424
398425
398426
398427
398428
398429
398430
398431
398432
398433
398988
398989
398990
398991
398992
398993
398994
398995
398996
398997
398998
398999
399527
399528
399529
399530
399531
399532
399533
399536
399537
399538
399539
399540
400052
400053
400056
400057
400547
400548
401038
401039
401040
401535
401536
401537
401540
401541
401542
401543
402025
402026
402027
402028
402029
402032
402033
402034
402035
402036
402536
402537
402538
402539
402540
402541
402542
402543
402544
402545
402546
402547
402548
403025
403026
403027
403028
403029
403030
403031
403032
403034
403035
403036
403037
403502
403503
403504
403505
403506
403507
403508
403509
403510
403511
403513
403514
403515
403983
403985
403986
403987
403988
403989
403991
403992
404450
404451
404452
404453
404454
404455
404456
404457
404458
404908
404909
404910
404911
404912
404913
404915
404916
404917
404919
404920
405365
405366
405367
405368
405369
405371
405372
405373
405374
405375
405376
405377
405378
405824
405825
405826
405827
405828
405829
405830
405831
405832
405833
405834
405835
405836
405837
406285
406286
406287
406288
406289
406290
406291
406292
406295
406728
406729
406730
406731
406732
406733
406734
406735
406738
406739
407179
407180
407181
407182
407183
407184
407185
407186
407187
407188
407189
407611
407612
407614
407615
407616
407617
407618
407619
407620
408049
408050
408051
408052
408057
408058
408059
408493
408494
408495
408496
408497
408498
408502
408503
408504
408505
408925
408926
408929
408930
408931
408932
408933
408934
409387
409388
409389
409390
409391
409392
409393
409394
409855
409856
409857
410317
410318
410319
410320
410321
410322
410766
410767
410768
410769
410770
410771
410772
411222
411223
411683
411684
411686
411687
412157
412158
412159
412160
412161
412162
412163
412644
412645
412646
412647
412648
412649
413131
413132
413133
413134
413135
413635
413636
413637
413638
413639
414119
414120
414121
414122
414600
414601
414602
414603
414604