439395
439396
439397
439809
439810
439811
440194
440196
440576
440577
440578
440579
440580
440581
440586
440587
440588
440970
440971
440972
440973
440974
440975
440976
440977
440979
440980
440981
440982
440983
441372
441373
441374
441375
441376
441377
441380
441381
441382
441383
441746
441747
441749
441750
441751
441752
441754
441755
441756
441757
441758
441759
441764
442093
442094
442095
442096
442097
442098
442099
442100
442101
442102
442104
442105
442106
442109
442110
442111
442112
442461
442462
442463
442464
442465
442466
442467
442468
442469
442470
442471
442472
442473
442475
442477
442826
442827
442828
442829
442830
442831
442832
442833
442834
442836
442837
442841
443207
443208
443209
443210
443211
443212
443214
443215
443216
443217
443218
443219
443566
443567
443572
443573
443574
443575
443576
443577
443578
443579
443580
443581
443582
443583
443938
443939
443940
443941
443944
443945
443946
443947
443948
443949
443950
443951
443952
443953
443954
443955
443956
443957
444304
444305
444306
444307
444308
444310
444311
444312
444313
444314
444315
444316
444317
444318
444319
444320
444321
444322
444323
444324
444661
444662
444663
444664
444665
444666
444667
444668
444669
444670
444671
444672
444673
444674
444675
444676
444677
444678
444679
445018
445019
445020
445021
445022
445023
445024
445025
445026
445027
445028
445029
445030
445031
445032
445033
445034
445035
445036
445390
445391
445392
445393
445394
445395
445396
445397
445398
445399
445400
445401
445402
445404
445406
445407
445408
445760
445761
445762
445763
445764
445765
445766
445767
445768
445769
445770
445771
445772
445773
445778
445779
446127
446128
446129
446130
446131
446132
446133
446134
446135
446136
446137
446138
446139
446140
446141
446142
446143
446148
446149
446150
446497
446498
446499
446500
446501
446502
446503
446504
446506
446507
446508
446509
446510
446511
446516
446517
446518
446519
446843
446844
446845
446846
446847
446848
446849
446850
446851
446852
446853
446859
446860
446861
446862
447148
447149
447150
447151
447152
447153
447154
447155
447156
447159
447160
447161
447162
447163
447164
447165
447166
447456
447457
447458
447459
447460
447461
447462
447463
447464
447465
447466
447467
447468
447469
447470
447471
447472
447473
447474
447475
447768
447769
447770
447771
447772
447773
447774
447775
447776
447777
447778
447779
447780
447781
447782
447783
447784
447785
447786
447787
447788
448097
448098
448099
448100
448101
448102
448103
448104
448105
448106
448107
448108
448109
448110
448111
448112
448113
448114
448115
448116
448117
448118
448119
448120
448121
448428
448429
448430
448431
448432
448433
448434
448435
448436
448437
448438
448439
448440
448441
448442
448443
448444
448445
448446
448447
448448
448449
448450
448451
448452
448453
448749
448750
448751
448752
448753
448754
448755
448756
448757
448758
448759
448760
448761
448762
448763
448764
448765
448766
448767
448768
448769
448770
448771
448772
448773
449069
449070
449071
449072
449073
449074
449075
449076
449077
449078
449079
449080
449081
449082
449083
449084
449085
449086
449087
449088
449089
449090
449407
449408
449409
449410
449411
449412
449413
449414
449415
449416
449417
449418
449738
449739
449740
449741
449742
449743
449744
449745
449746
449747
449748
449749
449750
449751
450080
450081
450082
450083
450084
450085
450086
450087
450088
450091
450093
450412
450413
450414
450415
450416
450417
450418
450738
450739
450740
450741
450742
450743
451071
451072
451073
451074
451389
451390
451391
451704
451705