212556
213073
213075
213076
213077
213608
213609
213610
213611
214165
214166
214167
214168
214169
214170
214743
214744
214745
214746
214747
214748
214749
215324
215325
215326
215327
215328
215329
215330
215894
215895
215896
215897
215898
216461
216462
216463
216464
216465
217032
217033
217034
217035
217604
217605
217606
217607
218155
218156
218157
218705
218706
218707
218708
218709
218710
218711
218712
218713
219226
219227
219228
219229
219230
219231
219232
219233
219234
219235
219236
219237
219752
219753
219754
219755
219756
219757
219758
219759
219760
219761
219762
219763
219764
219765
220295
220296
220297
220298
220299
220300
220301
220302
220303
220304
220305
220306
220307
220308
220309
220310
220311
220312
220875
220876
220877
220878
220879
220880
220881
220882
220883
220884
220885
220886
220887
220888
220889
220890
220891
220892
221437
221438
221439
221440
221441
221442
221443
221444
221445
221446
221447
221448
221449
221450
221451
221452
221454
221976
221977
221978
221979
221980
221981
221982
221983
221984
221985
221986
221987
221988
221989
221990
221991
221992
221993
221994
221995
221996
222002
222499
222500
222501
222502
222503
222504
222505
222506
222507
222508
222509
222510
222511
222512
222513
222514
222515
222516
222517
222518
222519
222520
222521
222522
222523
222524
222525
222526
222527
222528
222529
223016
223017
223018
223019
223020
223021
223022
223023
223024
223025
223026
223027
223028
223029
223030
223031
223032
223033
223034
223035
223036
223037
223038
223039
223040
223041
223042
223043
223044
223046
223521
223522
223523
223524
223525
223526
223527
223528
223529
223530
223531
223532
223533
223534
223535
223536
223537
223538
223539
223540
223541
223542
223543
223544
223545
223546
223547
223548
223549
223550
224060
224061
224062
224063
224064
224065
224066
224067
224068
224069
224070
224071
224072
224073
224074
224075
224076
224077
224078
224079
224081
224082
224083
224084
224085
224086
224584
224585
224586
224587
224588
224589
224590
224591
224592
224593
224594
224595
224596
224597
224598
224599
224600
224601
224602
224603
224605
224606
224607
224608
224609
224610
224611
225098
225099
225100
225101
225102
225103
225104
225105
225106
225107
225108
225109
225110
225111
225112
225113
225114
225115
225116
225117
225120
225121
225122
225123
225616
225617
225618
225619
225620
225621
225622
225623
225624
225625
225626
225627
225628
225629
225630
225631
225632
225636
225637
225638
225639
225640
225641
225642
225643
225644
225645
226126
226127
226128
226129
226130
226131
226132
226133
226134
226135
226136
226137
226138
226139
226140
226141
226142
226143
226144
226153
226154
226155
226156
226157
226158
226643
226644
226645
226646
226647
226648
226649
226650
226651
226652
226653
226654
226655
226656
226657
226666
226667
226668
226669
226670
226671
226672
226673
226674
227150
227151
227152
227153
227154
227155
227156
227157
227158
227161
227162
227168
227169
227170
227171
227172
227173
227174
227658
227659
227660
227661
227662
227663
227664
227665
227666
227674
227675
227676
227677
227678
227679
228179
228180
228181
228182
228183
228184
228187
228188
228194
228195
228196
228197
228198
228199
228200
228708
228709
228722
228723
228724
228725
228726
228727
228728
228729
228730
228731
229254
229255
229256
229257
229258
229259
229260
229261
229262
229263
229791
229792
229793
229794
229795
229796
229797
229798
230346
230347
230348
230349
230881
230882
230883
231430
231431
231432
231990
231991
231992
232552
232553
232554
233147
233148