93811
94432
94433
94437
94438
94439
94444
95041
95042
95043
95044
95051
95052
95053
95054
95055
95056
95060
95061
95686
95687
95688
95689
95690
95691
95692
95693
95694
95695
95697
95698
95699
95700
95701
95702
95703
95704
95705
95706
95707
95708
95709
95710
96330
96331
96332
96333
96334
96335
96336
96337
96338
96339
96340
96341
96342
96343
96344
96345
96346
96347
96348
96349
96350
96351
96980
96981
96982
96983
96984
96985
96986
96987
96988
96989
96990
96991
96992
96993
96994
96995
96996
96997
96998
96999
97000
97614
97615
97616
97617
97618
97619
97620
97621
97622
97623
97624
97625
97626
97627
97628
97629
97630
97631
97632
97633
97634
98220
98221
98222
98223
98224
98225
98226
98228
98229
98230
98231
98232
98233
98234
98235
98236
98237
98836
98837
98841
98842
98843
98844
98845
98846
98847
98848
98849
98850
99444
99445
99451
99452
99453
99454
99455
99456
99457
99458
99459
99460
100101
100102
100104
100105
100106
100107
100108
100109
100110
100747
100748
100749
100750
100751
100752
100753
100754
101422
101423
101424
101425
101426
101428
101429
101430
102087
102088
102089
102090
102091
102092
102093
102702
102703
102704
102705
103329
103330
103331
103332
103956
103957
103958
103959
104579
104580
104581
104582
104583
105206
105207
105208
105209
105210
105211
105212
105213
105214
105814
105815
105816
105817
105818
105819
105820
105821
105822
106427
106428
106429
106430
106431
106432
106433
106434
106435
106436
107033
107034
107035
107036
107037
107038
107039
107040
107632
107633
107634
107635
107636
107637
107638
107639
108235
108236
108237
108238
108239
108240
108241
108242
108243
108244
108245
108861
108862
108863
108864
108865
108866
108867
108868
108869
108870
108871
108872
108873
109512
109513
109514
109515
109516
109517
109518
109519
109520
109521
109522
109523
109524
109525
110154
110155
110156
110157
110158
110159
110160
110161
110162
110163
110164
110165
110773
110774
110775
110776
110777
110778
110779
110780
110781
110782
111410
111411
111412
111413
111414
111415
111416
111417
111418
111419
111420
111999
112000
112001
112002
112003
112004
112005
112006
112007
112008
112009
112010
112011
112012
112605
112606
112607
112608
112609
112610
112611
112612
112613
112614
112615
112616
112617
112618
112619
112620
112621
112622
113194
113195
113196
113197
113198
113199
113200
113201
113202
113203
113204
113205
113206
113207
113208
113209
113210
113211
113212
113770
113771
113772
113773
113774
113775
113776
113777
113778
113779
113780
113781
113782
113783
114333
114334
114335
114336
114337
114338
114339
114340
114341
114342
114343
114344
114882
114883
114884
114885
114886
114887
114888
114889
114890
114891
114892
114893
115439
115440
115441
115442
115443
115444
115445
115446
115985
115986
115987
115988
115989
115990
115991
115992
115993
115994
115995
115996
116544
116545
116546
116547
116548
116549
116550
116551
116552
116553
117100
117101
117102
117103
117104
117105
117644
117645
118181
118182
118183
118714
118715
118716
118717
118718
118719
118720
118721
118722
118723
118724
119255
119256
119257
119258
119259
119260
119261
119262
119263
119264
119805
119806
119807
119808
119809
119810
119811
119812
120368
120369
120370
120371
120372
120373
120903
120904
120905
120906
120907
120908
120909
120910
121434
121435
121436
121437
121438
121439
121440
121441
121963
121964
121965
121966
121967
121968
121969