75794
75795
76374
76375
76376
76377
76948
76949
76950
77502
77503
77504
77505
77506
77507
78081
78082
78083
78084
78085
78086
78087
78088
78089
78090
78091
78656
78657
78658
78659
78660
78661
78662
78663
78664
78665
78666
78667
78668
79251
79252
79253
79254
79255
79256
79257
79258
79259
79260
79261
79262
79263
79264
79842
79843
79844
79845
79846
79847
79848
79849
79850
79851
80436
80437
80438
80439
80440
80441
80442
80443
81022
81023
81024
81025
81026
81027
81028
81029
81030
81573
81574
81575
81576
81577
81578
81579
81580
81581
81582
81583
81584
81585
81586
82151
82152
82153
82154
82155
82156
82157
82158
82159
82160
82735
82737
82738
82742
82743
82744
82745
82746
82747
82748
82749
82750
82751
83325
83326
83327
83328
83329
83330
83331
83332
83333
83334
83335
83336
83337
83338
83339
83894
83895
83896
83897
83898
83899
83900
83901
83902
83903
83904
83905
83906
83907
83908
84460
84461
84462
84463
84464
84465
84466
84467
84468
84469
84470
84471
84472
84473
84474
84475
84479
85032
85033
85034
85035
85036
85037
85038
85039
85040
85041
85042
85043
85044
85045
85046
85047
85048
85052
85053
85609
85610
85611
85612
85613
85614
85615
85616
85617
85618
85619
85620
85621
85622
85623
85624
85625
85626
85627
85628
85629
85630
85631
85632
85633
86167
86168
86169
86170
86171
86172
86173
86174
86175
86176
86177
86178
86179
86180
86181
86182
86183
86184
86185
86186
86187
86188
86189
86190
86726
86727
86728
86729
86730
86731
86732
86733
86734
86735
86736
86737
86738
86739
86740
86741
86742
86743
86744
86745
86746
86747
87271
87272
87273
87274
87275
87276
87277
87278
87279
87280
87281
87282
87283
87284
87285
87286
87287
87288
87289
87290
87291
87795
87796
87797
87798
87799
87800
87801
87802
87803
87804
87805
87806
87807
87808
87809
87810
87811
87812
87813
87814
87815
88315
88316
88317
88318
88319
88320
88321
88322
88323
88324
88325
88326
88327
88328
88329
88330
88331
88332
88836
88837
88838
88839
88840
88841
88842
88843
88844
88845
88846
88847
88848
88849
88850
88851
88852
89342
89343
89344
89345
89346
89347
89348
89349
89350
89351
89352
89353
89354
89355
89356
89879
89880
89881
89882
89883
89884
89885
89886
89887
89888
89889
89890
90404
90405
90406
90407
90408
90409
90410
90411
90412
90413
90414
90415
90416
90417
90418
90419
90420
90421
90955
90956
90958
90959
90960
90961
90962
90963
90964
90965
90966
90967
90968
90969
90970
90971
90972
90973
90974
91525
91526
91527
91528
91529
91532
91533
91534
91535
91536
91537
91540
91541
92094
92095
92096
92098
92099
92100
92101
92102
92103
92104
92105
92106
92676
92677
92678
92679
92680
92681
92682
92683
92684
92685
92686
93260
93261
93262
93263
93264
93265
93266
93879
93880
93881
93882
93884
93886
94498
94499
95119
95120
95121
95122
95780
95781
95782
95783
95784
96420
96421
96422
96423
97069
97070
97071
97072
97073
97074
97699
97700
97701
97703
97704
98311
98312
98313
98314
98315
98316
98317
98936
98937
98938
98939
98940
98941
99573
99574
99575
99576
99577
99578
99579
99580
100227
100228
100229
100230
100889
100890
100892
100893
101572