23788
23789
23790
24304
24305
24306
24800
24801
24802
24803
24804
24805
25286
25287
25288
25289
25290
25291
25292
25791
25792
25793
26286
26287
26288
26294
26295
26296
26785
26786
26787
26794
26795
26796
27277
27278
27279
27280
27281
27282
27283
27286
27287
27288
27289
27290
27774
27775
27776
27777
27778
27779
27780
27781
27782
27783
27784
27785
27786
27787
28285
28286
28287
28288
28289
28290
28291
28292
28293
28294
28295
28296
28297
28298
28299
28759
28760
28761
28762
28763
28764
28765
28766
28767
28768
28769
29224
29225
29226
29227
29228
29231
29232
29699
29700
29701
29702
29703
29704
29705
29706
29709
30158
30159
30168
30169
30170
30171
30172
30173
30174
30175
30176
30177
30178
30179
30646
30647
30648
30649
30650
30660
30661
30662
30663
30664
30665
30666
30667
30668
30669
30670
30671
31144
31145
31146
31147
31148
31149
31155
31156
31157
31160
31161
31162
31163
31164
31165
31166
31167
31168
31169
31170
31642
31643
31644
31645
31653
31654
31655
31656
31657
31658
31659
31660
31661
31662
31663
31664
31665
31666
31667
32163
32164
32165
32166
32175
32176
32177
32178
32179
32180
32181
32182
32183
32184
32185
32186
32187
32188
32699
32700
32701
32702
32703
32704
32705
32707
32708
32709
32710
32714
32715
32716
32717
32718
32719
32720
32721
32722
32723
32724
32725
32726
32727
33199
33200
33201
33202
33203
33204
33205
33206
33207
33208
33209
33212
33213
33214
33215
33216
33217
33218
33219
33220
33221
33222
33223
33224
33225
33710
33711
33712
33713
33714
33715
33716
33717
33718
33719
33720
33721
33722
33723
33724
33725
33726
33727
33728
33729
33730
33731
33732
33733
33734
33735
33736
33737
33738
33739
33740
33741
34221
34222
34223
34224
34225
34226
34227
34228
34229
34230
34231
34232
34233
34234
34236
34237
34238
34239
34240
34241
34242
34243
34244
34245
34246
34247
34248
34249
34739
34740
34741
34742
34743
34744
34745
34746
34747
34748
34749
34750
34751
34753
34754
34755
34756
34757
34758
34759
34760
34761
34762
34763
34764
34765
35263
35264
35265
35266
35268
35269
35270
35271
35272
35273
35275
35276
35277
35278
35279
35280
35281
35282
35283
35284
35285
35778
35779
35780
35781
35782
35783
35784
35785
35786
35787
35791
35792
35793
35794
35795
35796
35797
35798
35799
36275
36276
36277
36278
36279
36280
36281
36282
36288
36289
36290
36291
36292
36293
36294
36755
36756
36757
36758
36759
36760
36761
36762
36763
36764
36765
36774
36775
37223
37224
37225
37226
37227
37228
37229
37230
37231
37232
37233
37234
37696
37697
37698
37699
37700
37701
37702
37703
37704
38168
38169
38170
38171
38172
38173
38174
38175
38176
38177
38178
38179
38180
38181
38683
38684
38685
38686
38687
38688
38689
38690
38691
38692
38693
39192
39193
39194
39195
39196
39197
39198
39199
39200
39201
39716
39717
39718
39719
39720
39721
39722
39723
39724
39725
40246
40247
40248
40249
40250
40251
40252
40253
40780
40781
40782
40783
40784
40785
40786
40787
41318
41319
41320
41321
41322
41323
41879
41880
41881
41882
41883
41884
41885
41886
41887
42450
42451
42452
42453
42454
42455
42456
43022
43023