324714
324715
325228
325232
325233
325234
325235
325236
325753
325754
325755
325756
325758
325759
325760
325761
325762
326266
326267
326268
326269
326270
326271
326272
326774
326775
326776
326777
326778
326779
326780
326781
326782
326783
326784
326785
327286
327287
327288
327289
327290
327291
327292
327293
327294
327295
327296
327297
327820
327823
327824
327825
327826
327827
327828
327829
327830
327831
327832
327833
327834
327835
327836
327837
328340
328341
328343
328344
328345
328346
328347
328348
328349
328350
328351
328352
328353
328354
328355
328356
328357
328358
328832
328833
328834
328835
328836
328837
328838
328839
328840
328841
328842
328843
328844
328845
328846
328847
328848
328849
328850
328851
329321
329322
329323
329324
329325
329326
329327
329328
329329
329330
329331
329332
329333
329334
329335
329336
329337
329338
329339
329340
329768
329769
329770
329771
329772
329773
329774
329775
329776
329777
329784
329785
329786
329787
330231
330232
330233
330234
330235
330236
330237
330238
330239
330243
330244
330245
330246
330247
330697
330698
330699
330700
330701
330702
330703
330704
330705
330706
330707
330708
330709
330710
330711
330712
330713
330714
330715
331172
331173
331174
331175
331176
331177
331178
331179
331180
331181
331182
331183
331185
331186
331187
331188
331189
331190
331191
331642
331645
331646
331647
331648
331649
331650
331651
331654
331655
332124
332125
332126
332127
332128
332129
332130
332131
332132
332135
332136
332137
332138
332605
332607
332608
332609
332610
332611
332612
332613
332614
332615
332618
332619
332620
332621
332622
333082
333084
333085
333086
333087
333088
333089
333090
333091
333092
333093
333097
333098
333099
333100
333101
333570
333571
333572
333573
333574
333575
333576
333577
333578
333579
333580
333581
333587
333588
333589
333590
334011
334012
334013
334014
334015
334016
334017
334018
334019
334020
334021
334022
334023
334027
334028
334029
334469
334470
334471
334472
334473
334474
334475
334476
334477
334478
334479
334480
334481
334482
334485
334920
334921
334922
334923
334924
334925
334926
334927
334928
334929
334930
334931
334932
334933
334934
334935
334936
335366
335367
335368
335369
335370
335371
335372
335373
335375
335376
335377
335379
335380
335381
335382
335826
335827
335828
335829
335830
335831
335832
335833
335834
335836
335837
335838
335842
335843
335844
335845
335846
336293
336294
336295
336296
336297
336298
336299
336300
336302
336304
336305
336311
336312
336313
336784
336785
336786
336787
336788
336789
336790
336791
336792
336793
336794
336797
336801
336802
336803
337292
337293
337294
337295
337296
337297
337298
337299
337300
337301
337302
337305
337306
337308
337310
337311
337312
337313
337314
337315
337806
337807
337808
337809
337810
337811
337812
337813
337814
337815
337816
337817
337818
337819
337820
337822
337823
337824
337825
337826
337827
338346
338347
338348
338349
338350
338351
338352
338353
338354
338355
338356
338357
338358
338359
338360
338361
338364
338365
338366
338884
338885
338886
338888
338889
338890
338891
338892
338893
338894
338895
338896
338897
338898
338899
338901
338902
339410
339411
339413
339414
339415
339416
339417
339418
339419
339420
339421
339422
339424
339937
339938
339939
339940
339941
339942
339943
339944
339945
339946
339947
339951
340471
340472
340473
340474
340475
340476
340477
340478
340482
340483
341027
341028
341029
341030
341031
341032
341033
341034
341039
341040
341565
341566
341567
341571
342094
342095
342620
342621
342622
343177
343178