20135
20699
21249
21250
21251
21252
21802
21803
21804
21805
21806
22330
22331
22332
22333
22334
22335
22848
22849
22850
22851
23369
23370
23371
23372
23373
23896
23897
23898
23899
23900
24411
24412
24413
24905
24906
24907
24908
25399
25400
25401
25402
25403
25404
25405
25897
25898
25899
25900
25901
25902
25903
26400
26401
26402
26403
26404
26405
26406
26407
26408
26409
26410
26411
26412
26889
26890
26891
26892
26893
26894
26895
26896
26897
26898
26899
26900
26901
27386
27387
27388
27389
27390
27391
27392
27393
27394
27395
27396
27397
27398
27884
27885
27886
27889
27890
27891
27892
27893
27894
27895
27896
27897
27898
27899
27900
27901
27902
27903
28378
28379
28380
28384
28385
28386
28387
28388
28389
28390
28391
28392
28393
28394
28395
28396
28854
28855
28856
28857
28859
28860
28861
28862
28863
28864
28865
28866
28867
28868
28869
28870
28871
29315
29317
29318
29319
29320
29321
29322
29323
29324
29325
29326
29327
29328
29329
29330
29331
29332
29342
29343
29786
29787
29788
29789
29791
29792
29793
29794
29795
29796
29797
29798
29799
29800
29801
29802
29806
29809
29810
29811
29812
30257
30258
30263
30264
30265
30266
30267
30268
30269
30270
30271
30272
30273
30277
30281
30282
30283
30284
30285
30286
30287
30765
30766
30767
30768
30769
30770
30771
30772
30773
30774
30775
30776
30777
30778
30779
30783
30784
30785
30786
30787
30788
30789
31265
31266
31267
31268
31269
31271
31272
31273
31274
31275
31276
31277
31278
31279
31283
31284
31285
31286
31287
31288
31289
31290
31769
31770
31771
31772
31773
31774
31775
31776
31777
31778
31779
31780
31781
31782
31783
31784
31785
31786
31787
31788
31789
31790
31791
31792
31793
31794
31795
31796
31797
32300
32301
32302
32303
32304
32305
32306
32307
32308
32309
32310
32311
32312
32313
32314
32315
32316
32317
32318
32319
32320
32321
32322
32323
32324
32325
32326
32327
32829
32830
32831
32832
32833
32834
32835
32837
32838
32839
32840
32841
32842
32843
32844
32845
32846
32847
32848
32849
32850
32851
32852
32853
32854
32855
32856
33322
33323
33324
33325
33326
33327
33328
33329
33330
33331
33332
33333
33334
33335
33336
33337
33338
33339
33340
33341
33342
33343
33344
33345
33346
33347
33348
33349
33350
33831
33832
33833
33835
33836
33837
33838
33839
33840
33841
33842
33843
33844
33845
33846
33847
33848
33849
33850
33851
33852
33853
33854
34336
34337
34338
34339
34340
34341
34342
34343
34344
34345
34346
34347
34348
34349
34350
34351
34352
34353
34354
34355
34863
34864
34865
34866
34867
34868
34869
34870
34871
34872
34873
34874
34875
34876
34877
34878
34879
34880
34881
35381
35382
35383
35384
35385
35386
35387
35388
35389
35390
35391
35392
35393
35394
35395
35396
35893
35894
35895
35896
35897
35898
35899
35900
35901
35902
35903
35904
36388
36389
36390
36391
36392
36393
36868
36869
36870
37341
37342
37343
37820
37821
38308
38309
38310
38311
38312
38818
38819
38820
38821
38822
39343
39344
39345
39873
39874
39875
39876
39877
39878
40398
40399
40400
40401
40402
40403
40932
40933
40934
40935
40936
40937
41479
41480
41481
42053
42054