366363
366364
366365
366366
366367
366831
366832
366833
366834
367324
367325
367326
367327
367328
367823
367824
367829
367830
367831
367832
367833
368342
368343
368346
368347
368348
368349
368350
368351
368352
368353
368354
368856
368857
368859
368860
368862
368863
368864
368865
368866
369339
369340
369341
369342
369343
369346
369347
369348
369349
369350
369351
369352
369353
369354
369355
369356
369357
369817
369818
369819
369820
369823
369824
369825
369826
369827
369828
369829
369830
369831
369832
369833
369834
369835
370291
370292
370293
370294
370295
370296
370298
370299
370300
370301
370302
370303
370304
370305
370306
370307
370308
370309
370310
370311
370312
370313
370781
370782
370783
370784
370785
370786
370787
370788
370789
370790
370792
370793
370794
370795
370796
370797
370798
370799
370800
370801
370802
370803
370804
370805
370806
371269
371270
371271
371272
371273
371274
371275
371276
371277
371278
371279
371280
371281
371282
371283
371284
371285
371286
371287
371288
371289
371290
371291
371292
371293
371294
371295
371296
371766
371767
371768
371769
371770
371771
371772
371773
371774
371775
371776
371777
371778
371779
371780
371781
371782
371783
371784
371785
371786
371787
372278
372279
372280
372284
372285
372286
372287
372288
372289
372290
372291
372292
372293
372294
372295
372296
372297
372298
372299
372300
372301
372302
372793
372794
372795
372798
372799
372800
372801
372802
372803
372804
372805
372806
372807
372808
372809
372810
372811
372812
372813
372814
372815
372816
372817
373315
373316
373317
373318
373319
373320
373321
373322
373323
373324
373325
373326
373327
373328
373329
373330
373331
373332
373333
373334
373335
373858
373859
373860
373861
373862
373863
373864
373865
373866
373867
373868
373869
373870
373871
373872
374422
374423
374424
374425
374426
374427
374428
374429
374430
374431
374432
374433
374434
374435
375005
375007
375008
375009
375010
375011
375012
375013
375014
375015
375016
375017
375018
375019
375587
375588
375589
375590
375591
375592
375593
375594
375595
375596
375597
375598
375599
375600
375601
375602
375603
375604
375605
375606
375607
375608
375609
376182
376183
376184
376185
376186
376187
376188
376189
376190
376191
376192
376193
376194
376195
376196
376197
376198
376199
376200
376201
376202
376796
376797
376798
376799
376800
376801
376802
376803
376804
376805
376806
376807
376808
376809
376810
376811
376812
376813
377386
377387
377388
377389
377390
377391
377392
377393
377394
377395
377396
377397
377398
377399
377400
377401
377402
377403
377404
377405
377959
377960
377961
377962
377963
377964
377965
377966
377967
377968
377969
377970
377971
377972
378506
378507
378508
378509
378510
378511
378512
378513
378514
378515
378516
378517
378518
378519
378520
379043
379044
379045
379047
379048
379049
379050
379051
379052
379053
379054
379055
379056
379057
379058
379059
379604
379605
379606
379607
379608
379609
379610
379611
379612
379613
379614
379615
379616
379617
379618
379619
380174
380175
380176
380177
380178
380179
380180
380181
380182
380183
380184
380185
380186
380187
380188
380189
380754
380755
380756
380757
380758
380759
380760
380761
380762
380763
380764
380765
380766
380767
380768
380769
381334
381335
381336
381337
381338
381339
381340
381341
381342
381343
381344
381345
381346
381347
381901
381902
381903
381904
381905
381906
381907
381908
381909
381910
381911
381912
381913
382454
382455
382457
382458
382459
382460
382461
382462
382463
382464
382465
383010
383011
383012
383013
383014
383015