285058
285059
285060
285061
285062
285063
285064
285636
285637
285638
285639
285640
285641
285642
285643
286177
286178
286179
286180
286181
286182
286702
286703
286704
286705
286706
286707
286708
286709
287212
287213
287214
287215
287216
287217
287218
287219
287220
287221
287222
287726
287727
287728
287729
287730
287731
287732
287733
287734
288250
288251
288252
288253
288254
288255
288256
288257
288258
288259
288765
288771
288772
288773
288774
288775
288776
288777
288778
288779
288780
288781
289258
289259
289260
289261
289262
289264
289265
289266
289267
289268
289269
289270
289271
289272
289273
289274
289275
289730
289731
289732
289733
289734
289735
289736
289737
289738
289739
289740
289741
289742
289743
289744
289745
289746
289747
289748
289749
289750
289751
289752
290229
290230
290231
290232
290233
290234
290235
290236
290237
290238
290239
290240
290241
290242
290243
290244
290245
290246
290247
290248
290721
290722
290723
290724
290725
290726
290727
290728
290730
290731
290732
290733
290734
290735
290736
290737
290738
290739
290740
290741
290742
291189
291190
291191
291192
291193
291194
291195
291197
291198
291199
291200
291201
291202
291203
291204
291205
291658
291659
291660
291661
291662
291663
291664
291665
291669
291670
291671
292145
292146
292147
292148
292149
292150
292151
292152
292156
292157
292158
292159
292644
292645
292646
292647
292648
292649
292650
292651
292655
292656
292657
292658
292659
293153
293154
293155
293156
293157
293158
293164
293165
293166
293167
293168
293169
293170
293659
293660
293661
293665
293666
293667
293668
293669
293670
293671
293672
294164
294165
294171
294172
294173
294174
294175
294176
294177
294178
294179
294646
294647
294648
294649
294650
294651
294652
294653
294658
294659
294660
294661
294662
294663
294664
294665
294666
294667
295122
295123
295124
295125
295126
295127
295128
295134
295135
295136
295137
295138
295139
295140
295609
295610
295613
295614
295618
295619
295621
295622
295623
295624
296084
296085
296086
296087
296091
296092
296093
296096
296097
296100
296101
296102
296103
296562
296563
296564
296565
296566
296567
296571
296572
296575
296576
296577
296579
297052
297053
297054
297055
297056
297057
297058
297059
297060
297062
297063
297064
297065
297066
297068
297069
297070
297559
297560
297561
297562
297563
297564
297565
297566
297567
297568
297570
297571
297572
297574
297575
297576
298071
298072
298073
298074
298075
298076
298077
298078
298079
298080
298597
298598
298599
298600
298601
298602
298603
298604
298605
298606
299109
299110
299111
299112
299113
299114
299634
299635
299636
299637
299638
300138
300139
300140
300141
300142
300143
300144
300678
300679
300680
300681
300682
300683
300684
300685
301216
301217
301218
301219
301220
301221
301222
301223
301768
301769
301770
301771
301772
302289
302290
302291
302292
302293
302829
302830
302831
302832
302833
303367
303368
303369
303370
303371
303372
303917
303918
303919
303920
303921
304460
304461
304462
304463
304464
305019
305020
305021
305022
305023
305024
305025
305026
305027
305028
305029
305562
305563
305564
305565
305566
305567
305568
305569
305570
305571
305572
305573
305574
306122
306123
306124
306125
306126
306127
306128
306129
306130
306131
306132
306671
306672
306673
306674
306675
306676
306677
306678
306679
306680
306681
306682
307227
307228
307229
307230
307231
307232
307233
307234
307235
307236
307237
307771
307772
307773
307774
307775
307776
307777
307778
307779
307780
308324
308327
308328
308329
308330
308331
308875
308876