310
311
312
313
314
315
316
317
318
319
769
775
776
777
778
779
780
781
783
784
785
1211
1217
1218
1219
1220
1221
1222
1223
1224
1225
1226
1634
1635
1636
1637
1638
1640
1641
1642
1643
1644
1645
1646
1647
1648
1649
1650
1652
2041
2042
2043
2044
2045
2047
2048
2049
2050
2051
2052
2053
2054
2055
2056
2057
2450
2451
2452
2453
2454
2455
2456
2457
2458
2459
2460
2461
2462
2463
2464
2465
2466
2468
2469
2470
2471
2862
2863
2864
2865
2866
2867
2868
2869
2870
2871
2872
2873
2874
2875
2876
2877
2878
2879
2880
2881
2882
2883
2884
3278
3279
3280
3281
3282
3283
3284
3285
3286
3287
3288
3289
3290
3291
3292
3293
3294
3295
3296
3648
3649
3650
3651
3652
3653
3654
4023
4024
4025
4026
4027
4028
4029
4030
4416
4417
4418
4419
4420
4421
4422
4423
4424
4827
4828
4832
4833
4835
5243
5244
5245
5246
5247
5248
5249
5250
5252
5253
5684
5685
5686
5687
5688
5689
5690
5691
5693
5694
5695
5696
5697
5698
6132
6133
6134
6135
6136
6137
6138
6139
6140
6141
6142
6143
6144
6145
6146
6147
6148
6601
6602
6603
6604
6605
6606
6607
6608
6609
6610
6611
6612
6613
6614
6615
6616
6617
6618
6619
6620
7078
7079
7080
7081
7082
7083
7084
7085
7086
7087
7088
7089
7090
7091
7092
7093
7094
7095
7096
7097
7098
7099
7586
7587
7588
7589
7590
7591
7592
7593
7594
7595
7596
7597
7598
7599
7600
7601
7602
7603
7604
8095
8096
8097
8098
8099
8100
8101
8102
8103
8104
8105
8106
8107
8108
8109
8110
8111
8112
8114
8591
8592
8593
8594
8595
8596
8597
8598
8599
8600
8601
8602
8603
8604
8605
8606
8607
8608
8609
8611
8612
9091
9092
9093
9094
9095
9096
9097
9098
9099
9100
9101
9102
9103
9104
9105
9106
9107
9108
9109
9110
9111
9112
9113
9621
9622
9623
9624
9625
9626
9627
9628
9629
9630
9631
9632
9633
9634
9635
10162
10163
10164
10165
10166
10167
10168
10169
10170
10172
10173
10174
10714
10715
10716
10717
10718
10719
10720
10721
10722
10726
10727
10728
10729
10730
10731
11263
11273
11274
11275
11276
11277
11839
11840
11849
11850
11851
11852
12429
12430
12431
12432
12433
13016
13017
13018
13019
13020
13605
13606
13607
13608
14207
14208
14794
14795
15379
15380
15941
497074
497075
497553
497554
498029
498030
498031
498032
498033
498034
498037
498038
498528
498529
498530
498531
498532
498536
498537
498538
499040
499041
499042
499043
499045
499046
499047
499048
499049
499549
499550
499551
499552
499553
499554
499555
499556
499557
499558
499559
499560
499561
499562
500082
500083
500084
500085
500086
500087
500088
500089
500090
500091
500092
500093
500094
500611
500612
500613
500614
500615
500616
500617
500618
500619
500620
501136
501137
501138
501139
501140
501141
501142
501143
501144
501145
501146
501147
501655
501656
501657
501659
501660
501661
501663
501664
501665
502147
502150
502151
502601
502602
502603
503058
503059
503060
503061
503062
503517
503518
503519
503520
503521