181091
181092
181093
181094
181095
181751
181752
181753
181754
181755
182390
182391
182395
182396
182397
182398
182399
182400
182401
182402
182403
182404
182405
183026
183027
183028
183029
183030
183032
183033
183034
183035
183036
183037
183038
183039
183040
183041
183652
183653
183654
183655
183656
183657
183658
183659
183660
183661
183662
183663
183664
183665
183666
183667
183668
183669
184237
184238
184239
184240
184241
184242
184243
184244
184245
184246
184247
184248
184249
184250
184251
184252
184253
184254
184255
184256
184257
184845
184846
184847
184848
184849
184850
184851
184852
184853
184854
184855
184856
184857
184858
184859
184860
184861
184862
184863
184864
185476
185477
185478
185479
185480
185481
185482
185483
185484
185485
185486
185487
185488
185489
185490
185491
185492
185493
185494
185495
185496
185497
185498
185499
186114
186115
186116
186117
186118
186119
186120
186121
186122
186123
186124
186125
186126
186127
186128
186129
186130
186131
186132
186133
186134
186135
186746
186747
186748
186749
186750
186751
186752
186753
186754
186755
186756
186757
186758
186759
186760
186761
186762
186763
186764
186765
186766
186767
186768
186769
186770
186771
186772
186773
186774
186775
187370
187371
187372
187373
187374
187375
187376
187377
187378
187379
187380
187381
187382
187383
187384
187385
187386
187387
187388
187389
187390
187391
187392
187393
187394
187395
187396
187397
187398
187399
187400
187401
187402
187976
187977
187978
187979
187980
187981
187982
187983
187984
187985
187986
187987
187988
187989
187990
187991
187992
187993
187994
187995
187996
187997
187998
187999
188000
188001
188002
188003
188004
188005
188006
188007
188008
188009
188585
188586
188587
188588
188589
188590
188591
188592
188593
188594
188595
188596
188597
188598
188599
188600
188601
188602
188603
188604
188605
188606
188607
188608
188609
188610
188611
188612
188613
188614
188615
188616
188617
188618
188619
188620
189203
189204
189205
189206
189207
189208
189209
189210
189211
189212
189213
189214
189215
189216
189217
189218
189219
189220
189221
189222
189223
189224
189225
189226
189227
189228
189229
189230
189231
189790
189791
189792
189793
189794
189795
189796
189797
189798
189799
189800
189801
189803
189804
189805
189806
189807
189808
189809
189810
189811
189812
189813
189814
189815
189816
189817
189818
190364
190365
190366
190367
190368
190369
190370
190371
190372
190373
190374
190375
190376
190377
190378
190380
190381
190382
190383
190384
190385
190386
190387
190388
190390
190391
190392
190393
190394
190395
190936
190937
190938
190939
190941
190942
190943
190944
190945
190946
190947
190948
190949
190950
190951
190952
190953
190954
190955
190956
190957
190958
190959
190960
190962
190963
190964
190965
191501
191502
191503
191504
191505
191507
191508
191509
191510
191511
191513
191514
191515
191516
191517
191520
191521
191522
191523
191524
191525
191526
191527
191528
191529
191530
192083
192084
192085
192087
192088
192089
192090
192091
192092
192093
192094
192095
192096
192097
192098
192099
192100
192646
192647
192648
192649
192650
192651
192652
192653
192654
192655
192656
193210
193211
193212
193213
193214
193215
193216
193217
193218
193755
193756
193757
193759
193760
194320
194321
194322
194323
194324
194887
194888
194889
194890
194891
194892
195425
195426
195427
195428
195429
195430
195961
195962
195963
195964
196480
196481
196482
196483
196484
197006
197007
197008
197009
197010
197525
197526
197527
197528
198085
198086
198087
198088
198634
199228