299091
299094
299610
299611
299612
299613
299614
299615
299616
299617
299618
299619
300112
300113
300114
300115
300116
300117
300118
300119
300120
300121
300644
300646
300647
300648
300649
300650
300651
300652
300653
300654
300655
300656
300657
300658
300659
300660
301182
301183
301184
301185
301186
301187
301188
301189
301190
301191
301192
301193
301194
301195
301196
301197
301738
301739
301740
301741
301742
301743
301744
301745
301746
301747
301748
301749
301750
301751
301752
302261
302262
302263
302264
302265
302266
302267
302268
302269
302270
302271
302281
302282
302804
302805
302806
302807
302808
302809
302810
302811
302812
302813
302814
302819
302820
302821
302822
302823
303343
303344
303345
303346
303347
303348
303349
303350
303353
303354
303355
303356
303357
303358
303359
303884
303885
303886
303887
303888
303889
303890
303891
303892
303893
303894
303895
303896
303897
303898
303899
303900
303901
303902
303903
304433
304434
304435
304436
304437
304438
304439
304440
304441
304442
304443
304444
304445
304446
304447
304448
304990
304991
304992
304993
304994
304995
304996
304997
304998
304999
305000
305001
305003
305004
305005
305537
305538
305539
305540
305541
305542
305543
305544
305545
305546
305547
305548
305549
305550
305551
305552
306091
306092
306093
306094
306095
306096
306097
306098
306099
306100
306101
306102
306103
306104
306105
306106
306635
306637
306638
306639
306640
306641
306642
306643
306644
306645
306646
306647
306648
306649
306650
306651
306652
306653
306654
307182
307183
307184
307185
307186
307187
307188
307189
307190
307191
307192
307193
307194
307195
307196
307197
307198
307199
307200
307201
307202
307203
307204
307205
307206
307207
307208
307211
307723
307724
307725
307726
307727
307728
307729
307730
307731
307732
307733
307734
307735
307736
307737
307738
307739
307740
307741
307742
307743
307744
307745
307746
307747
307748
307749
307750
307751
307753
308273
308274
308275
308276
308277
308278
308279
308280
308281
308282
308283
308284
308285
308286
308287
308288
308289
308290
308291
308292
308293
308294
308295
308296
308297
308298
308299
308300
308301
308302
308303
308304
308305
308821
308822
308823
308824
308825
308826
308827
308828
308829
308830
308831
308832
308833
308834
308835
308836
308837
308838
308839
308840
308841
308842
308843
308844
308845
308846
308847
308848
308849
308850
308851
308852
309370
309372
309373
309374
309375
309376
309377
309378
309379
309380
309381
309382
309383
309384
309385
309386
309387
309388
309389
309390
309391
309392
309393
309394
309395
309396
309908
309909
309910
309911
309912
309913
309914
309915
309916
309917
309918
309919
309920
309921
309922
309923
309924
309925
309926
309927
309928
309929
309930
309931
310459
310460
310461
310462
310463
310464
310465
310466
310467
310468
310469
310470
310471
310472
310473
310474
310475
311003
311004
311005
311006
311007
311008
311009
311010
311011
311012
311013
311014
311015
311016
311017
311541
311542
311543
311544
311545
311546
311547
311548
311549
311550
311551
311552
311553
311554
311555
311556
311557
311558
311559
311560
311561
311562
312070
312071
312072
312073
312074
312075
312076
312077
312078
312079
312080
312081
312082
312083
312084
312085
312086
312087
312088
312089
312572
312573
312574
312575
312576
312577
312578
312579
312580
312581
312582
312583
312584
312585
312586
312587
312588
312589
313043
313044
313045
313050
313051
313519
313520
313521
313522
313523
313531
313998
313999
314000
314002
314010
314462
314463
314464
314465