70346
70892
70893
70894
70895
71450
71451
72009
72010
72011
72012
72013
72014
72586
72587
72589
72590
72591
73141
73142
73143
73144
73145
73146
73147
73714
73715
73716
73717
73718
73719
74272
74273
74274
74275
74276
74277
74823
74824
74825
74826
75391
75392
75393
75394
75395
75396
75988
75989
75990
75991
75992
75993
76555
76556
76557
76558
76559
76560
76561
76562
76563
77119
77121
77122
77124
77125
77126
77127
77679
77680
77681
77682
77683
77686
78257
78258
78259
78260
78261
78852
78853
78854
78855
79441
79442
79443
79444
79445
80033
80034
80035
80036
80037
80038
80039
80040
80622
80623
80624
80625
80626
80627
80628
80629
81208
81209
81210
81211
81212
81213
81214
81215
81750
81751
81752
81753
81754
81755
81756
81757
82342
82343
82344
82345
82346
82347
82348
82349
82350
82351
82352
82353
82932
82933
82936
82937
82938
82939
82940
82941
82942
82943
82944
82945
82946
82947
83506
83507
83508
83509
83510
83511
83512
83513
83514
83515
83516
83517
83518
83519
84063
84064
84065
84066
84067
84068
84069
84070
84071
84072
84073
84074
84075
84076
84638
84639
84640
84641
84642
84643
84644
84645
84646
84647
84648
84649
84650
84651
84652
84653
85202
85203
85204
85205
85206
85207
85208
85209
85210
85211
85212
85213
85214
85215
85216
85217
85218
85219
85220
85776
85777
85778
85779
85780
85781
85782
85783
85784
85785
85786
85787
85788
85789
85790
85791
85792
85793
86328
86329
86330
86331
86332
86333
86334
86335
86336
86337
86338
86339
86340
86341
86342
86343
86344
86345
86346
86347
86348
86349
86350
86889
86890
86891
86892
86893
86894
86895
86896
86897
86898
86899
86900
86901
86902
86903
86904
86905
86906
86907
86908
86909
86910
86911
86912
86913
86914
86915
86916
86917
86918
86919
87436
87437
87438
87439
87440
87441
87442
87443
87444
87445
87446
87447
87448
87449
87450
87451
87452
87453
87454
87455
87456
87457
87458
87459
87460
87461
87462
87463
87955
87956
87957
87958
87959
87960
87961
87962
87963
87964
87965
87966
87967
87968
87969
87970
87971
87972
87973
87974
87975
87976
87977
87978
87979
88471
88472
88473
88474
88475
88476
88477
88478
88479
88480
88481
88482
88483
88484
88485
88486
88487
88488
88489
88490
88491
88492
88493
88494
88495
88496
88497
88498
88499
89010
89011
89012
89013
89014
89015
89017
89018
89019
89020
89021
89022
89023
89024
89025
89026
89027
89028
89029
89030
89031
89032
89515
89516
89517
89518
89519
89520
89521
89522
89524
89525
89526
89527
89528
89529
89530
89531
89532
89533
89534
89535
89536
90047
90048
90049
90050
90051
90052
90053
90055
90056
90057
90058
90059
90060
90061
90062
90063
90064
90065
90066
90067
90068
90069
90070
90577
90578
90579
90580
90581
90582
90583
90584
90585
90586
90587
90588
90595
90596
90597
90601
90602
90603
90604
91126
91127
91128
91129
91130
91131
91132
91133
91134
91145
91146
91151
91152
91153
91693
91694
91695
91696
91697
91700
91713
91720
91721
91722
92259
92260
92261
92262
92263
92264
92268
92269
92288
92289
92838
92839
92840
92841
92842
92843
92867
93433
93434
93435
93436
93437
94065
94066
94068
94673
94674