346794
346795
346798
347345
347346
347347
347348
347349
347350
347351
347352
347926
347927
347928
347929
347930
347931
347932
347933
347934
347935
348502
348503
348504
348505
348506
348507
348508
348509
348510
348511
348512
349102
349103
349104
349105
349106
349107
349108
349109
349110
349111
349112
349704
349705
349712
349713
349714
349715
349716
349717
349718
349719
349720
349721
349722
349723
349724
350304
350305
350312
350313
350314
350315
350316
350317
350318
350319
350320
350321
350322
350869
350870
350875
350876
350881
350882
350883
350884
350885
350886
350887
350888
350889
350890
350891
351439
351440
351445
351446
351451
351452
351453
351454
351455
351456
351457
351458
351459
352000
352001
352002
352003
352004
352005
352006
352007
352008
352014
352015
352016
352017
352018
352019
352020
352021
352022
352023
352024
352025
352557
352558
352559
352560
352561
352562
352563
352564
352565
352566
352572
352573
352574
352575
352576
352577
352578
352579
352580
352581
352582
352583
352584
352585
353116
353117
353118
353119
353120
353121
353122
353123
353124
353125
353128
353129
353130
353131
353132
353133
353134
353135
353136
353137
353138
353139
353140
353141
353142
353143
353707
353708
353709
353710
353711
353712
353713
353714
353715
353716
353717
353718
353719
353720
353721
353722
353723
353724
353725
353726
353727
353728
353729
353730
353731
353732
353733
353734
354279
354280
354281
354282
354283
354284
354285
354286
354287
354288
354289
354290
354291
354292
354293
354294
354295
354296
354297
354298
354299
354300
354301
354302
354303
354304
354305
354306
354307
354308
354309
354310
354311
354312
354313
354878
354879
354880
354881
354882
354883
354884
354885
354886
354887
354888
354889
354890
354891
354892
354893
354894
354895
354896
354897
354898
354899
354900
354901
354902
354903
354904
354905
354906
355490
355491
355492
355493
355494
355495
355496
355497
355498
355499
355500
355501
355502
355503
355504
355505
355506
355507
355508
355510
355511
355512
355513
356080
356082
356083
356084
356085
356086
356087
356088
356089
356090
356091
356092
356093
356094
356095
356096
356097
356098
356100
356101
356659
356660
356661
356662
356663
356664
356665
356666
356667
356668
356669
356670
356671
356672
356673
356674
356675
356676
356677
356678
356679
356680
357221
357222
357226
357227
357228
357229
357230
357231
357232
357233
357234
357235
357236
357237
357785
357786
357792
357793
357794
357795
357796
357797
357798
357799
357800
357801
358331
358332
358337
358338
358339
358340
358341
358342
358343
358871
358872
358873
358874
358875
358876
358877
358878
358879
358880
359405
359406
359407
359408
359409
359410
359411
359412
359413
359414
359415
359939
359940
359941
359942
359943
359944
359945
359946
359947
360440
360441
360442
360443
360444
360445
360446
360447
360448
360933
360934
360935
360936
360937
360938
360939
360940
361433
361434
361435
361436
361437
361438
361439
361440
361441
361442
361443
361953
361954
361955
361956
361957
361958
361959
361960
361961
361962
361963
361964
361965
362488
362489
362490
362491
362492
362493
362496
362497
362498
362499
362500
363010
363011
363012
363013
363014
363015
363019
363020
363021
363022
363023
363513
363514
363515
363516
363517
363518
363519
363523
364033
364034
364035
364036
364551
364552
364553
365060
365541
365542
365544
366011
366013
366014
366015
366016
366017
366493
366494
366495
366497
366499
366990
366991
366992
366993
366994
366995
367503
367504
367505
367506
368003
368004
368005
368519
368520