418254
418255
418256
418257
418748
418749
418750
418751
419257
419258
419259
419260
419735
419736
419737
420234
420235
420236
420722
420723
420724
420725
420726
420727
420728
420729
420730
420742
420743
421207
421208
421209
421210
421211
421212
421213
421214
421221
421222
421223
421675
421676
421677
421678
421679
421680
421681
421682
421683
421684
421688
421689
421690
421691
422141
422142
422143
422144
422145
422146
422147
422148
422150
422151
422152
422153
422154
422155
422156
422157
422158
422159
422160
422161
422162
422163
422595
422596
422597
422598
422599
422600
422602
422603
422604
422605
422606
422607
422608
422609
422610
422611
422612
422613
423074
423075
423076
423077
423078
423079
423081
423082
423083
423084
423085
423086
423087
423088
423089
423090
423091
423092
423550
423551
423552
423553
423554
423555
423557
423558
423559
423560
423561
423562
423563
423564
423565
423566
423567
423568
424021
424022
424023
424025
424026
424027
424028
424029
424030
424031
424032
424033
424034
424035
424036
424037
424503
424507
424508
424509
424510
424511
424512
424513
424514
424515
424516
424517
424518
424519
424520
424974
424975
424976
424977
424978
424983
424984
424985
424986
424987
424988
424989
424990
424991
424992
424993
424994
424995
425462
425463
425464
425465
425470
425471
425472
425473
425474
425475
425476
425477
425478
425479
425943
425949
425950
425951
425953
425954
425956
425957
425958
425959
426446
426447
426448
426450
426451
426454
426455
426456
426457
426458
426459
426971
426972
426973
426974
426975
426977
426979
426980
426981
426982
426983
426984
426985
426986
426987
426988
426989
426990
427508
427509
427510
427511
427512
427513
427517
427518
427519
427520
427521
427522
427523
427524
428022
428023
428024
428025
428026
428027
428029
428030
428031
428032
428033
428034
428035
428036
428037
428038
428039
428040
428542
428543
428544
428545
428546
428547
428548
428549
428550
428551
428552
428553
428554
428555
428556
428557
428558
428559
428560
428561
428562
429063
429064
429065
429066
429067
429068
429069
429070
429071
429072
429073
429074
429075
429076
429077
429078
429079
429080
429081
429082
429083
429600
429601
429602
429603
429604
429605
429606
429607
429608
429609
429610
429611
429612
429613
429614
429615
429616
429618
429619
429620
429621
430163
430164
430165
430166
430167
430168
430169
430170
430171
430172
430173
430174
430175
430685
430686
430687
430688
430689
430690
430691
430692
430693
430694
430695
430696
430697
430698
430699
431219
431220
431221
431222
431223
431224
431225
431226
431227
431228
431229
431230
431231
431232
431233
431741
431742
431743
431745
431746
431747
431748
431749
431750
431751
431755
431756
432242
432246
432247
432248
432249
432250
432251
432252
432255
432256
432257
432258
432259
432770
432771
432772
432773
432774
432775
432776
432777
432778
432779
432780
432781
432782
432783
433290
433291
433292
433293
433294
433295
433296
433297
433298
433299
433300
433301
433302
433303
433304
433808
433809
433810
433811
433812
433813
433814
433815
434301
434302
434303
434304
434305
434306
434307
434308
434793
434795
434796
434797
434798
434799
435304
435305
435306
435307
435308
435790
435791
435792
435793
435794
435795
436255
436256
436257
436258
436259
436260
436261
436262
436708
436709
436710
436711
436712
436713
436714
437144
437145
437146
437147
437148
437607
437608
437609
438053
438054
438055
438056
438057
438058
438509
438510
438511
438512
438513
438948
438949
439387
439388
439389
439390
439804
439805
440190