470035
470036
470037
470038
470039
470279
470280
470282
470283
470284
470285
470286
470287
470288
470289
470290
470291
470523
470524
470525
470526
470527
470528
470529
470530
470531
470532
470533
470534
470535
470536
470537
470779
470780
470781
470782
470783
470784
470785
470786
470787
470788
470789
470790
470791
470792
470793
470794
470795
470796
470797
470798
470799
471056
471057
471058
471059
471060
471061
471062
471063
471064
471065
471066
471067
471068
471069
471070
471071
471072
471073
471074
471075
471076
471330
471331
471332
471333
471334
471335
471336
471337
471338
471339
471340
471341
471342
471343
471344
471345
471346
471606
471607
471608
471609
471610
471611
471612
471613
471614
471615
471616
471617
471618
471619
471620
471621
471622
471623
471624
471626
471855
471856
471857
471858
471859
471860
471861
471862
471863
471864
471865
471866
471867
471868
471869
471870
471871
471872
471873
471874
471875
471876
471877
471878
471879
471880
472133
472134
472135
472136
472137
472138
472139
472140
472141
472142
472143
472144
472145
472146
472147
472148
472149
472150
472151
472152
472153
472154
472155
472156
472157
472431
472432
472433
472434
472435
472436
472437
472438
472439
472440
472441
472442
472443
472444
472445
472446
472447
472448
472449
472450
472451
472452
472453
472454
472731
472732
472733
472734
472735
472736
472737
472738
472739
472740
472741
472742
472743
472744
472745
472746
472747
472748
472749
472751
472752
472753
472754
473031
473032
473033
473034
473035
473036
473037
473038
473039
473040
473041
473042
473043
473044
473045
473046
473047
473048
473049
473050
473051
473052
473053
473054
473055
473056
473334
473335
473336
473337
473338
473339
473340
473341
473342
473343
473344
473345
473346
473347
473348
473349
473350
473351
473352
473353
473354
473355
473356
473357
473358
473359
473640
473641
473642
473643
473644
473645
473646
473647
473648
473649
473650
473651
473652
473653
473654
473655
473656
473657
473658
473659
473660
473661
473662
473663
473965
473968
473969
473970
473971
473972
473973
473974
473975
473976
473977
473978
473979
473980
473981
473982
473983
473984
473985
473986
473987
473988
474286
474287
474288
474289
474290
474291
474292
474293
474294
474295
474296
474297
474298
474299
474300
474301
474303
474304
474305
474306
474609
474610
474611
474612
474613
474614
474615
474616
474617
474618
474619
474620
474621
474622
474623
474624
474625
474626
474627
474628
474629
474630
474631
474632
474633
474926
474927
474928
474929
474930
474931
474932
474933
474934
474935
474936
474937
474938
474939
474940
474941
474942
474943
474944
474945
474946
474947
474948
475252
475253
475254
475255
475256
475257
475258
475259
475260
475261
475262
475263
475264
475265
475266
475267
475268
475269
475270
475271
475272
475273
475274
475275
475276
475277
475278
475279
475592
475593
475594
475595
475596
475597
475598
475599
475600
475601
475602
475603
475604
475605
475606
475607
475608
475609
475610
475611
475918
475919
475920
475921
475922
475923
475924
475925
475926
475927
475928
475929
475930
475931
475932
475933
475934
475935
475936
475937
475938
476254
476255
476256
476257
476258
476259
476260
476261
476262
476263
476264
476265
476266
476601
476602
476603
476604
476605
476606
476607
476608
476609
476610
476611
476962
476963
476964
476965
476966
476967
476968
477316
477317
477318
477319
477320
477321
477322
477323
477682
477683
477684
477685
477686
477687
477688
477689
477690
478058
478059
478060
478061
478062
478427
478428
478429