324499
324500
325017
325018
325019
325020
325021
325544
325545
325546
325547
325548
325549
325550
325551
326061
326062
326064
326065
326066
326067
326068
326069
326070
326071
326573
326574
326575
326576
326577
326578
326579
326580
326581
326582
326583
326584
326585
326586
327084
327085
327086
327087
327088
327089
327090
327091
327092
327093
327094
327095
327096
327097
327098
327099
327603
327604
327605
327606
327607
327608
327609
327610
327611
327612
327613
327614
327615
327627
327628
327629
327630
328132
328133
328134
328135
328136
328137
328138
328139
328140
328141
328148
328150
328151
328152
328153
328154
328155
328156
328157
328629
328630
328631
328634
328635
328636
328638
328639
328647
328648
328649
328650
328651
328652
328653
328654
328655
328656
328657
329107
329108
329109
329110
329111
329112
329113
329114
329122
329123
329124
329125
329126
329127
329128
329129
329130
329131
329132
329133
329569
329570
329571
329572
329573
329574
329575
329576
329583
329584
329585
329586
329587
329588
329589
329590
329591
329592
329593
329594
330019
330020
330021
330022
330023
330024
330025
330026
330027
330028
330029
330030
330032
330033
330034
330035
330036
330037
330038
330039
330040
330041
330042
330043
330478
330479
330481
330482
330483
330484
330485
330486
330487
330488
330489
330490
330491
330492
330493
330494
330495
330496
330497
330498
330499
330500
330501
330951
330952
330954
330955
330956
330957
330958
330959
330960
330961
330962
330963
330964
330965
330966
330967
330968
330969
330970
330971
330972
330973
330974
330975
330976
331419
331420
331421
331423
331424
331425
331426
331427
331428
331429
331430
331431
331432
331433
331434
331435
331436
331437
331438
331439
331440
331441
331442
331443
331444
331445
331446
331447
331893
331896
331897
331898
331899
331900
331901
331902
331904
331905
331906
331907
331908
331909
331910
331911
331912
331913
331914
331915
331916
331917
331918
331919
331920
331921
332375
332377
332378
332379
332381
332387
332388
332389
332390
332391
332392
332393
332394
332395
332396
332397
332398
332399
332400
332401
332402
332403
332404
332859
332860
332871
332872
332873
332874
332875
332876
332877
332878
332879
332880
332881
332882
332883
332884
332885
332886
332887
333371
333372
333373
333374
333375
333376
333377
333378
333379
333380
333381
333382
333383
333384
333385
333843
333844
333845
333846
333847
333849
333850
333851
333852
333853
333854
333855
333856
333857
334294
334295
334296
334297
334298
334299
334300
334301
334302
334303
334304
334305
334306
334307
334308
334757
334758
334759
334760
334761
334762
334763
334764
334765
334766
334767
334768
334769
334770
334771
334772
334773
335220
335221
335222
335223
335224
335225
335226
335227
335228
335229
335230
335231
335232
335233
335234
335679
335680
335681
335682
335683
335684
335685
335686
335687
335688
335689
335690
335691
335692
335693
336135
336136
336137
336138
336139
336140
336141
336142
336143
336144
336145
336146
336147
336614
336615
336616
336617
336618
336619
336620
336621
336622
336623
336624
336625
336626
336627
336628
336629
336630
336631
337101
337102
337103
337104
337105
337106
337107
337108
337109
337110
337111
337112
337113
337114
337115
337617
337618
337619
337620
337621
337622
337623
337624
337625
337626
337627
337628
337629
338156
338157
338158
338159
338160
338161
338162
338163
338164
338165
338166
338167
338696
338697
338698
338699
338700
338701
338702
338703
338704
338705
339235
339238
339239
339240
339241
339762
339763
339764
340294
340295