410895
410896
410897
411349
411350
411351
411809
411810
412293
412294
412295
412296
412297
412298
412299
412777
412778
412779
412780
412781
413254
413255
413256
413257
413258
413259
413263
413752
413753
413754
413755
413756
413757
413758
413759
413760
413761
413762
414251
414252
414253
414254
414255
414256
414257
414258
414259
414260
414261
414262
414753
414754
414755
414756
414757
414758
414759
414760
414761
414762
414763
414764
414765
415279
415281
415284
415285
415286
415287
415288
415289
415290
415291
415292
415293
415294
415295
415296
415297
415298
415805
415809
415810
415811
415812
415813
415814
415816
415817
415818
415819
415820
415821
415822
415823
415824
416340
416341
416342
416343
416344
416345
416346
416347
416348
416349
416350
416351
416352
416353
416354
416355
416356
416357
416358
416359
416360
416856
416858
416859
416860
416861
416862
416863
416864
416865
416866
416867
416868
416869
416870
416871
416872
417326
417327
417328
417329
417330
417331
417332
417333
417334
417335
417336
417337
417338
417339
417797
417798
417799
417800
417801
417802
417803
417804
417805
417806
417807
417808
417809
418272
418273
418274
418275
418276
418277
418278
418279
418280
418281
418282
418283
418284
418285
418766
418767
418768
418769
418770
418771
418772
418773
418774
418775
418776
418777
418778
418779
418780
418781
418782
418783
418784
418785
419276
419277
419278
419279
419280
419281
419283
419284
419285
419286
419287
419288
419289
419291
419292
419754
419755
419756
419757
419758
419759
419760
419761
419763
419764
419765
419766
419767
419768
419769
419770
419771
420255
420256
420257
420258
420259
420260
420261
420262
420263
420264
420265
420266
420267
420268
420269
420748
420749
420750
420751
420752
420753
420754
420755
420756
420757
420758
420759
420760
420761
420762
420763
420764
420765
420766
420767
421226
421227
421228
421229
421230
421231
421232
421234
421235
421236
421237
421238
421239
421240
421241
421242
421243
421244
421696
421697
421698
421702
421703
421704
421705
421706
421707
421708
421709
421710
421711
422165
422166
422174
422175
422176
422177
422178
422179
422180
422181
422182
422624
422625
422626
422627
422628
422629
422630
422631
422632
422633
423100
423101
423102
423103
423104
423105
423106
423107
423108
423574
423575
423576
423577
423578
423579
423580
423581
423582
423583
424046
424047
424048
424049
424050
424051
424052
424053
424055
424056
424529
424530
424531
424532
424533
424534
424535
424536
424537
424538
424539
424540
424541
425003
425004
425005
425006
425007
425008
425009
425010
425011
425012
425013
425014
425015
425486
425487
425488
425489
425490
425491
425492
425493
425494
425495
425496
425497
425498
425966
425967
425968
425969
425970
425971
425972
425973
425974
425975
426459
426465
426466
426467
426468
426469
426470
426471
426472
426473
426474
426988
426989
426990
426992
426995
426996
426997
426998
426999
427000
427001
427002
427003
427523
427524
427526
427527
427528
427529
427530
427531
427532
427533
427534
428038
428039
428040
428041
428042
428043
428044
428045
428046
428047
428048
428561
428562
428563
428564
428565
428566
428567
428568
428569
428570
429082
429083
429084
429085
429086
429087
429088
429089
429617
429618
429619
429620
429621
430176
430177
430178
430179
430180
430181
430700
430701
430702
430703
430704
431234
431235
431236
431237
431238
431239
431752
431753
431754
431755
431756
432253
432254
432255
432256
432257
432258
432259
432779
432780
432781
432782
432783
433299
433300
433301
433302
433303
433304