7710
7711
7712
7713
7714
8226
8228
8229
8230
8231
8232
8717
8718
8719
8720
8721
8722
9222
9223
9224
9225
9226
9227
9228
9750
9752
9753
9754
9755
10293
10295
10296
10846
10847
10848
10849
11400
11401
11402
11403
11404
11405
11406
11407
11974
11975
11976
11977
11978
11981
11982
11983
11984
12552
12553
12554
12555
12556
12557
12558
12559
12560
12561
12562
12563
13143
13144
13145
13146
13147
13148
13149
13150
13151
13152
13153
13739
13740
13741
13742
13743
13744
13745
13746
14326
14327
14340
14341
14342
14343
14344
14345
14346
14921
14922
14923
14924
14928
14929
14930
14931
14932
14933
15508
15511
15512
15513
15515
15516
15517
15518
15519
15520
15521
16072
16074
16075
16081
16082
16083
16084
16085
16086
16087
16088
16089
16090
16091
16092
16093
16652
16653
16654
16655
16656
16657
16658
16659
16660
16661
16662
16663
16664
16665
16666
16667
16668
16669
16670
16671
16672
16673
16674
16675
16676
16677
16678
16679
16680
16681
17229
17230
17231
17232
17233
17234
17235
17236
17237
17238
17239
17240
17241
17242
17243
17244
17245
17246
17247
17248
17249
17250
17251
17252
17253
17254
17255
17256
17257
17258
17810
17811
17812
17813
17814
17815
17816
17817
17818
17819
17820
17821
17822
17823
17824
17825
17826
17827
17828
17829
17830
17831
17832
17833
17834
17835
17836
17837
18352
18354
18355
18356
18357
18358
18359
18360
18361
18362
18363
18364
18365
18366
18367
18368
18369
18370
18371
18372
18373
18374
18375
18376
18377
18378
18379
18902
18903
18904
18905
18906
18907
18908
18909
18910
18911
18912
18913
18914
18915
18916
18917
18918
18919
18920
18921
18922
18923
18924
18925
18926
18927
18928
18929
18930
19449
19450
19451
19452
19453
19454
19455
19456
19457
19458
19459
19460
19461
19462
19463
19464
19465
19466
19467
19468
19469
19470
19471
19472
19473
19474
19475
19994
19995
19996
19998
19999
20000
20001
20002
20003
20004
20005
20006
20007
20008
20009
20010
20011
20012
20013
20014
20015
20016
20017
20018
20019
20020
20561
20562
20563
20565
20566
20567
20568
20569
20570
20571
20572
20573
20574
20575
20576
20577
20578
20579
20580
20581
20582
21127
21128
21129
21130
21131
21132
21133
21134
21135
21136
21137
21138
21139
21140
21662
21663
21664
21665
21666
21667
21668
21669
21670
21671
21672
21673
21674
21675
21676
21677
21678
21679
22194
22195
22196
22197
22198
22199
22200
22201
22202
22203
22204
22205
22206
22207
22208
22209
22210
22211
22212
22213
22214
22717
22718
22719
22720
22721
22722
22723
22724
22725
22726
22727
22728
22729
22730
22731
22732
22733
22734
22735
22736
23244
23245
23246
23247
23248
23249
23250
23251
23252
23253
23254
23255
23256
23257
23258
23259
23260
23261
23262
23263
23773
23774
23775
23776
23777
23778
23779
23780
23781
23782
23783
23784
23785
23786
23787
24290
24291
24292
24293
24294
24295
24296
24297
24298
24299
24300
24301
24302
24303
24787
24788
24789
24790
24791
24792
24793
24794
24795
24796
24797
24798
24799
25275
25276
25277
25278
25279
25280
25780
25781
25782
25783
25784
25785
26280
26281
26283
26284
26285