423407
423880
423881
423882
423883
424366
424367
424368
424849
424850
425334
425335
425336
425337
425810
425811
425812
425813
425814
425815
426304
426305
426306
426307
426818
426819
426820
426821
426826
426827
427364
427365
427366
427367
427368
427370
427371
427372
427883
427884
427885
427886
427887
427888
427889
427890
427891
428410
428411
428412
428905
428906
428915
428916
428917
428918
428919
428920
429440
429441
429452
429453
429454
429455
429456
430002
430003
430004
430005
430006
430007
430013
430014
430015
430547
430548
430549
430550
430551
430552
430553
430555
430556
431079
431080
431081
431082
431083
431084
431085
431086
431087
431088
431597
431598
431599
431600
431601
431602
431603
431605
432091
432092
432093
432094
432095
432096
432097
432617
432618
432619
433133
433134
433135
433136
433137
433138
433141
433646
433647
433648
433649
433650
433651
433653
433654
434150
434151
434152
434153
434154
434157
434158
434634
434635
434636
434638
434639
434646
434647
434648
434649
434650
434651
434652
434656
434657
435127
435128
435129
435131
435132
435133
435134
435135
435136
435138
435139
435140
435141
435142
435143
435144
435150
435151
435152
435153
435157
435627
435628
435629
435630
435631
435632
435633
435634
435635
435636
435637
435638
435639
435640
435641
435645
435646
435647
435648
435649
435653
436108
436109
436110
436111
436112
436113
436114
436115
436116
436117
436118
436119
436120
436121
436122
436123
436124
436125
436126
436127
436128
436129
436130
436131
436132
436563
436564
436565
436566
436567
436568
436569
436570
436571
436572
436573
436574
436575
436576
436577
436578
436579
436580
436581
436582
436583
436586
436587
436588
436589
437004
437005
437006
437007
437008
437009
437010
437011
437012
437013
437014
437015
437016
437017
437018
437019
437020
437021
437023
437024
437025
437026
437460
437461
437462
437463
437464
437465
437466
437467
437468
437469
437470
437471
437472
437473
437474
437475
437476
437477
437478
437479
437480
437483
437484
437485
437486
437487
437908
437909
437910
437911
437912
437913
437914
437915
437916
437917
437918
437919
437920
437921
437922
437923
437924
437925
437926
437927
437928
437929
437930
437931
437932
437933
437934
437935
438363
438364
438365
438366
438367
438368
438369
438370
438371
438372
438373
438374
438375
438376
438377
438378
438379
438380
438381
438382
438383
438384
438385
438386
438387
438388
438389
438390
438807
438808
438809
438810
438811
438812
438813
438814
438815
438816
438817
438818
438819
438820
438821
438822
438823
438824
438825
438826
438827
438828
438829
438830
438831
439256
439257
439258
439259
439260
439261
439262
439263
439264
439265
439267
439268
439269
439270
439271
439272
439273
439274
439275
439276
439277
439278
439671
439672
439673
439674
439675
439676
439677
439678
439679
439680
439681
439682
439683
439684
439685
439686
439687
439688
439689
439690
439691
439692
439693
439694
440072
440073
440074
440075
440076
440077
440079
440080
440081
440082
440083
440084
440085
440086
440087
440088
440089
440090
440091
440092
440093
440094
440458
440459
440461
440462
440463
440464
440466
440467
440468
440469
440470
440471
440472
440473
440474
440475
440476
440477
440478
440852
440853
440854
440857
440858
440859
440860
440861
440862
440863
440864
440865
440866
440867
441231
441232
441236
441237
441239
441240
441241
441242
441243
441244
441245
441246
441247
441621
441622
441623
441624
441625
441626
441627
441628
441629
441630
441631
441977
441978
441979
441980
441982
442332
442333