141636
141638
142194
142195
142196
142197
142198
142199
142200
142201
142204
142756
142757
142758
142759
142760
142761
142762
142763
142764
142765
142766
143320
143322
143323
143324
143325
143326
143327
143870
143871
143872
143873
143874
143875
143876
144384
144385
144386
144387
144388
144394
144395
144396
144397
144398
144399
144400
144935
144936
144937
144938
144939
144943
144944
144945
144946
144947
144948
144949
144950
145497
145498
145499
145500
145501
145503
145504
145505
145506
145507
145508
145509
145510
145511
145512
145513
146063
146064
146065
146066
146067
146068
146069
146070
146071
146072
146073
146074
146075
146076
146077
146078
146630
146631
146632
146633
146634
146635
146636
146637
146638
146639
146640
146641
146642
146643
146644
146645
146646
147180
147181
147182
147183
147184
147185
147186
147187
147188
147189
147190
147191
147192
147193
147194
147195
147196
147197
147198
147740
147741
147742
147743
147744
147745
147746
147747
147748
147749
147750
147751
147752
147753
147754
147755
147756
147757
148277
148278
148279
148280
148281
148282
148283
148284
148285
148286
148287
148288
148289
148290
148827
148828
148829
148830
148831
148832
148833
148834
148835
148836
148837
148838
149361
149362
149363
149364
149365
149366
149367
149368
149369
149370
149371
149372
149373
149374
149375
149896
149897
149898
149899
149900
149901
149902
149903
149904
149905
149906
149907
149908
150435
150436
150437
150438
150439
150442
150443
150444
150445
150446
150447
150963
150964
150965
150966
150967
150968
150969
150972
150973
150974
150975
150976
150977
151505
151506
151507
151508
151510
151514
151515
151516
151517
151519
151520
152070
152071
152072
152073
152074
152075
152076
152081
152082
152628
152629
152630
152631
152633
152634
152635
152636
153160
153161
153162
153163
153164
153165
153166
153167
153687
153688
153689
153690
153691
153692
153693
154197
154210
154211
154212
154216
154217
154705
154706
154707
154718
154719
154720
154721
154722
154723
154724
154725
154726
154727
154732
154733
155193
155197
155198
155199
155211
155212
155213
155214
155215
155216
155217
155218
155219
155220
155221
155222
155672
155673
155674
155675
155676
155677
155678
155681
155682
155683
155684
155685
155686
155687
155688
155689
155690
155691
155692
155693
155694
155695
155696
155697
155698
155699
156133
156134
156135
156136
156137
156138
156139
156140
156141
156142
156143
156144
156145
156146
156147
156148
156149
156150
156151
156152
156153
156154
156155
156156
156157
156158
156159
156160
156161
156609
156610
156611
156612
156615
156616
156617
156618
156619
156620
156621
156622
156623
156624
156625
156626
156627
156628
156629
156630
156631
156632
156633
156634
156635
157098
157099
157100
157101
157102
157105
157106
157107
157108
157109
157110
157111
157112
157113
157114
157115
157116
157117
157118
157119
157120
157121
157122
157123
157124
157125
157126
157127
157579
157580
157581
157582
157583
157584
157585
157586
157587
157588
157589
157590
157591
157592
157593
157594
157595
157596
157597
157598
157599
157600
157601
157602
157603
158056
158057
158058
158059
158060
158061
158064
158065
158066
158067
158068
158069
158070
158071
158072
158073
158074
158075
158076
158077
158078
158079
158080
158081
158082
158544
158545
158546
158551
158552
158553
158554
158555
158556
158557
158560
158561
158562
158563
158564
158565
158566
159008
159009
159015
159016
159017
159018
159019
159020
159031
159451
159452
159453
159454
159455
159456
159889
159890
159891
159892
159893