430301
430820
430821
430822
430823
430824
430825
430826
431359
431360
431361
431362
431363
431364
431365
431366
431367
431871
431872
431873
431874
431875
431876
431877
431878
431879
431880
432381
432383
432384
432385
432386
432387
432388
432389
432390
432391
432909
432910
432911
432912
432913
432914
432915
432916
432917
432918
432919
432920
432921
432922
432923
433427
433428
433429
433430
433431
433432
433433
433434
433435
433436
433437
433438
433439
433440
433441
433442
433443
433926
433927
433928
433929
433930
433931
433933
433934
433935
433936
433937
433938
433939
433940
433941
433942
433943
433944
433945
434425
434426
434427
434428
434429
434432
434433
434434
434435
434436
434437
434438
434439
434440
434441
434922
434923
434924
434925
434926
434927
434930
434931
434932
434933
434934
434935
434936
434937
434938
434939
435424
435425
435426
435427
435428
435429
435430
435432
435433
435434
435435
435436
435437
435438
435439
435440
435441
435442
435914
435915
435916
435917
435918
435919
435920
435922
435923
435924
435925
435926
435927
435928
435929
435930
435931
435932
435933
435934
436381
436382
436383
436384
436385
436386
436387
436388
436389
436390
436391
436392
436393
436394
436832
436833
436834
436835
436836
436837
436838
436839
436840
437269
437270
437271
437272
437273
437274
437275
437276
437277
437278
437279
437280
437281
437282
437283
437723
437724
437725
437726
437727
437728
437729
437730
437731
437732
437733
438172
438173
438174
438175
438176
438177
438178
438179
438180
438181
438182
438183
438184
438626
438627
438628
438629
438630
438631
438632
438633
438634
438635
438636
438637
438638
438639
438640
438641
439066
439067
439068
439069
439070
439071
439072
439073
439074
439075
439076
439077
439078
439079
439080
439081
439082
439083
439084
439085
439498
439499
439500
439501
439502
439503
439504
439505
439506
439507
439508
439509
439510
439511
439512
439513
439514
439515
439516
439517
439518
439915
439916
439917
439918
439919
439920
439921
439922
439923
439924
439925
439926
439927
439928
439929
439930
439931
439932
439933
439934
439935
439936
439937
440299
440300
440301
440302
440303
440304
440305
440306
440307
440308
440309
440310
440311
440312
440313
440314
440315
440316
440317
440318
440319
440320
440321
440322
440690
440691
440692
440693
440694
440695
440696
440697
440698
440699
440700
440701
440702
440703
440704
440705
440706
440707
440709
440710
440711
440712
441076
441077
441078
441079
441080
441081
441082
441083
441084
441085
441086
441477
441478
441479
441480
441481
441482
441483
441484
441485
441850
441851
441852
441853
441854
441855
442193
442194
442195
442196
442197
442198
442199
442200
442201
442202
442554
442555
442556
442557
442558
442559
442560
442561
442562
442563
442564
442915
442916
442917
442918
442919
442920
442921
442922
442923
442924
442925
443290
443291
443292
443293
443294
443295
443296
443659
443660
443661
443662
443663
443664
444016
444017
444021
444022
444023
444024
444025
444026
444027
444028
444029
444382
444383
444384
444385
444386
444388
444389
444390
444391
444392
444393
444394
444741
444742
444743
444744
444745
444746
444747
445104
445105
445106
445107
445108
445109
445110
445111
445112
445113
445114
445115
445474
445475
445476
445477
445478
445479
445480
445481
445482
445836
445837
445838
445839
445840
445841
445842
445843
445844
445845
445846
445847
445848
446197
446198
446199
446200
446201
446202
446203
446204
446205
446206
446207
446208
446209
446561
446562
446564
446565
446566
446567
446899