423768
423769
423770
423773
424245
424246
424247
424248
424249
424250
424251
424252
424253
424254
424255
424256
424257
424258
424264
424738
424739
424740
424741
424742
424743
424744
424745
424746
424747
424748
424749
424750
424751
424752
424753
424754
424757
424758
424759
425221
425222
425225
425226
425227
425228
425229
425230
425231
425234
425235
425236
425238
425240
425241
425699
425700
425701
425702
425703
425704
425705
425706
425707
425708
425711
425712
425713
425714
425715
425716
425719
425720
426189
426190
426191
426192
426193
426194
426195
426196
426198
426199
426200
426201
426202
426203
426204
426205
426206
426207
426208
426696
426697
426698
426699
426700
426701
426702
426703
426704
426705
426706
426707
426708
426710
426711
426712
426713
427224
427225
427226
427227
427228
427229
427230
427231
427232
427233
427234
427235
427236
427237
427238
427239
427240
427241
427242
427744
427745
427746
427748
427749
427750
427751
427752
427753
427754
427755
427757
427758
427759
427760
427762
428255
428256
428257
428258
428259
428260
428262
428263
428264
428265
428266
428267
428268
428269
428270
428271
428272
428273
428274
428275
428276
428277
428764
428765
428766
428767
428768
428769
428770
428771
428772
428773
428774
428775
428776
428777
428778
428779
428780
428781
428782
428783
428784
428785
428786
428787
428788
428789
428790
428791
428792
428793
429292
429293
429294
429295
429296
429297
429298
429299
429300
429301
429302
429303
429304
429305
429306
429307
429308
429309
429310
429311
429312
429313
429314
429315
429316
429317
429318
429319
429320
429321
429322
429323
429324
429325
429326
429327
429328
429832
429833
429834
429835
429836
429837
429838
429839
429840
429841
429842
429843
429844
429845
429846
429847
429848
429849
429853
429854
429855
429856
429857
429858
429859
429860
429861
429862
429864
429865
429867
429868
429869
429870
429871
430369
430371
430372
430373
430374
430375
430376
430377
430378
430379
430380
430381
430382
430383
430384
430385
430386
430390
430391
430392
430393
430394
430395
430396
430397
430398
430399
430400
430404
430405
430890
430891
430892
430893
430894
430895
430896
430897
430898
430899
430900
430901
430902
430903
430904
430905
430906
430907
430908
430909
430910
430911
430912
430913
430914
430915
430916
430917
430918
430919
430920
430921
430925
430926
430927
430928
431422
431423
431424
431425
431426
431427
431428
431429
431430
431431
431432
431433
431434
431435
431436
431437
431438
431439
431440
431441
431442
431443
431444
431445
431446
431447
431448
431449
431450
431451
431454
431455
431456
431457
431458
431459
431460
431938
431939
431940
431941
431942
431943
431944
431945
431946
431947
431948
431949
431950
431953
431954
431955
431956
431957
431958
431959
431960
431961
431962
431963
431968
431969
431970
431971
432453
432454
432455
432456
432457
432458
432459
432460
432461
432463
432464
432465
432466
432467
432468
432471
432472
432473
432474
432475
432476
432485
432486
432487
432488
432489
432979
432980
432981
432982
432983
432984
432985
432986
432987
432988
432989
432990
432991
433004
433005
433006
433495
433496
433497
433498
433499
433500
433501
433502
433503
433504
433505
433994
433995
433996
433997
433998
433999
434000
434001
434002
434003
434004
434005
434491
434492
434493
434494
434495
434496
434497
434498
434499
434500
434985
434986
434987
434988
434989
434990
434991
434992
434993
434994
434995
434996
435493
435494
435495
435496
435497
435498
435986
435987
435988
435989
436439
436440
436441
436889
436890