48348
48349
48829
48830
48831
48832
49288
49289
49290
49291
49292
49293
49294
49295
49296
49297
49764
49765
49766
49767
49768
49769
49770
49771
49772
49773
50243
50244
50245
50246
50247
50248
50249
50711
50712
50713
50714
51168
51169
51170
51171
51172
51173
51623
51624
51625
51626
51627
51628
51629
52094
52095
52096
52097
52098
52099
52100
52570
52571
52572
52573
52574
52575
52576
52577
52578
52579
53040
53041
53042
53043
53044
53045
53046
53047
53048
53049
53050
53487
53488
53489
53490
53491
53492
53493
53494
53495
53496
53497
53498
53499
53954
53955
53956
53957
53958
53959
53960
53961
53962
53963
53964
53965
54430
54431
54432
54433
54434
54435
54436
54437
54438
54439
54440
54441
54442
54911
54912
54913
54914
54915
54916
54917
54918
54919
54920
54921
54922
54923
54924
55393
55394
55395
55396
55397
55398
55399
55400
55401
55402
55403
55404
55405
55406
55407
55875
55876
55877
55878
55879
55880
55881
55882
55883
55884
55885
55886
55887
55888
55889
55890
55891
56362
56363
56364
56365
56366
56367
56368
56369
56370
56371
56372
56373
56374
56375
56376
56377
56378
56379
56865
56866
56867
56868
56869
56870
56871
56872
56873
56874
56875
56876
56877
57399
57400
57401
57402
57403
57404
57405
57406
57407
57408
57409
57410
57411
57412
57413
57414
57415
57416
57417
57418
57419
57951
57952
57953
57954
57955
57956
57957
57958
57959
57960
57961
57962
57963
57964
57965
57966
57967
57968
57969
57970
57971
57972
57973
57974
57975
57976
58519
58520
58521
58522
58523
58524
58525
58526
58527
58528
58529
58530
58531
58532
58533
58534
58535
58536
58537
58538
58539
58540
58541
58542
58543
59087
59088
59089
59090
59091
59092
59093
59094
59095
59096
59097
59098
59099
59100
59101
59102
59103
59659
59660
59661
59662
59663
59664
59665
59666
59667
59668
59669
59670
59671
59672
59673
59674
59675
59676
59677
59678
60267
60268
60269
60270
60271
60272
60273
60274
60275
60276
60277
60278
60279
60280
60281
60282
60283
60284
60285
60286
60287
60288
60879
60880
60881
60882
60883
60884
60885
60886
60887
60888
60889
60890
60891
60892
60893
60894
60895
60896
60897
60898
60899
60900
61464
61465
61466
61467
61468
61469
61470
61471
61472
61473
61474
61475
61476
61477
61478
61479
61480
61481
61482
61483
61484
61485
61486
62067
62069
62070
62071
62072
62073
62074
62075
62076
62077
62078
62079
62080
62081
62082
62083
62084
62085
62086
62087
62088
62659
62660
62661
62663
62664
62665
62666
62667
62668
62669
62670
62671
62672
62673
63229
63233
63234
63235
63236
63237
63238
63239
63240
63241
63823
63824
63825
63826
63827
63828
63829
63830
63831
63832
64411
64412
64413
64414
64415
64416
64417
64418
64419
64420
64421
64422
64423
64424
64425
65003
65004
65005
65006
65007
65008
65009
65010
65011
65012
65013
65580
65581
65582
65583
65584
65585
65586
65588
65589
66135
66136
66137
66138
66139
66140
66678
66679
66680
66681
66682
66683
66684
67217
67218
67219
67220
67221
67222
67223
67775
67776
67778
67779
68329
68330
68331
68332
68333
68334
68859
68860
68861
68862
69396
69397
69398
69931
69932
69933
70480