287629
287630
288147
288148
288149
288150
288679
288680
288681
288682
289173
289174
289175
289176
289177
289178
289179
289180
289645
289646
289649
289650
289651
290151
290152
290153
290154
290155
290156
290157
290158
290159
290160
290161
290644
290645
290646
290647
290648
290649
290650
290651
290652
290653
290654
290655
291117
291118
291119
291120
291121
291122
291124
291125
291126
291127
291588
291589
291590
291591
291592
291593
291594
291595
291596
291597
291598
292063
292064
292065
292066
292067
292068
292069
292070
292071
292072
292073
292074
292075
292076
292077
292078
292564
292565
292566
292567
292568
292569
292570
292571
292572
292573
292575
292576
292577
292578
292579
292580
292581
292582
292583
293069
293070
293071
293072
293073
293074
293075
293076
293077
293078
293079
293080
293081
293082
293574
293575
293576
293577
293578
293579
293580
293581
293582
293583
294076
294077
294078
294079
294080
294082
294083
294084
294085
294561
294562
294563
294564
294565
294566
294567
294568
294569
294570
294571
294572
294573
294574
295043
295044
295045
295046
295047
295048
295049
295050
295051
295052
295053
295054
295055
295056
295057
295058
295059
295530
295531
295532
295533
295534
295535
295536
295537
295538
295539
295540
295541
295542
295543
295544
295545
295546
295547
296008
296009
296010
296011
296012
296013
296014
296015
296016
296017
296018
296019
296020
296483
296484
296485
296486
296487
296488
296489
296490
296492
296493
296494
296495
296496
296497
296498
296499
296974
296975
296976
296977
296978
296979
296980
296981
296982
296983
296984
296985
296986
296987
296988
296989
297488
297489
297490
297491
297492
297493
297494
297495
297496
297497
297498
297499
297500
297501
297502
298003
298007
298008
298009
298010
298011
298013
298014
298015
298016
298017
298018
298019
298020
298021
298022
298529
298530
298534
298535
298540
298541
298542
298543
298544
298545
298546
299042
299043
299044
299046
299047
299051
299052
299053
299054
299055
299563
299564
299565
299566
299567
299568
299569
299574
299575
299576
299577
299578
299579
299580
299581
299582
300061
300062
300063
300064
300065
300066
300073
300074
300075
300076
300077
300078
300079
300080
300081
300594
300595
300596
300598
300606
300607
300608
300609
300610
300611
300612
301135
301136
301142
301143
301144
301145
301146
301147
301148
301692
301693
301700
301701
301702
301703
301704
301705
301706
301707
302220
302221
302222
302227
302228
302229
302230
302760
302761
302762
302763
302764
303298
303299
303845
303846
303847
303848
303849
303850
304387
304388
304389
304390
304391
304392
304393
304394
304939
304940
304941
304942
304943
304944
304945
304946
304947
305488
305489
305490
305491
305492
305493
305494
305495
305496
306046
306047
306048
306049
306052
306053
306054
306055
306056
306057
306599
306601
306603
306604
306605
306607
306608
307145
307146
307147
307148
307149
307150
307152
307153
307156
307686
307687
307688
307689
307690
308229
308230
308232
308772
308773
308774
308775
308777
309320
309321
309322
309324
309850
309852
309853
309854
309855
309856
310377
310379
310380
310381
310382
310383
310384
310385
310386
310920
310921
310922
310924
310925
310926
310927
310928
310929
310930
310931
310932
311457
311458
311459
311460
311461
311462
311463
311464
311465
311466
311467
311989
311991
311992
311993
311994
311995
312498
312499
312500
312501
312502
312503
312504
312505
312970
312971
312972
312973
312974
312975
312976
312977
312978
313443
313444
313446
313447
313448
313449
313919
313920