161196
161197
161198
161199
161200
161201
161202
161651
161652
161653
161654
161655
161656
161657
161658
162135
162136
162137
162138
162139
162140
162141
162142
162618
162619
162620
162621
162622
162623
162624
162625
162626
162627
162628
162629
163070
163071
163072
163073
163074
163075
163076
163077
163078
163079
163080
163081
163082
163083
163502
163504
163505
163506
163507
163508
163509
163510
163511
163512
163513
163514
163515
163516
163947
163948
163949
163950
163951
163952
163953
163954
163955
163956
163957
164384
164385
164386
164387
164388
164389
164390
164391
164392
164393
164394
164395
164396
164397
164398
164399
164400
164401
164402
164403
164404
164405
164406
164407
164880
164881
164882
164883
164884
164885
164886
164887
164888
164889
164890
164891
164892
164893
164894
164895
164896
164897
164898
164899
164900
164901
164902
164903
165358
165359
165360
165361
165362
165363
165364
165365
165366
165367
165368
165369
165370
165371
165372
165373
165374
165375
165376
165377
165378
165379
165380
165381
165382
165835
165836
165837
165838
165839
165840
165841
165842
165843
165844
165845
165846
165847
165848
165849
165850
165851
165852
165853
165854
165855
165856
165857
165858
166318
166319
166320
166321
166322
166323
166324
166325
166326
166327
166328
166329
166330
166331
166332
166333
166334
166335
166336
166337
166338
166339
166340
166798
166799
166800
166801
166802
166803
166804
166805
166806
166807
166808
166809
166810
166811
166812
166813
166814
166815
166816
166817
166818
166819
166820
166821
167283
167284
167285
167286
167287
167288
167289
167290
167291
167292
167293
167294
167295
167296
167297
167298
167299
167300
167301
167302
167303
167304
167305
167306
167307
167308
167309
167310
167311
167792
167793
167794
167795
167796
167797
167798
167799
167800
167801
167802
167803
167804
167805
167806
167807
167808
167809
167810
167811
167812
167813
167814
167815
167816
167817
167818
167819
168317
168318
168319
168320
168321
168322
168323
168324
168325
168326
168327
168328
168329
168330
168331
168332
168333
168334
168335
168336
168337
168338
168339
168341
168342
168343
168344
168345
168346
168347
168348
168830
168831
168832
168833
168834
168835
168836
168837
168838
168840
168841
168842
168843
168844
168845
168846
168847
168848
168849
168850
168851
168852
168855
168856
168857
168858
168859
168860
168861
168862
168863
169337
169338
169339
169340
169341
169343
169344
169345
169349
169350
169351
169352
169353
169354
169355
169356
169357
169358
169359
169360
169361
169362
169363
169364
169365
169366
169367
169368
169369
169372
169852
169853
169854
169855
169856
169857
169858
169859
169860
169861
169866
169867
169868
169869
169870
169871
169872
169873
169874
169875
169876
169877
169878
169879
169880
169881
169882
169883
169884
169885
170383
170384
170385
170386
170387
170396
170397
170398
170399
170400
170401
170402
170403
170404
170405
170406
170407
170408
170409
170410
170411
170412
170413
170414
170928
170929
170930
170931
170932
170933
170944
170945
170946
170947
170948
170949
170950
170951
170952
170953
170954
170955
170956
170957
170958
170959
170960
170961
171460
171461
171462
171463
171464
171478
171479
171480
171481
171482
171483
171484
171485
171486
171487
171488
171489
171490
171994
171995
171996
171997
171998
171999
172000
172013
172014
172015
172016
172017
172018
172506
172507
172508
172509
172510
172511
172512
173012
173013
173014
173015
173016
173017
173018
173019
173537
173538
173539
173540
173541
174065
174066
174616
174617