25281
25282
25283
25284
25285
25786
25787
25788
25789
25790
26282
26286
26287
26288
26289
26290
26291
26292
26293
26781
26782
26783
26784
26785
26786
26787
26788
26789
26790
26791
26792
26793
27270
27271
27272
27273
27274
27275
27276
27277
27278
27279
27280
27281
27282
27283
27284
27285
27286
27287
27768
27769
27770
27771
27772
27773
27774
27775
27776
27777
27778
27779
27780
27781
28280
28281
28282
28283
28284
28285
28286
28287
28288
28289
28290
28291
28292
28753
28754
28755
28756
28757
28759
28760
28761
28762
29208
29212
29213
29214
29215
29216
29217
29218
29219
29220
29224
29225
29226
29227
29683
29687
29688
29689
29690
29691
29692
29693
29694
29695
29696
29699
29700
29701
29702
29703
29704
29705
29706
30154
30155
30158
30159
30160
30161
30162
30163
30168
30169
30170
30171
30172
30173
30174
30175
30176
30177
30178
30179
30642
30643
30644
30645
30646
30647
30648
30649
30650
30651
30652
30653
30654
30660
30661
30662
30663
30664
30665
30666
30667
30668
30669
30670
30671
31143
31145
31146
31147
31148
31149
31150
31151
31152
31153
31154
31157
31159
31160
31161
31162
31163
31164
31165
31166
31167
31168
31169
31170
31642
31643
31644
31645
31650
31651
31652
31654
31655
31656
31657
31658
31659
31660
31661
31662
31663
31664
31665
31666
31667
32163
32164
32165
32171
32172
32173
32174
32176
32177
32178
32179
32180
32181
32182
32183
32184
32185
32186
32187
32188
32699
32700
32701
32702
32703
32704
32707
32708
32709
32710
32711
32712
32713
32714
32715
32716
32717
32718
32719
32720
32721
32722
32723
32724
32725
32726
32727
33199
33200
33201
33202
33203
33205
33206
33208
33209
33210
33211
33212
33213
33214
33215
33216
33217
33218
33219
33220
33221
33222
33223
33224
33225
33715
33716
33717
33718
33719
33722
33723
33724
33725
33726
33727
33728
33729
33730
33731
33732
33733
33734
33735
33736
33737
33738
33739
33740
33741
34226
34227
34228
34229
34230
34231
34232
34233
34235
34236
34237
34238
34239
34240
34241
34242
34243
34244
34245
34246
34247
34248
34249
34741
34742
34744
34745
34746
34747
34748
34749
34752
34753
34754
34755
34756
34757
34758
34759
34760
34761
34762
34763
34764
34765
35264
35265
35266
35268
35270
35271
35272
35273
35274
35275
35276
35277
35278
35279
35280
35281
35282
35283
35284
35285
35778
35779
35780
35781
35782
35785
35786
35787
35788
35789
35790
35791
35792
35793
35794
35795
35796
35797
35798
35799
36275
36276
36277
36278
36283
36284
36285
36286
36287
36288
36289
36290
36291
36292
36293
36294
36755
36756
36757
36758
36759
36760
36766
36767
36768
36769
36770
36771
36772
36773
36774
36775
37223
37224
37225
37226
37227
37228
37229
37235
37236
37237
37238
37239
37240
37241
37242
37243
37244
37245
37699
37700
37705
37706
37707
37708
37709
37710
37711
37712
37713
37714
38182
38183
38184
38185
38186
38187
38188
38189
38190
38694
38695
38696
38697
38698
38699
38700
39204
39205
39206
39207
39208
39209
39210
39212
39213
39729
39730
39731
39732
39733
39734
39735
39736
39737
40257
40258
40259
40261
40262
40263
40790
40791
40792
40797
40798
40799
41325