33891
34393
34394
34917
34918
35428
35429
35929
35930
36412
36413
36419
36420
36433
36881
36882
36883
36884
36885
36886
36887
36888
36902
36903
36904
36905
36906
37358
37359
37360
37361
37362
37363
37364
37365
37366
37367
37368
37369
37380
37382
37383
37384
37385
37839
37840
37841
37842
37843
37844
37846
37847
37848
37849
37861
37862
37863
37864
37865
37866
37867
38331
38332
38333
38334
38335
38336
38337
38339
38340
38341
38342
38346
38351
38352
38353
38354
38355
38356
38357
38845
38846
38847
38848
38849
38850
38851
38853
38854
38855
38859
38860
38863
38864
38865
38866
38867
38868
38869
38870
39368
39369
39370
39371
39372
39373
39374
39375
39376
39377
39378
39379
39380
39381
39382
39383
39384
39385
39386
39387
39388
39389
39390
39391
39392
39393
39394
39902
39903
39904
39905
39906
39907
39908
39909
39910
39911
39912
39913
39914
39915
39916
39917
39918
39919
39920
39921
39922
39923
39924
39925
39926
39927
40428
40429
40431
40432
40433
40434
40435
40436
40437
40438
40439
40440
40441
40442
40443
40444
40445
40446
40447
40450
40451
40452
40453
40454
40455
40960
40961
40962
40963
40964
40965
40966
40967
40968
40969
40970
40971
40972
40973
40974
40975
40976
40977
40978
40979
40980
40983
40984
40985
40986
40987
40988
41516
41517
41518
41519
41520
41521
41522
41523
41524
41525
41526
41527
41528
41529
41530
41531
41532
41533
41534
41535
41536
41537
41538
41541
41542
41543
41544
41545
42088
42089
42090
42091
42092
42093
42094
42095
42096
42097
42098
42099
42100
42101
42102
42103
42104
42105
42106
42107
42108
42109
42110
42111
42112
42114
42115
42116
42117
42118
42119
42120
42667
42668
42669
42670
42671
42672
42673
42674
42675
42676
42677
42678
42679
42680
42681
42682
42683
42684
42685
42686
42692
42693
42694
42695
42696
42697
42698
42699
43238
43239
43240
43241
43242
43243
43244
43245
43246
43247
43248
43249
43251
43252
43253
43260
43261
43262
43263
43264
43265
43799
43800
43801
43802
43803
43804
43805
43806
43807
43808
43809
43810
43811
43812
43813
43814
43815
43820
43821
43822
43823
43824
43825
43826
43827
43828
44356
44357
44358
44359
44360
44361
44362
44363
44364
44365
44366
44367
44368
44369
44370
44373
44374
44378
44379
44380
44381
44382
44383
44384
44385
44895
44896
44897
44898
44899
44900
44901
44902
44903
44904
44905
44906
44907
44908
44909
44913
44914
44915
44917
44918
44919
44920
45427
45428
45429
45430
45431
45432
45433
45434
45435
45436
45437
45438
45439
45440
45441
45442
45443
45444
45445
45446
45448
45449
45450
45451
45940
45941
45942
45943
45944
45945
45946
45947
45948
45949
45950
45951
45952
45953
45954
45956
45957
45958
45959
45960
45962
45963
45965
46452
46453
46454
46455
46456
46457
46458
46459
46460
46461
46462
46463
46464
46465
46466
46467
46468
46469
46470
46471
46472
46473
46474
46475
46477
46932
46933
46934
46935
46936
46937
46938
46939
46940
46941
46942
46943
46944
46945
46946
46947
46948
46949
46950
46951
46952
47411
47412
47413
47414
47415
47416
47418
47420
47421
47422
47849
47850
47851
47852
47853
47854
48321
48325
48326
48794