410673
410674
411124
411591
411592
411593
411594
411595
412066
412557
412559
413050
413051
413052
413053
413544
413545
413546
413547
414027
414028
414029
414030
414031
414513
414514
414515
414516
414517
414518
415036
415039
415040
415041
415042
415043
415562
415563
415564
415565
415566
415567
415568
415569
415573
415574
416091
416092
416093
416094
416095
416096
416097
416098
416099
416101
416102
416103
416104
416610
416611
416612
416613
416614
416615
416616
416617
416618
416619
416620
416621
416622
416623
416624
416625
417091
417092
417093
417094
417095
417096
417097
417098
417099
417559
417560
417561
417562
417563
417564
417565
417566
417567
417568
418049
418050
418051
418052
418053
418054
418055
418056
418057
418534
418535
418536
418537
418538
418539
418540
418541
418542
418543
418544
419031
419032
419033
419034
419035
419036
419037
419038
419039
419040
419043
419044
419525
419526
419527
419528
419529
419530
419531
419532
419533
419534
419535
419536
420012
420013
420014
420015
420016
420017
420018
420019
420020
420021
420022
420023
420024
420025
420026
420027
420028
420508
420509
420510
420511
420512
420513
420514
420515
420516
420517
420518
420519
420520
420521
420522
420523
420524
420525
420526
420527
420999
421000
421002
421003
421004
421005
421006
421007
421008
421009
421010
421011
421012
421013
421014
421015
421016
421471
421472
421473
421474
421475
421476
421477
421478
421479
421480
421481
421482
421484
421486
421487
421488
421937
421938
421939
421940
421941
421942
421943
421944
421949
421950
422393
422394
422395
422396
422397
422398
422399
422400
422401
422856
422857
422858
422859
422860
422861
422862
422863
422864
422865
422866
422867
422868
423332
423333
423334
423335
423336
423337
423338
423339
423340
423341
423342
423343
423814
423815
423816
423817
423818
423819
423820
423821
423822
423823
424297
424298
424301
424302
424303
424304
424305
424306
424307
424308
424309
424310
424311
424795
424796
424797
424798
424799
424800
424801
424802
424803
424804
424805
424806
424807
424808
425276
425277
425278
425279
425280
425281
425282
425283
425284
425285
425286
425287
425753
425754
425755
425756
425757
425758
425759
425760
425761
425762
426241
426242
426243
426244
426245
426246
426247
426248
426249
426747
426748
426749
426750
426751
426752
426753
426755
426756
426757
426758
426759
427282
427283
427284
427285
427286
427287
427289
427290
427291
427292
427293
427797
427798
427799
427800
427801
427802
427803
427804
427805
427806
427807
427808
427809
428315
428316
428317
428318
428319
428320
428321
428322
428323
428325
428329
428330
428332
428333
428334
428335
428826
428827
428828
428829
428831
428832
428833
428834
428836
428837
428838
428839
428840
428841
428842
429357
429358
429359
429360
429361
429362
429363
429364
429365
429366
429367
429368
429369
429907
429908
429909
429913
429914
429916
429919
429920
429921
429922
429923
429924
429925
429926
429927
430442
430443
430444
430445
430448
430449
430450
430451
430452
430453
430455
430456
430457
430458
430459
430460
430461
430462
430463
430965
430966
430967
430968
430969
430970
430971
430972
430973
430977
430978
430979
430980
430981
430982
430983
430984
430985
430986
430987
430988
430989
430990
431494
431495
431496
431497
431498
431499
431500
431504
431505
431506
431507
431508
431509
431510
431511
431512
431513
431514
432001
432002
432003
432004
432009
432010
432011
432012
432013
432014
432015
432016
432516
432523
432524
432525
432526
432527
432528
432531
433039
433558
433559
434062
434063