372261
372262
372771
372772
372773
372774
372775
372776
372777
372778
372779
373282
373283
373284
373285
373286
373287
373288
373289
373290
373291
373292
373293
373294
373295
373296
373821
373822
373823
373824
373825
373826
373827
373828
373829
373830
373831
373832
373833
374380
374381
374382
374383
374384
374385
374386
374387
374388
374389
374390
374391
374392
374393
374394
374970
374971
374972
374973
374974
374975
374976
374977
374978
374979
374980
374981
374982
374983
375554
375555
375556
375557
375558
375559
375560
375561
375562
375563
375564
375565
375566
375567
375568
376150
376151
376152
376153
376154
376155
376156
376157
376158
376159
376160
376161
376762
376763
376764
376765
376766
376767
376768
376769
376770
376771
376772
376773
377358
377359
377360
377361
377362
377363
377364
377365
377366
377367
377368
377931
377932
377933
377934
377935
377936
377937
377938
377939
378481
378482
378483
378484
378485
378486
378487
378489
378490
378491
378492
379013
379014
379015
379016
379017
379018
379019
379020
379021
379022
379023
379024
379025
379026
379027
379028
379571
379572
379573
379574
379575
379576
379577
379578
379579
379580
379581
379582
379583
379584
380140
380141
380142
380143
380144
380145
380146
380147
380148
380149
380150
380151
380152
380153
380154
380155
380156
380157
380721
380722
380723
380724
380725
380726
380727
380728
380729
380730
380732
380734
380735
380736
381302
381303
381304
381305
381306
381307
381309
381310
381311
381312
381313
381314
381315
381867
381868
381869
381870
381871
381874
381875
381876
381877
381878
381879
381880
382419
382420
382421
382422
382423
382424
382425
382426
382427
382431
382432
382433
382434
382435
382436
382967
382968
382969
382970
382971
382972
382973
382974
382975
382980
382982
382983
382984
383535
383536
383537
383538
383539
383540
383545
383546
383547
383548
383549
383552
384122
384123
384124
384125
384126
384127
384128
384129
384130
384131
384135
384136
384137
384138
384139
384140
384141
384690
384691
384692
384693
384694
384695
384696
384697
384700
384701
384702
384703
384705
384706
384707
384708
385245
385246
385247
385248
385249
385250
385251
385252
385253
385254
385255
385256
385257
385258
385259
385260
385261
385262
385263
385798
385799
385800
385801
385802
385803
385804
385805
385806
385807
385808
385809
385810
385811
385812
385813
385814
385815
385816
386352
386353
386354
386355
386356
386357
386358
386359
386360
386361
386362
386363
386364
386365
386366
386367
386898
386899
386900
386901
386902
386903
386904
386905
386906
386907
386908
386909
386910
386911
386912
387443
387444
387445
387446
387447
387448
387449
387450
387451
387452
387453
388010
388011
388012
388013
388014
388016
388017
388018
388019
388020
388573
388574
388575
388576
389120
389121
389122
389123
389124
389664
389665
389666
389667
389668
389669
389670
390210
390211
390212
390213
390214
390218
390220
390221
390775
390776
390777
390778
390779
390780
390781
390782
390783
390784
390785
390786
390787
390788
391327
391328
391329
391330
391331
391332
391333
391334
391335
391336
391337
391338
391339
391340
391341
391342
391343
391344
391345
391346
391888
391889
391890
391891
391892
391893
391894
391895
391896
391897
391898
391899
391900
391902
391903
391904
392441
392442
392443
392444
392445
392446
392447
392448
392449
392450
392451
392452
392453
392454
392455
392456
392978
392979
392980
392981
392983
392984
392986
393509
393510
393511
393513
393514
393515
393516
393517
394045
394046
394047
394048
394566
394567
394568