129088
129601
129602
130128
130647
130648
130649
130650
130651
131141
131142
131143
131144
131145
131146
131147
131149
131150
131151
131152
131153
131154
131160
131161
131162
131163
131662
131663
131664
131665
131666
131667
131668
131669
131670
131671
131672
131673
131674
131675
131676
131677
131678
131679
131680
131681
131682
131683
132180
132181
132182
132183
132184
132185
132186
132187
132188
132189
132190
132191
132192
132193
132194
132195
132197
132198
132199
132200
132201
132202
132705
132706
132707
132708
132709
132710
132714
132715
132716
132717
132719
132720
132721
133254
133255
133256
133257
133260
133262
133263
133264
133265
133266
133267
133268
133269
133271
133272
133273
133274
133275
133819
133820
133821
133823
133824
133825
133826
133827
133828
133829
133830
133831
133832
133833
133834
133835
133836
133837
133838
133839
134415
134416
134417
134418
134419
134420
134421
134422
134423
134424
134425
134426
134427
134428
134429
134430
134431
134433
134434
134435
134436
134995
134996
134997
134998
134999
135000
135001
135002
135003
135004
135005
135006
135007
135008
135009
135010
135011
135012
135013
135602
135605
135606
135607
135608
135609
135610
135611
135612
135613
135614
135615
135616
135617
135618
135619
136208
136209
136211
136212
136213
136214
136215
136216
136217
136218
136219
136220
136221
136222
136223
136820
136821
136822
136823
136824
136825
136826
136827
136828
136829
136830
136831
137409
137410
137411
137412
137413
137414
137415
137416
137417
137418
137419
137975
137976
137977
137978
137979
137980
137981
137982
137983
137984
137985
138569
138570
138571
138572
138573
138574
138575
138576
138577
138578
139170
139171
139172
139173
139174
139176
139777
139778
139779
139780
139781
139782
139784
140386
140387
140388
140389
140390
140391
141000
141001
141002
141003
141004
141573
141580
141582
141583
142138
142139
142140
142141
142146
142148
142149
142153
142698
142699
142700
142701
142706
142707
142708
142709
142710
142711
142712
142713
142714
142715
143256
143257
143258
143259
143262
143263
143265
143266
143267
143268
143269
143270
143271
143272
143273
143274
143275
143276
143808
143809
143810
143819
143820
143821
143822
143823
143824
144323
144324
144325
144326
144327
144328
144329
144330
144331
144332
144333
144339
144340
144341
144342
144343
144344
144869
144870
144871
144872
144873
144874
144875
144876
144877
144878
144879
144880
144887
144889
144890
144891
144892
144893
144894
144895
144896
145431
145432
145433
145434
145435
145436
145437
145438
145439
145440
145441
145442
145448
145449
145450
145451
145452
145453
145454
145455
145996
145997
145999
146000
146001
146002
146003
146004
146005
146006
146008
146009
146010
146014
146015
146016
146017
146018
146019
146020
146021
146557
146558
146559
146561
146562
146563
146564
146565
146566
146572
146573
146576
146577
146578
146579
146581
146582
147099
147100
147101
147102
147103
147104
147105
147106
147107
147108
147113
147114
147115
147116
147117
147121
147122
147124
147125
147126
147127
147648
147649
147650
147651
147652
147653
147654
147655
147661
147662
147663
147664
147665
147666
147667
147669
147670
147671
147672
147673
147674
147675
148176
148177
148178
148179
148180
148181
148189
148193
148194
148195
148196
148197
148198
148199
148734
148735
148746
148747
148748
148749
148750
148751
149257
149258
149259
149260
149261
149271
149272
149273
149275
149789
149790
149791
149792
149793
149794
149795
149812
150332
150333
150334
150335
150336
150337
150866
150869
150870