315496
315497
315499
315500
315962
315963
315964
315965
315966
315967
316424
316425
316426
316427
316882
316883
316884
317362
317363
317364
317365
317366
317367
317847
317848
317849
317851
317852
318354
318355
318356
318357
318358
318359
318360
318374
318872
318873
318874
318875
318877
318878
318879
318891
319360
319361
319362
319363
319364
319378
319379
319380
319381
319382
319383
319384
319854
319855
319856
319866
319867
319868
319869
319870
319871
319872
319873
320344
320345
320355
320356
320357
320358
320359
320360
320361
320362
320815
320816
320830
320831
320832
320833
320834
320835
320836
320837
321277
321278
321279
321280
321281
321292
321293
321294
321295
321296
321297
321298
321299
321300
321743
321744
321745
321756
321757
321758
321759
321760
321761
321762
322208
322209
322210
322211
322217
322218
322219
322220
322221
322222
322223
322224
322225
322226
322689
322694
322695
322696
322697
322698
322699
322700
322701
322702
322703
322704
323187
323188
323189
323195
323196
323197
323198
323199
323200
323201
323202
323203
323204
323205
323658
323659
323660
323661
323662
323663
323664
323668
323669
323670
323671
323672
323673
323674
323675
323676
323677
323678
323679
324150
324152
324153
324154
324155
324156
324157
324158
324159
324160
324161
324162
324163
324164
324165
324166
324167
324168
324666
324667
324668
324669
324670
324672
324673
324674
324675
324676
324677
324678
324679
324680
324681
324682
324683
324684
324685
324686
324687
325192
325193
325194
325195
325196
325197
325198
325199
325200
325201
325202
325203
325204
325205
325206
325718
325719
325720
325721
325722
325723
325724
325725
325726
325727
325728
325729
325730
325731
325732
325733
326231
326232
326233
326234
326235
326236
326237
326238
326239
326240
326241
326242
326243
326734
326735
326736
326737
326738
326740
326741
326742
326743
326744
326745
326746
326747
326748
327248
327249
327250
327251
327252
327253
327254
327255
327256
327257
327258
327259
327260
327790
327791
327793
327794
327795
327796
327797
327798
327799
328312
328313
328314
328315
328316
328317
328318
328319
328320
328812
328813
328814
328815
328816
328817
329294
329295
329296
329297
329298
329299
329300
329743
329744
329745
329746
329747
329748
329749
329750
330205
330206
330207
330208
330209
330210
330211
330672
330673
330674
330675
330676
330677
330678
331148
331149
331150
331151
331152
331153
331622
331623
331624
331625
331626
332103
332104
332105
332106
332107
332586
332587
333065
333066
333067
333068
333556
333557
333558
333996
333997
333998
334456
334457
334458
334910
334912
334913
334914
335354
335355
335356
335357
335358
335359
335360
335361
335812
335813
335814
335815
335816
335817
335818
335819
335820
335821
335822
336279
336280
336281
336282
336283
336284
336285
336286
336287
336765
336766
336767
336768
336769
336770
336771
336772
336773
336774
336775
336776
337275
337276
337277
337278
337279
337280
337281
337282
337283
337284
337285
337286
337287
337288
337289
337290
337789
337790
337791
337792
337793
337794
337795
337796
337797
337798
337799
337800
337801
337802
337803
338333
338334
338337
338338
338339
338340
338341
338342
338343
338344
338345
338869
338870
338871
338873
338874
338875
338876
338877
338878
338879
338880
338881
338882
339396
339397
339398
339399
339400
339401
339402
339403
339404
339405
339406
339407
339924
339925
339926
339928
339929
339930
339931
340456
340457
340458
340459
340463
340464
341011
341012
341018
341550
341551
341552
341556
341557
342074
342075
342076
342081