76866
76867
76868
77416
77417
77422
77423
77424
77425
77984
77989
77990
77991
77992
77995
77996
77997
77998
77999
78000
78001
78555
78556
78557
78558
78559
78560
78561
78562
78563
78564
78565
78566
78572
78573
78574
78575
78576
78577
78578
78579
79155
79156
79157
79158
79159
79160
79161
79172
79173
79174
79175
79176
79177
79734
79735
79736
79737
79738
79739
79749
79750
79751
79752
79753
79754
80330
80331
80332
80333
80334
80335
80343
80919
80920
80921
80922
80923
80929
80930
80931
80932
81474
81475
81476
81477
81478
81479
81484
81486
82045
82047
82048
82049
82050
82051
82052
82053
82054
82055
82056
82057
82058
82059
82061
82633
82635
82636
82637
82638
82639
82640
82642
82643
82644
82645
82646
82647
82648
82649
82650
82651
83228
83229
83230
83231
83232
83233
83234
83235
83236
83237
83240
83241
83242
83243
83244
83245
83246
83786
83787
83788
83789
83790
83791
83792
83793
83795
83796
83797
83799
83800
83801
83802
83803
83804
83805
83806
84353
84354
84355
84356
84357
84358
84359
84361
84363
84364
84365
84366
84367
84368
84369
84370
84371
84929
84930
84931
84932
84933
84934
84935
84936
84937
84938
84939
84940
84941
84942
84943
84944
84945
84946
85501
85502
85503
85504
85505
85506
85507
85508
85509
85510
85511
85512
85513
85514
85515
85516
85517
85518
85519
85520
85521
85522
85523
86068
86069
86070
86071
86072
86073
86074
86075
86076
86077
86078
86079
86080
86081
86082
86083
86084
86085
86086
86087
86630
86631
86632
86633
86634
86635
86636
86637
86638
86639
86640
86641
86642
86643
86644
86645
86646
86647
87184
87185
87186
87187
87188
87189
87190
87191
87192
87193
87194
87195
87196
87197
87198
87199
87713
87714
87715
87716
87717
87718
87719
87720
87721
87722
87723
87724
87725
87726
87727
87728
87729
87730
87731
87732
88239
88240
88241
88242
88243
88244
88245
88246
88247
88248
88249
88250
88251
88252
88253
88254
88255
88779
88780
88781
88782
88783
88784
88785
88786
88787
88788
89299
89300
89301
89302
89303
89304
89829
89830
89831
89832
89833
89834
89835
89836
89837
89838
89839
89840
89841
90351
90352
90353
90356
90357
90358
90359
90360
90361
90362
90363
90364
90365
90899
90900
90901
90902
90903
90904
90905
90908
90909
90910
90911
90912
90913
90914
90915
90916
90917
90918
90919
91461
91462
91463
91464
91465
91466
91467
91469
91470
91471
91472
91473
91474
91475
91476
91477
91478
91479
91480
91481
91482
91483
91484
92024
92025
92026
92027
92028
92029
92030
92031
92032
92033
92034
92035
92036
92037
92038
92039
92040
92041
92042
92043
92044
92045
92598
92599
92600
92601
92602
92603
92604
92605
92606
92607
92608
92609
92610
92611
92612
92613
92614
92615
92616
92617
92618
92619
92620
92621
93186
93187
93188
93189
93190
93191
93192
93193
93194
93195
93196
93197
93198
93199
93200
93201
93202
93203
93204
93205
93206
93207
93808
93809
93810
93812
93813
93814
93815
93816
93817
93818
93819
93820
93821
93822
93823
93824
93825
94428
94429
94430
94431
94434
94435
94436
94440
94441
94442
94443
95038
95039
95045
95046
95047
95048
95049
95050
95057
95058
95059
95685
95696