36313
36799
36800
37269
37270
37271
37272
37273
37743
37744
37745
37746
37747
37748
37749
38223
38224
38225
38226
38227
38228
38229
38731
38732
38733
38734
38735
38736
38737
38738
38739
39249
39250
39251
39252
39253
39254
39255
39256
39257
39258
39259
39776
39777
39778
39779
39780
39781
39782
39783
39784
39785
39786
39787
39788
39789
39790
40302
40303
40304
40305
40306
40307
40308
40309
40310
40311
40312
40313
40314
40315
40839
40840
40841
40842
40843
40844
40845
40846
40847
40848
40849
40850
40851
40852
40853
41368
41369
41370
41371
41372
41373
41374
41375
41376
41377
41378
41379
41380
41381
41924
41925
41926
41927
41928
41929
41930
41931
41932
41933
41934
41935
41936
41937
41938
41939
41940
41941
41942
41943
42496
42497
42498
42499
42500
42501
42502
42503
42504
42505
42506
42507
42508
42509
42510
42511
42512
42513
42514
42515
42516
42517
42518
42519
42520
42521
43070
43071
43072
43073
43074
43075
43076
43077
43078
43079
43080
43081
43082
43083
43084
43085
43086
43087
43088
43089
43090
43091
43092
43093
43094
43610
43611
43612
43613
43614
43615
43616
43617
43618
43619
43620
43621
43622
43623
43624
43625
43626
43627
43628
43629
43630
43631
43632
43633
43634
43635
43636
43637
43638
43639
43640
43641
44160
44161
44162
44163
44164
44165
44166
44167
44168
44169
44170
44171
44172
44173
44174
44175
44176
44177
44178
44179
44180
44181
44182
44183
44184
44185
44186
44187
44188
44189
44190
44191
44192
44693
44694
44695
44696
44697
44698
44699
44700
44701
44702
44703
44704
44705
44706
44707
44708
44709
44710
44711
44712
44713
44714
44715
44716
44717
44718
44719
44720
44721
44722
44723
44724
45215
45216
45217
45218
45219
45220
45221
45222
45223
45224
45225
45226
45227
45228
45229
45230
45231
45232
45233
45234
45235
45236
45237
45238
45239
45240
45241
45242
45243
45244
45245
45246
45247
45248
45738
45739
45740
45741
45742
45743
45744
45745
45746
45747
45748
45749
45750
45751
45752
45753
45754
45755
45756
45757
45758
45759
45760
45761
45762
45763
45764
45765
46251
46252
46253
46254
46255
46256
46257
46258
46259
46260
46262
46263
46264
46265
46266
46267
46268
46269
46270
46271
46272
46273
46274
46275
46741
46742
46743
46744
46745
46746
46747
46748
46751
46752
46753
46755
46756
46757
46758
46759
46760
47204
47205
47206
47207
47208
47209
47210
47211
47212
47215
47216
47217
47220
47221
47222
47223
47224
47225
47226
47227
47228
47229
47650
47651
47652
47653
47654
47655
47656
47657
47660
47661
47662
47663
47664
47665
47666
47667
47668
47669
47670
47671
48099
48100
48101
48106
48107
48108
48111
48112
48113
48114
48115
48117
48118
48119
48120
48121
48122
48123
48124
48125
48580
48581
48582
48583
48586
48587
48588
48589
48590
48591
48592
48593
48594
48595
49051
49052
49053
49054
49056
49057
49058
49059
49060
49525
49526
49527
49528
49529
49530
49531
49532
49533
49536
49537
49538
50002
50003
50004
50005
50006
50007
50009
50013
50014
50015
50472
50473
50474
50476
50478
50481
50946
50947
50949
50951
50954
51418
51420
51421
51871
51872
51873
51874
51875
52335
52336
52337