206774
206776
206777
206778
206779
206786
206787
207311
207313
207314
207315
207316
207322
207847
207848
207849
207850
207851
207852
207859
207860
207861
208355
208356
208357
208359
208360
208361
208369
208370
208371
208861
208862
208864
208875
208876
208877
208878
208879
209342
209343
209344
209345
209346
209347
209348
209350
209351
209352
209353
209354
209355
209356
209357
209358
209359
209360
209361
209840
209841
209842
209843
209844
209845
209846
209847
209848
209849
209850
209851
209852
209853
209854
209855
209856
209857
209858
209859
209860
209861
209862
209863
209864
209865
209866
210331
210332
210333
210334
210335
210336
210337
210338
210339
210340
210341
210342
210343
210344
210345
210346
210347
210348
210349
210350
210351
210352
210353
210830
210831
210832
210833
210834
210835
210836
210837
210838
210839
210840
210841
210842
210843
210844
210845
210846
210847
210848
210849
210850
210851
210852
210853
210854
210855
210856
211363
211364
211365
211366
211367
211368
211369
211370
211371
211372
211373
211374
211375
211376
211377
211378
211379
211380
211889
211890
211891
211892
211893
211894
211895
211896
211897
211898
211899
211900
211901
211902
212411
212412
212413
212414
212415
212416
212915
212916
212917
212918
212919
212920
213427
213428
213429
213430
213431
213432
213433
213434
213435
213436
213437
213438
213956
213957
213958
213959
213960
213961
213962
213963
213964
213966
213967
213968
213971
213972
213973
213974
214522
214523
214524
214525
214526
214527
214528
214529
214530
214531
214537
214538
214540
214541
215114
215115
215116
215117
215118
215119
215120
215121
215122
215123
215127
215130
215131
215132
215133
215134
215687
215688
215689
215690
215691
215692
215693
215697
215700
215701
215703
215704
215705
216256
216257
216258
216259
216261
216262
216263
216264
216265
216266
216267
216268
216269
216270
216271
216272
216273
216823
216824
216830
216831
216832
216833
216834
216836
216837
216838
216839
216840
216841
216842
216843
217401
217402
217403
217405
217406
217407
217408
217409
217410
217411
217412
217413
217414
217966
217967
217968
217969
217974
217975
217976
217977
217978
217979
217980
217981
217982
217983
217984
218529
218530
218531
218536
218537
218538
218539
218540
218541
218542
219078
219079
219080
219081
219082
219084
219085
219086
219087
219088
219592
219593
219594
219595
219596
219598
219599
219600
219601
220124
220125
220126
220127
220128
220129
220130
220131
220132
220133
220134
220135
220136
220137
220138
220694
220695
220696
220697
220698
220699
220700
220701
220702
220703
220704
220705
220706
221256
221257
221258
221259
221260
221261
221262
221263
221264
221265
221266
221267
221268
221269
221807
221808
221809
221810
221811
221812
221813
221814
221815
221816
221817
221818
221819
221820
221821
222333
222334
222335
222336
222337
222338
222339
222340
222341
222342
222343
222344
222345
222864
222865
222867
222868
222869
222870
222871
222872
222873
223373
223374
223375
223376
223377
223378
223379
223380
223381
223382
223383
223905
223906
223907
223908
223909
223910
223911
223912
223913
223914
223915
224422
224423
224424
224425
224426
224427
224428
224429
224430
224431
224432
224433
224434
224925
224927
224928
224929
224930
224931
224932
224933
224935
224936
225431
225432
225433
225434
225435
225436
225438
225439
225928
225929
225930
225931
225932
225933
226445
226446
226447
226448
226449
226953
226954
226955
227451
227452
227453
227454
227455
227456
227457
227974
227975
227976
227977
227978
228510
228511
228512