47979
48450
48451
48452
48920
48927
48928
48929
49387
49388
49395
49396
49397
49398
49399
49871
49872
49877
49878
49879
49880
49881
49882
50340
50341
50342
50344
50346
50347
50348
50349
50350
50351
50352
50821
50822
50823
50824
50825
50827
50828
50829
50830
50831
50832
51282
51283
51284
51285
51286
51287
51288
51289
51290
51291
51292
51293
51748
51749
51750
51751
51752
51753
51754
51755
51756
51757
51758
51759
52210
52211
52212
52213
52214
52215
52216
52217
52218
52219
52220
52221
52222
52223
52685
52686
52687
52688
52689
52690
52691
52692
52693
52694
53153
53154
53155
53156
53158
53159
53160
53161
53162
53163
53164
53599
53600
53601
53602
53603
53604
53605
53606
53607
53608
53609
53610
53611
54056
54058
54062
54063
54064
54065
54066
54067
54068
54069
54070
54071
54072
54073
54528
54529
54530
54531
54533
54534
54535
54536
54537
54538
54539
54540
54541
54542
54543
54548
55004
55005
55006
55007
55008
55009
55010
55011
55012
55013
55014
55015
55016
55017
55018
55019
55023
55024
55493
55494
55495
55496
55500
55501
55503
55504
55505
55506
55507
55508
55509
55510
55511
55512
55513
55514
55515
55989
55990
55991
55992
55997
55998
55999
56000
56001
56002
56003
56004
56005
56006
56007
56008
56009
56474
56475
56476
56477
56481
56482
56483
56484
56485
56486
56487
56488
56489
56490
56491
56492
56493
56494
56495
56496
56497
56500
56501
56502
56503
56975
56976
56977
56978
56979
56980
56982
56984
56985
56986
56987
56988
56989
56990
56991
56992
56993
56994
56995
56996
56997
56998
57000
57001
57002
57003
57004
57530
57531
57532
57533
57534
57535
57536
57537
57538
57539
57540
57541
57542
57543
57544
57545
57546
57547
57548
57549
57550
57551
57552
57553
57554
57555
57556
57557
57558
57559
57560
57561
57562
57563
58079
58080
58081
58083
58084
58085
58086
58087
58088
58089
58090
58091
58092
58093
58094
58095
58096
58097
58098
58099
58100
58103
58104
58105
58106
58107
58108
58109
58651
58656
58657
58658
58659
58660
58661
58662
58663
58664
58665
58669
58670
58671
58672
58673
59216
59217
59218
59219
59220
59221
59229
59230
59809
59810
59811
59812
59813
59814
59815
59816
59817
60419
60423
60424
60425
60426
60427
60428
60429
60430
60431
60432
61020
61021
61022
61023
61024
61025
61026
61027
61028
61029
61030
61031
61607
61608
61609
61610
61611
61612
61613
61614
61615
61616
61617
61618
61619
62210
62211
62212
62213
62214
62215
62216
62217
62218
62219
62220
62221
62222
62223
62224
62790
62791
62792
62793
62794
62795
62796
62797
62798
62799
62800
62801
62804
62806
62807
62808
63351
63352
63353
63354
63355
63356
63357
63358
63359
63360
63361
63362
63363
63365
63366
63367
63368
63369
63370
63953
63954
63955
63956
63957
63958
63959
63960
63961
63962
63963
63964
63965
63966
63967
63968
64547
64548
64549
64550
64551
64552
64553
64554
64555
64556
64557
64558
64559
64560
64561
65127
65128
65129
65130
65131
65132
65133
65134
65135
65136
65137
65138
65139
65140
65697
65698
65699
65700
65701
65702
65703
65704
66250
66252
66253
66254
66255
66256
66785
66786
66787
66788
66789
67319
67320