335209
335210
335211
335212
335662
335663
335664
335665
335666
335667
335668
336121
336122
336123
336124
336125
336126
336600
336601
336602
336603
336604
336605
336606
337084
337085
337086
337087
337088
337089
337090
337600
337601
337602
337603
337604
337605
338138
338139
338140
338141
338142
338676
338677
338678
338679
339210
339211
339213
339214
339215
339216
339217
339218
339737
339738
339739
339740
339741
339742
339743
340264
340265
340266
340267
340268
340269
340270
340271
340804
340805
340806
340807
340808
340809
340810
340811
340812
340813
341339
341340
341341
341346
341350
341351
341352
341353
341354
341355
341356
341357
341358
341359
341360
341361
341850
341851
341852
341853
341854
341855
341856
341858
341859
341860
341861
341862
341863
341864
341865
341866
341867
341868
341869
341870
341871
342384
342385
342386
342387
342388
342389
342390
342391
342392
342393
342394
342395
342396
342397
342398
342399
342400
342401
342923
342924
342925
342926
342927
342928
342929
342930
342931
342932
342933
342934
342935
342936
342937
342938
342939
342940
342941
343487
343488
343489
343490
343491
343492
343493
343494
343495
343496
343497
343498
343499
343500
343501
343502
343503
344047
344048
344049
344054
344056
344057
344058
344059
344060
344061
344062
344063
344598
344599
344600
344601
344605
344606
344609
344610
344611
345137
345138
345139
345140
345141
345142
345145
345146
345149
345150
345698
345699
345700
345701
345702
345703
345710
345711
345712
346239
346240
346241
346242
346243
346244
346246
346247
346248
346249
346250
346251
346252
346778
346779
346780
346781
346782
346783
346784
346785
346786
346787
346788
346789
346790
346792
347331
347332
347333
347334
347335
347336
347337
347338
347339
347340
347341
347342
347343
347344
347907
347908
347911
347912
347913
347914
347915
347918
347919
347920
347921
347922
347923
347924
347925
348487
348488
348489
348492
348493
348494
348495
348496
348497
348498
348499
348500
348501
349088
349089
349092
349093
349094
349095
349096
349097
349098
349099
349100
349101
349704
349705
349706
349707
349708
349709
349710
349711
350304
350305
350306
350307
350308
350309
350310
350311
350875
350876
350877
350878
350879
350880
351441
351442
351443
351444
351445
351446
351447
351448
351449
351450
352004
352005
352006
352007
352008
352009
352010
352011
352012
352013
352561
352562
352563
352564
352565
352566
352567
352568
352569
352570
352571
353119
353120
353121
353122
353123
353124
353126
353127
353713
353714
353715
353716
353717
353718
353719
353720
354287
354288
354291
354292
354293
354294
354295
354296
354297
354298
354883
354887
354889
354890
354891
354892
354893
354894
354895
355494
355495
355497
355498
355500
355501
355502
355503
355504
355505
356082
356083
356084
356085
356086
356087
356088
356090
356091
356659
356660
356661
356666
357226
357787
357788
357789
357790
357791
357793
357794
357795
358333
358334
358335
358336
358338
358339
358870
358871
358872
358873
358874
358875
359401
359402
359403
359404
359405
359406
359407
359408
359409
359410
359411
359412
359934
359935
359936
359937
359939
359940
359941
359942
359943
359944
360435
360436
360437
360438
360440
360441
360442
360927
360928
360929
360930
360933
360934
360935
361427
361428
361430
361431
361433
361434
361435
361948
361949
361950
361951
361952
361953
361954
361955
361956
362485
362486
362487
362488
362489
362490
362491
363010
363011
363012
363517
363518
363519
364038
364039
364040
364556
364557
364558
364559
365066
365067
365549
365550
365551