467551
467552
467879
467880
467881
468187
468188
468189
468485
468486
468487
468488
468790
468791
468792
468793
469082
469083
469084
469085
469086
469087
469088
469089
469090
469091
469373
469374
469375
469376
469377
469378
469379
469380
469381
469382
469383
469384
469385
469657
469658
469659
469660
469661
469662
469663
469664
469665
469666
469667
469668
469669
469670
469671
469938
469939
469940
469941
469942
469943
469944
469945
469946
469947
469948
469949
469950
469951
470200
470201
470202
470203
470204
470205
470206
470207
470208
470209
470210
470211
470212
470213
470449
470450
470451
470452
470453
470454
470455
470456
470457
470701
470702
470703
470704
470705
470706
470707
470708
470709
470710
470711
470712
470973
470975
470976
470977
470978
470979
470980
470981
470982
470983
470984
470985
470986
470987
470988
470989
470990
470991
470992
471241
471242
471243
471245
471246
471247
471248
471249
471250
471251
471252
471253
471254
471255
471256
471257
471258
471259
471260
471261
471262
471263
471264
471265
471266
471267
471268
471269
471270
471271
471523
471524
471525
471526
471527
471528
471529
471530
471531
471532
471533
471534
471535
471536
471537
471538
471539
471540
471541
471542
471543
471544
471545
471546
471547
471548
471549
471550
471551
471552
471785
471786
471787
471788
471789
471790
471791
471792
471793
471794
471795
471796
471797
471798
471799
471800
471801
471802
471803
471804
471806
471807
471808
471809
471810
471811
471812
471813
471814
471815
471816
471817
472063
472064
472065
472066
472067
472068
472069
472070
472071
472073
472074
472075
472077
472078
472079
472080
472082
472083
472084
472085
472086
472354
472355
472356
472357
472358
472359
472360
472361
472363
472364
472367
472369
472372
472373
472374
472375
472376
472377
472660
472661
472662
472663
472664
472665
472666
472667
472669
472676
472677
472678
472679
472680
472961
472962
472963
472964
472965
472966
472967
472968
472970
472972
472976
472977
472978
473259
473260
473261
473262
473263
473264
473265
473266
473267
473273
473277
473561
473562
473563
473564
473565
473575
473576
473577
473578
473579
473893
473894
473895
473896
473897
473902
473903
473904
474221
474229
474551
474552
474553
474554
474555
474869
474870
474871
474872
474873
474874
474875
474876
474878
475193
475194
475195
475196
475197
475198
475199
475200
475201
475202
475203
475204
475205
475534
475535
475536
475537
475538
475539
475540
475541
475542
475543
475544
475545
475546
475547
475548
475549
475550
475864
475865
475866
475867
475868
475869
475870
475871
475872
475873
475874
475875
475876
475877
475878
476195
476196
476197
476198
476199
476200
476201
476202
476203
476204
476205
476206
476207
476208
476209
476211
476212
476537
476538
476539
476540
476541
476542
476543
476544
476545
476546
476547
476548
476549
476550
476553
476555
476556
476557
476558
476899
476900
476901
476902
476903
476904
476905
476906
476907
476908
476909
476910
476912
476913
476914
476915
476916
476917
476918
476919
476920
476921
476922
477257
477258
477259
477260
477261
477262
477263
477264
477265
477266
477270
477271
477272
477273
477276
477278
477279
477632
477633
477634
477635
477636
477637
477638
477639
477640
477641
477642
477648
477649
477650
477651
478012
478013
478014
478015
478016
478017
478018
478019
478020
478028
478378
478379
478380
478381
478382
478383
478384
478385
478386
478387
478388
478397
478730
478731
478732
478733
478734
479078
479079
479080
479081
479082
479083
479404
479405
479406
479407
479408
479409