317919
317921
318421
318422
318423
318424
318425
318927
318928
318929
318930
318931
319431
319432
319433
319434
319914
319915
319916
319917
319918
319919
319920
319921
319922
320397
320398
320399
320400
320401
320402
320403
320404
320405
320406
320407
320878
320879
320880
320881
320882
320883
320884
320885
320886
320887
320888
320889
321344
321345
321346
321347
321348
321349
321350
321351
321352
321353
321354
321809
321810
321811
321812
321813
321814
321815
321816
322271
322272
322273
322274
322275
322276
322277
322278
322279
322280
322281
322282
322283
322284
322285
322286
322287
322288
322289
322290
322744
322745
322746
322747
322748
322749
322750
322751
322752
322753
322754
322755
322756
322757
322758
322759
322760
322761
322762
322763
322764
322765
322766
323228
323240
323241
323242
323243
323244
323245
323246
323247
323248
323249
323250
323251
323252
323253
323254
323255
323256
323257
323258
323259
323260
323261
323262
323263
323707
323708
323709
323718
323719
323720
323721
323724
323725
323726
323727
323728
323729
323730
323731
323732
323733
323734
323735
323736
323737
323738
323739
323740
323741
323742
323743
323744
323745
323746
323747
324199
324200
324201
324210
324211
324212
324213
324214
324215
324216
324217
324218
324219
324220
324221
324222
324223
324224
324225
324226
324227
324228
324229
324230
324231
324232
324233
324234
324235
324236
324237
324238
324239
324240
324241
324242
324716
324723
324724
324725
324726
324727
324728
324729
324730
324731
324732
324733
324734
324735
324736
324737
324738
324739
324740
324741
324742
324743
324744
324745
324746
324747
324748
324749
324750
324751
324752
324753
324754
324755
324756
324757
325237
325238
325243
325244
325245
325246
325247
325248
325249
325250
325251
325252
325253
325254
325255
325256
325257
325258
325259
325260
325261
325262
325265
325266
325267
325268
325269
325270
325271
325272
325273
325274
325275
325763
325764
325765
325766
325767
325768
325769
325770
325772
325773
325774
325775
325776
325777
325778
325779
325780
325781
325782
325783
325784
325785
325786
325787
325788
325789
325790
325791
325792
325793
325795
325796
325797
325798
325799
325800
325802
325803
325804
326273
326274
326275
326276
326277
326278
326279
326280
326281
326282
326283
326284
326285
326286
326287
326288
326289
326290
326291
326292
326293
326294
326295
326296
326297
326298
326299
326300
326301
326302
326303
326304
326305
326309
326310
326311
326313
326314
326315
326787
326789
326790
326791
326792
326793
326794
326795
326796
326797
326798
326799
326800
326801
326802
326803
326804
326805
326806
326807
326808
326809
326810
326811
326812
326813
326814
326815
326816
326817
326818
326819
327301
327302
327303
327304
327305
327306
327307
327308
327309
327310
327311
327312
327313
327314
327315
327316
327317
327318
327319
327320
327321
327322
327323
327324
327325
327326
327327
327329
327330
327838
327839
327840
327841
327842
327843
327844
327845
327846
327847
327848
327849
327850
327851
327852
327853
327854
327855
327856
327857
327858
327859
327860
328359
328360
328361
328362
328363
328364
328367
328368
328369
328370
328371
328372
328373
328374
328375
328376
328377
328378
328379
328852
328854
328855
328856
328857
328862
328863
328864
328865
328866
328867
329341
329342
329343
329344
329345
329349
329350
329790
329791
329792
329793
329794
329795
329796
329801
329802
329803
329804
330250
330251
330252
330253
330254
330255
330260
330261
330718
330719
330720
330721
330722
330723
330724
331197
331198
331200
331662