456909
457226
457227
457228
457555
457869
457870
457871
458165
458166
458167
458168
458169
458170
458171
458472
458474
458475
458476
458477
458478
458779
458780
458781
458782
458783
458784
459092
459093
459094
459095
459400
459401
459402
459403
459404
459700
459706
459707
459708
459709
459710
459717
460004
460008
460009
460010
460011
460012
460014
460015
460016
460017
460018
460019
460307
460308
460311
460312
460313
460314
460315
460316
460317
460318
460319
460320
460321
460322
460323
460324
460618
460619
460622
460623
460626
460627
460628
460629
460630
460631
460632
460633
460634
460635
460636
460637
460638
460639
460925
460926
460927
460928
460929
460930
460931
460932
460933
460934
460938
460939
460940
460941
460942
460943
460944
460945
460946
460947
460948
460949
460950
460951
460952
460953
460954
460956
460957
461227
461228
461229
461230
461231
461232
461233
461234
461236
461237
461238
461239
461240
461241
461244
461245
461246
461247
461248
461249
461250
461251
461252
461253
461254
461255
461256
461257
461258
461259
461260
461261
461262
461263
461264
461265
461276
461551
461552
461553
461554
461555
461556
461557
461558
461559
461560
461561
461562
461564
461565
461566
461567
461568
461569
461570
461571
461572
461573
461574
461575
461576
461577
461578
461579
461580
461581
461582
461583
461584
461585
461586
461587
461588
461589
461597
461598
461877
461878
461879
461880
461881
461882
461885
461886
461887
461888
461889
461890
461891
461892
461893
461894
461895
461896
461897
461898
461899
461900
461901
461902
461903
461904
461905
461906
461907
461908
461909
461910
461911
461912
461913
461914
461915
461924
461925
462200
462201
462202
462203
462204
462207
462208
462209
462210
462211
462212
462213
462214
462217
462218
462219
462220
462221
462222
462223
462224
462225
462226
462227
462228
462229
462230
462231
462232
462233
462234
462235
462236
462239
462243
462244
462245
462246
462524
462525
462526
462527
462533
462534
462535
462537
462538
462539
462541
462543
462544
462545
462546
462547
462548
462549
462550
462551
462552
462553
462554
462555
462558
462559
462560
462561
462562
462563
462564
462565
462840
462841
462842
462843
462850
462851
462852
462853
462854
462855
462856
462862
462863
462864
462865
462866
462867
462868
462869
462870
462871
462872
462873
462874
462875
462876
462877
462878
462879
462880
462881
462882
462883
462884
462885
462886
463152
463153
463163
463164
463165
463166
463167
463168
463169
463174
463175
463176
463177
463178
463179
463180
463181
463182
463183
463184
463185
463186
463187
463188
463189
463190
463191
463192
463193
463194
463195
463196
463197
463198
463495
463501
463502
463503
463504
463505
463506
463507
463508
463509
463510
463511
463512
463513
463514
463515
463516
463517
463518
463519
463520
463521
463522
463523
463822
463823
463824
463825
463826
463828
463829
463830
463831
463832
463833
463834
463835
463836
463837
463838
463839
463840
463841
463842
463843
464151
464152
464156
464157
464158
464159
464160
464161
464162
464163
464164
464165
464166
464167
464168
464169
464500
464501
464502
464503
464504
464505
464506
464507
464508
464509
464510
464511
464843
464844
464845
464846
464847
464848
464849
464850
464851
464852
464853
465170
465171
465172
465173
465174
465175
465486
465487
465488
465489
465490
465491
465492
465819
465820
465821
466159
466160
466161
466162
466492
466493
466494
466817
466818
466819
466820
466821
467146
467147
467148
467149
467150
467468
467469
467792
467793
467794
467795
468114
468115
468116