427415
427416
427417
427934
427935
428454
428455
428456
428959
428960
428961
428964
429496
429497
429498
429499
429500
429501
429502
430057
430060
430061
430062
430598
430599
430601
431129
431130
431131
431132
431133
431134
431135
431136
431654
431655
431656
431657
431658
431659
432154
432155
432156
432157
432158
432159
432160
432161
432162
432163
432665
432668
432669
432670
432671
432672
432673
432674
432675
433188
433189
433190
433191
433192
433193
433194
433195
433196
433197
433198
433199
433200
433201
433202
433203
433204
433699
433700
433701
433702
433703
433704
433705
433706
433707
433708
433709
433710
433711
433712
433713
433714
434201
434202
434203
434204
434205
434206
434207
434208
434209
434210
434211
434212
434213
434214
434215
434216
434217
434220
434221
434222
434695
434696
434697
434698
434699
434700
434701
434702
434703
434704
434705
434706
434707
434708
434709
434710
434711
434712
434713
434714
435185
435186
435187
435188
435189
435190
435191
435192
435193
435194
435196
435197
435198
435199
435200
435201
435202
435203
435204
435205
435206
435207
435208
435209
435210
435211
435681
435682
435683
435684
435685
435686
435687
435688
435689
435690
435691
435692
435693
435694
435695
435696
435697
435698
435701
435702
436155
436156
436157
436158
436159
436160
436161
436162
436163
436164
436165
436166
436167
436168
436169
436170
436171
436172
436173
436174
436613
436614
436615
436616
436617
436618
436619
436620
436621
436622
436623
436624
436625
436626
436627
436628
436629
436630
436631
436632
437052
437053
437054
437055
437056
437057
437058
437059
437060
437510
437511
437512
437513
437514
437515
437516
437517
437518
437519
437955
437956
437957
437958
437959
437960
437961
437962
437963
437964
438409
438410
438411
438412
438413
438414
438415
438416
438417
438418
438855
438856
438857
438858
438859
438860
438861
438862
438863
438864
438865
438866
439301
439302
439303
439304
439305
439306
439307
439308
439309
439310
439311
439312
439313
439314
439713
439715
439716
439717
439718
439719
439720
439721
439722
439723
439724
439725
439726
439727
439728
439729
439730
439731
440105
440106
440107
440108
440109
440110
440111
440112
440113
440114
440115
440116
440117
440118
440119
440120
440121
440488
440489
440490
440491
440492
440493
440494
440495
440496
440497
440498
440499
440500
440501
440502
440503
440878
440879
440880
440881
440882
440883
440884
440885
440886
440887
440888
440889
441259
441260
441261
441262
441263
441264
441265
441266
441267
441268
441269
441270
441271
441272
441273
441274
441275
441640
441641
441642
441643
441644
441645
441646
441647
441648
441649
441650
441651
441652
441653
441654
441655
441656
441657
441989
441990
441991
441992
441993
441994
441995
441996
441997
441998
441999
442000
442001
442002
442003
442004
442005
442006
442007
442008
442350
442351
442352
442353
442354
442355
442356
442357
442358
442359
442360
442361
442362
442363
442364
442365
442366
442367
442368
442714
442715
442717
442718
442719
442720
442721
442722
443079
443080
443081
443082
443083
443084
443085
443086
443087
443088
443089
443090
443446
443447
443448
443450
443451
443452
443453
443454
443455
443456
443820
443821
443823
443824
443825
443826
443827
443828
443829
443830
443831
443832
443833
444187
444188
444189
444190
444191
444192
444193
444194
444195
444196
444197
444198
444199
444560
444561
444562
444563
444564
444565
444566
444567
444568
444569
444917
444918
444919
444920
444921
444922
445289
445290
445291
445292
445662
445663
445664
445665