459887
459888
459889
460186
460187
460188
460501
460502
460503
460504
460505
460820
460821
460822
460823
460824
460825
460826
461127
461128
461129
461130
461131
461132
461133
461134
461135
461136
461453
461454
461455
461456
461457
461458
461459
461460
461461
461462
461781
461782
461783
461784
461786
461787
461788
461789
462106
462107
462108
462109
462111
462112
462113
462114
462115
462429
462430
462432
462433
462434
462435
462436
462745
462746
462747
462748
462749
462750
462751
462752
462753
462754
462755
462756
462757
462759
462760
462761
462762
462763
463059
463060
463061
463062
463063
463064
463065
463066
463067
463068
463069
463070
463071
463072
463073
463392
463393
463395
463396
463397
463398
463399
463400
463401
463402
463403
463404
463717
463718
463719
463720
463721
463722
463723
463724
463725
463726
463727
463728
464036
464037
464038
464039
464040
464041
464042
464043
464044
464045
464046
464047
464048
464049
464050
464051
464052
464054
464055
464056
464358
464359
464360
464361
464362
464363
464364
464365
464366
464367
464368
464369
464370
464371
464372
464373
464374
464375
464376
464377
464378
464379
464692
464693
464694
464695
464696
464697
464698
464699
464700
464701
464702
464703
464704
464705
464706
464707
464708
464709
464710
464711
464712
464713
464714
465027
465028
465029
465033
465034
465035
465036
465037
465038
465039
465040
465041
465042
465043
465044
465045
465046
465047
465048
465049
465050
465356
465357
465360
465361
465362
465363
465364
465365
465366
465367
465368
465369
465370
465371
465372
465373
465374
465375
465376
465377
465677
465678
465679
465680
465681
465682
465683
465684
465685
465686
465687
465688
465689
465690
465691
465692
465693
465694
465695
465696
465697
465698
465699
465700
465701
465702
465703
465704
465706
465707
465708
466024
466025
466026
466027
466028
466029
466030
466031
466032
466033
466034
466035
466036
466037
466038
466039
466040
466041
466042
466043
466044
466045
466046
466047
466048
466049
466050
466051
466052
466053
466054
466055
466056
466057
466058
466370
466371
466372
466373
466374
466375
466376
466377
466378
466379
466380
466381
466382
466383
466384
466385
466386
466387
466388
466389
466390
466391
466392
466393
466394
466395
466396
466397
466698
466699
466700
466701
466702
466703
466704
466705
466706
466707
466708
466709
466710
466711
466712
466713
466714
466715
466716
466717
466718
466719
467018
467019
467020
467021
467022
467023
467024
467025
467026
467027
467028
467029
467030
467031
467032
467033
467034
467035
467036
467037
467038
467039
467040
467041
467042
467043
467044
467045
467046
467338
467340
467341
467342
467343
467344
467345
467346
467351
467352
467353
467354
467355
467356
467357
467358
467359
467360
467361
467362
467363
467364
467365
467366
467367
467368
467369
467658
467659
467660
467661
467662
467663
467664
467665
467666
467672
467673
467674
467675
467676
467677
467678
467679
467680
467681
467682
467683
467684
467685
467686
467687
467688
467689
467690
467979
467980
467981
467982
467983
467984
467985
467986
467987
467993
467994
467995
467996
467997
467998
467999
468000
468001
468002
468003
468004
468005
468006
468007
468008
468292
468293
468294
468295
468296
468297
468298
468299
468305
468306
468307
468308
468309
468310
468311
468312
468313
468314
468315
468316
468319
468591
468592
468593
468594
468595
468596
468597
468604
468605
468606
468607
468608
468609
468610
468611
468612
468613
468614
468886
468888
468889
468890
468891
468902
468903
468904
468905
468906
469208