275719
276345
276346
276956
276957
277552
277554
277555
277574
277575
277576
277577
278163
278164
278165
278166
278167
278168
278169
278170
278185
278186
278187
278188
278189
278190
278774
278775
278776
278777
278778
278779
278786
278787
278788
278789
278790
278797
278798
279382
279383
279385
279386
279387
279388
279389
279392
279393
279394
279395
279396
279397
279398
279399
279409
279410
279411
279987
279988
279989
279990
279991
279992
279993
279994
279995
279997
279998
279999
280000
280001
280002
280003
280004
280005
280017
280018
280019
280588
280589
280590
280591
280592
280593
280594
280595
280597
280598
280599
280600
280601
280602
280603
280604
280611
280617
281181
281182
281183
281184
281185
281186
281187
281188
281189
281190
281191
281192
281193
281195
281196
281197
281198
281199
281204
281205
281211
281212
281213
281214
281774
281775
281778
281779
281780
281781
281782
281783
281784
281785
281786
281787
281788
281789
281790
281791
281798
281799
281806
281807
281808
282361
282362
282364
282365
282366
282367
282368
282369
282370
282371
282372
282373
282374
282375
282376
282381
282385
282386
282387
282388
282938
282939
282940
282941
282942
282943
282944
282945
282946
282947
282948
282949
282950
282951
282952
282953
282954
282955
282960
282961
282964
282965
282966
282967
282968
282969
282970
283554
283555
283556
283557
283558
283559
283560
283561
283562
283563
283564
283565
283566
283567
283568
283569
283570
283571
283572
283573
283574
283575
283576
283577
283578
283579
283580
283581
283582
283583
283584
283585
283586
283587
283588
283589
283590
284169
284170
284171
284172
284173
284174
284175
284176
284177
284178
284179
284180
284181
284182
284183
284184
284185
284186
284187
284188
284189
284190
284191
284192
284193
284194
284195
284196
284197
284198
284199
284200
284201
284202
284203
284204
284205
284771
284772
284773
284774
284775
284776
284777
284778
284779
284780
284781
284782
284783
284784
284785
284786
284787
284788
284789
284791
284792
284793
284794
284795
284796
284797
284798
284799
284800
284801
284802
284803
284804
285361
285362
285363
285364
285365
285366
285367
285368
285369
285370
285371
285372
285373
285374
285375
285376
285377
285378
285379
285380
285381
285382
285383
285384
285385
285386
285387
285388
285389
285391
285392
285911
285912
285913
285914
285915
285917
285918
285919
285920
285921
285922
285923
285924
285926
285927
285928
285929
285930
285931
285932
285933
285934
285935
285936
285937
285938
285939
285940
285941
285942
285943
285944
285945
285946
286425
286426
286427
286429
286430
286431
286432
286433
286434
286435
286436
286437
286438
286439
286440
286442
286443
286444
286445
286449
286450
286451
286452
286455
286456
286457
286945
286946
286950
286951
286952
286953
286954
286955
286956
286957
286962
286968
286969
286970
286975
286976
287462
287463
287467
287468
287469
287470
287471
287472
287473
287478
287485
287486
287489
287490
287491
287492
287493
287981
287982
287983
287984
287985
287986
287987
287988
287989
287990
287991
288004
288005
288006
288007
288008
288513
288514
288515
288516
288517
288518
288519
288520
288522
288523
288524
288536
288537
288538
288539
288541
289030
289031
289032
289033
289034
289035
289036
289037
289038
289039
289048
289049
289050
289509
289510
289511
289512
289513
289514
289530
289531
290025
290026
290027
290028
290029
290030
290044
290045
290520
290521
290522
290523
290524
290525
290526
290527
290529
290543
290998
290999
291000
291001
291002
291003
291004
291005
291474
291475