349795
349796
349797
350386
350387
350388
350953
350954
350955
351525
351526
351527
352083
352084
352085
352086
352641
352642
352643
352644
352645
352646
353196
353197
353198
353199
353200
353201
353202
353203
353204
353781
353782
353783
353784
353785
353786
353787
353788
353789
353790
353791
353806
354350
354355
354356
354357
354358
354359
354360
354361
354362
354363
354364
354365
354380
354381
354382
354383
354384
354941
354942
354943
354944
354949
354950
354951
354952
354953
354954
354955
354956
354972
354973
354974
354975
354976
355545
355546
355547
355549
355550
355551
355552
355553
355554
355555
355569
355570
355571
355572
355573
355574
355575
356128
356129
356130
356131
356132
356133
356134
356135
356136
356137
356138
356139
356140
356144
356145
356150
356151
356152
356153
356154
356155
356156
356157
356703
356704
356705
356706
356707
356708
356709
356710
356711
356712
356713
356714
356715
356716
356717
356718
356719
356720
356723
356724
356730
356731
356732
356733
356734
356735
356736
357255
357256
357257
357258
357259
357261
357262
357263
357264
357265
357266
357269
357270
357271
357272
357273
357274
357275
357276
357277
357283
357284
357285
357286
357287
357288
357289
357290
357824
357825
357826
357827
357828
357829
357830
357831
357832
357833
357834
357835
357836
357837
357838
357839
357840
357841
357842
357843
357849
357850
357851
357852
357853
357854
357855
357856
358367
358368
358369
358370
358371
358372
358373
358374
358375
358376
358378
358381
358382
358383
358384
358385
358386
358387
358388
358389
358393
358394
358395
358396
358397
358398
358399
358909
358910
358911
358912
358913
358914
358915
358916
358917
358918
358919
358920
358924
358925
358926
358927
358928
358929
358930
358931
358932
358933
358934
358935
358936
358937
358938
358939
358940
358941
359440
359441
359442
359443
359444
359445
359446
359447
359448
359449
359450
359457
359458
359459
359460
359461
359462
359463
359464
359465
359466
359467
359468
359469
359470
359471
359472
359978
359979
359980
359981
359982
359983
359984
359985
359986
359987
359988
359993
359994
359995
359996
359997
359998
359999
360000
360001
360002
360003
360004
360005
360007
360008
360009
360490
360491
360492
360493
360494
360495
360496
360497
360505
360506
360507
360508
360509
360510
360511
360512
360513
360514
360515
360516
360517
360518
360519
360520
360521
360984
360985
360989
360990
360996
360997
360998
360999
361000
361001
361002
361003
361004
361005
361006
361007
361008
361009
361010
361494
361495
361496
361497
361498
361499
361502
361503
361504
361505
361506
361507
361508
362018
362019
362020
362021
362023
362024
362025
362026
362028
362029
362030
362031
362032
362553
362557
362558
362564
363076
363077
363078
363079
363080
363585
363586
363587
363588
363589
363592
364107
364108
364109
364111
364112
364113
364114
364115
364116
364117
364118
364622
364623
364624
364625
364626
364627
364628
364629
364630
365119
365120
365121
365122
365123
365124
365125
365126
365127
365128
365606
365607
365608
365609
365610
365611
365612
365613
365614
366072
366073
366074
366075
366076
366077
366078
366079
366080
366081
366553
366554
366555
366556
366557
367035
367036
367037
367038
367039
367040
367542
367543
367544
367545
367546
367547
367548
367549
368039
368040
368041
368042
368043
368044
368546
368547
368548
368549
368550
369048
369049
369050
369527
369528
369529
369530
369531
369532
370006
370007
370008
370009
370010
370011
370497
370498
370499
371002
371511
371512
371513
372027
372028
372530