248533
249085
249086
249087
249088
249091
249092
249093
249094
249095
249646
249647
249648
249649
249650
249653
249654
249655
249656
250186
250187
250188
250189
250190
250191
250194
250195
250196
250728
250729
250730
250731
250734
250735
251279
251280
251281
251282
251283
251284
251285
251286
251832
251833
251835
251836
251837
251838
251840
252419
252420
252421
252422
252423
252424
252425
252430
253008
253009
253010
253011
253015
253016
253017
253018
253597
253598
253599
253600
253601
253602
253604
253605
253606
253607
253608
253609
253610
253611
254171
254172
254173
254174
254175
254176
254177
254178
254179
254180
254181
254182
254782
254783
254784
254785
254786
254787
254788
254789
254790
254791
254792
254793
254794
254795
254796
254797
255398
255399
255400
255401
255402
255403
255404
255405
255406
255407
255408
255409
255410
255411
255412
255413
256002
256003
256004
256005
256006
256007
256008
256009
256010
256011
256012
256013
256014
256015
256016
256624
256625
256626
256627
256628
256629
256630
256631
256632
256633
256634
257240
257241
257242
257243
257244
257245
257246
257247
257248
257249
257250
257251
257252
257854
257855
257856
257857
257858
257859
257860
257861
257862
257863
257864
257865
257866
257867
258464
258465
258466
258467
258468
258469
258470
258471
258472
258473
258474
258475
258476
258477
258478
258479
258480
258481
258482
259099
259100
259101
259102
259103
259104
259105
259106
259107
259108
259109
259110
259111
259112
259113
259114
259115
259116
259117
259118
259119
259120
259121
259122
259745
259746
259747
259748
259749
259750
259751
259752
259753
259754
259755
259756
259757
259758
259759
259760
259761
259762
259763
259764
259765
259766
259767
259768
259769
260384
260385
260386
260387
260388
260389
260390
260391
260392
260393
260394
260395
260396
260397
260398
260399
260400
260401
260402
260403
260404
260405
260406
260407
260408
260409
260410
261018
261019
261020
261021
261022
261023
261024
261025
261026
261027
261028
261029
261030
261031
261032
261033
261034
261035
261036
261037
261038
261039
261040
261630
261631
261632
261633
261634
261635
261636
261637
261638
261639
261640
261641
261642
261643
261644
261645
261646
261647
261648
261649
261650
262240
262241
262242
262243
262244
262245
262246
262247
262248
262249
262250
262251
262252
262253
262254
262255
262256
262257
262842
262843
262844
262845
262846
262847
262848
262849
262850
262851
262852
262853
262854
262855
262856
262857
262858
262859
263446
263447
263448
263449
263452
263453
263454
263455
263456
263457
263458
264043
264044
264045
264048
264049
264050
264051
264052
264053
264054
264055
264056
264666
264667
264668
264672
264673
264674
264675
264676
264677
264678
264679
264680
264681
265295
265296
265297
265298
265299
265300
265301
265302
265303
265304
265305
265920
265921
265922
265923
265924
265925
265926
265927
265928
265929
265930
266537
266538
266539
266540
266541
266542
266543
266544
267143
267144
267148
267151
267152
267759
267764
267767
267768
267769
267772
268382
268383
268384
268385
268386
268387
268390
268391
268392
268393
268394
268395
268398
269011
269014
269015
269016
269017
269018
269019
269020
269021
269022
269023
269024
269639
269640
269641
269642
269644
269645
269646
269647
269648
269649
269650
269651
270286
270287
270288
270290
270291
270292
270293
270295
270296
270297
270929
270930
270931
270933
270937
270938
270939
271576
271577
271578
271579
271582
271583
271586
271587
272230
272231
272232
272235
272236
272237
272238
272872
272873
272874