11660
12250
12251
12831
12832
12833
13432
13433
13434
14026
14027
14028
14029
14030
14613
14614
14615
15203
15204
15205
15206
15207
15208
15782
15783
15784
15785
15786
16352
16353
16354
16355
16356
16357
16358
16359
16360
16361
16362
16929
16930
16931
16932
16933
16934
16935
16936
16937
16938
16939
16940
17519
17520
17521
17522
17523
17524
17525
17526
17527
17528
17529
17530
17531
17532
18079
18080
18081
18082
18083
18084
18085
18086
18087
18088
18089
18612
18613
18614
18615
18616
18617
18618
18619
18620
18621
18622
18623
18624
19154
19155
19156
19157
19158
19159
19160
19161
19162
19163
19164
19165
19166
19689
19690
19691
19692
19693
19694
19695
19696
19697
19698
19699
19700
19701
19702
20227
20228
20229
20230
20231
20232
20233
20234
20235
20236
20237
20238
20239
20240
20241
20792
20793
20794
20795
20796
20797
20798
20799
20800
20801
20802
20803
20804
20805
20806
20807
20808
20809
21348
21349
21350
21351
21352
21353
21354
21355
21356
21357
21358
21359
21360
21361
21362
21363
21364
21365
21372
21897
21898
21899
21900
21901
21902
21903
21904
21905
21906
21907
21908
21910
21911
21913
21919
21920
21921
22431
22432
22433
22434
22435
22436
22437
22438
22440
22441
22442
22443
22450
22451
22952
22953
22954
22955
22956
22957
22958
22959
22960
22964
22965
22966
22967
22971
22972
22973
22974
23482
23483
23484
23485
23486
23487
23488
23489
23490
23491
23492
23493
23494
23495
23496
23497
23498
23501
23502
23503
23504
23505
23506
24007
24008
24009
24010
24011
24012
24013
24014
24015
24016
24017
24018
24019
24020
24021
24022
24023
24024
24025
24026
24027
24518
24519
24520
24521
24522
24523
24524
24525
24526
24527
24528
24529
24530
24531
24532
24533
24534
24535
24536
24537
25013
25014
25015
25016
25017
25018
25019
25020
25021
25022
25023
25024
25025
25026
25027
25028
25029
25030
25032
25509
25510
25511
25512
25513
25514
25515
25516
25517
25518
25519
25520
25521
25522
25997
25998
25999
26000
26001
26002
26003
26004
26005
26006
26007
26008
26009
26010
26011
26012
26013
26504
26505
26506
26507
26508
26509
26510
26511
26512
26513
26514
26515
26516
26517
26518
26519
26520
26521
26522
26993
26994
26995
26996
26997
26998
26999
27000
27001
27002
27003
27004
27005
27006
27007
27008
27009
27491
27495
27496
27497
27498
27499
27500
27501
27502
27505
27506
27507
27508
27509
27510
27511
27995
27996
27997
27998
28000
28001
28002
28003
28004
28005
28006
28007
28010
28011
28012
28013
28014
28015
28016
28478
28479
28480
28481
28482
28483
28484
28485
28486
28487
28488
28489
28490
28491
28492
28493
28494
28495
28945
28946
28947
28948
28949
28950
28951
28952
28953
28954
28955
28956
28957
28958
28959
28960
29413
29414
29415
29416
29417
29418
29419
29420
29421
29422
29423
29424
29425
29426
29427
29884
29885
29886
29887
29888
29889
29890
29891
29892
29893
29894
29895
29896
29897
30362
30363
30364
30365
30366
30367
30368
30369
30370
30371
30372
30373
30374
30868
30869
30870
30871
30872
30873
30874
30875
30876
31366
31367
31368
31369
31370
31371
31372
31886
31887
31888
32408
32409
32410