4956
4957
5379
5380
5381
5382
5383
5818
5819
5820
5821
5822
6271
6272
6743
6744
6745
7232
7233
7234
7235
7236
7733
7734
7735
8245
8247
8248
8249
8734
8735
8736
8737
8738
9240
9241
9242
9243
9244
9245
9766
9767
9768
9769
9770
9771
9772
9773
10310
10311
10312
10313
10314
10315
10316
10317
10318
10319
10320
10859
10860
10862
10863
10864
10865
10866
10867
10868
10869
10870
10871
10872
10873
11413
11414
11415
11416
11417
11418
11419
11420
11421
11422
11423
11424
11425
11426
11427
11428
11429
11430
11431
11432
11986
11987
11988
11989
11990
11991
11992
11993
11994
11995
11996
11997
11998
11999
12000
12001
12002
12003
12004
12005
12006
12007
12564
12565
12566
12567
12568
12569
12570
12571
12572
12573
12574
12575
12576
12577
13151
13152
13153
13156
13157
13158
13159
13160
13161
13162
13163
13164
13165
13166
13739
13740
13744
13745
13746
13747
13748
13749
13750
13751
13752
13753
13754
13755
13756
13757
13758
13759
13760
13761
14341
14342
14343
14344
14345
14346
14347
14348
14349
14350
14351
14352
14353
14354
14355
14356
14357
14358
14359
14360
14361
14362
14929
14930
14931
14932
14933
14934
14935
14936
14937
14938
14939
14940
14941
14942
14943
14944
14945
14946
14947
14948
15516
15517
15518
15519
15520
15521
15522
15523
15524
15525
15526
15527
15528
15529
15530
15531
15532
15533
15534
15535
15536
15537
15538
16086
16087
16088
16089
16090
16091
16092
16093
16094
16095
16096
16097
16098
16099
16100
16101
16102
16103
16104
16105
16106
16107
16108
16109
16110
16111
16673
16674
16675
16676
16677
16678
16679
16680
16681
16683
16684
16685
16686
16687
16688
16689
16690
16691
16692
16693
16694
16695
16696
16697
16699
16700
17250
17251
17252
17253
17255
17256
17258
17262
17263
17264
17265
17266
17267
17268
17269
17270
17271
17272
17273
17274
17275
17276
17277
17278
17279
17280
17281
17832
17833
17834
17835
17841
17842
17843
17844
17845
17846
17847
17848
17849
17850
17851
17852
17853
17854
17855
17856
17857
18372
18374
18375
18376
18377
18382
18383
18384
18385
18386
18387
18388
18389
18390
18391
18392
18393
18394
18395
18396
18397
18398
18399
18924
18925
18926
18927
18928
18929
18930
18932
18933
18934
18935
18936
18937
18938
18939
18940
18941
18942
18943
18944
18945
18946
18947
18948
18949
19465
19466
19467
19468
19469
19470
19472
19477
19478
19479
19480
19481
19482
19483
19484
19485
19486
19487
20009
20010
20011
20012
20013
20014
20022
20023
20024
20025
20026
20027
20028
20029
20030
20572
20573
20574
20575
20576
20583
20584
20585
20586
20587
20588
20589
20590
20591
20592
21132
21133
21141
21142
21143
21144
21145
21146
21147
21148
21149
21150
21680
21681
21682
21683
21684
21685
21686
21687
21688
21689
21690
21691
21692
22215
22216
22217
22218
22219
22220
22221
22222
22223
22224
22225
22226
22737
22738
22739
22740
22741
22742
22743
22744
22745
22746
22747
23264
23265
23266
23267
23268
23269
23270
23271
23272
23273
23274
23791
23792
23793
23794
23795
23796
23797
23798
23799
24307
24308
24309
24310
24311
24312
24314
24315