201020
201573
202139
202140
202141
202142
202143
202144
202719
202720
202721
202722
202723
202724
202725
202726
202727
202728
202729
202730
202731
203290
203291
203292
203293
203294
203295
203296
203297
203298
203299
203300
203301
203302
203303
203304
203305
203859
203860
203861
203862
203863
203864
203865
203866
203867
203868
203869
203870
203871
203872
203873
203874
203875
204417
204418
204419
204420
204421
204422
204423
204424
204425
204426
204427
204428
204429
204430
204967
204968
204969
204970
204971
204972
204973
204974
204975
204976
204977
204978
204979
204980
204981
204982
204985
204987
205519
205520
205521
205522
205523
205524
205525
205526
205527
205528
205529
205530
205531
205534
205535
205537
205538
205539
206071
206072
206073
206074
206075
206076
206077
206078
206079
206080
206081
206082
206083
206084
206085
206086
206087
206088
206089
206090
206091
206092
206626
206627
206628
206629
206630
206631
206632
206633
206634
206635
206636
206637
206638
206639
206640
206641
206642
206643
206644
206645
206646
206647
206648
207168
207169
207170
207171
207172
207173
207174
207175
207176
207177
207178
207179
207180
207181
207182
207183
207184
207185
207186
207187
207188
207189
207190
207191
207193
207194
207195
207709
207710
207711
207712
207713
207714
207715
207716
207717
207718
207719
207720
207721
207722
207723
207724
207725
207726
207727
207728
207729
207730
207731
207732
208223
208224
208225
208226
208227
208228
208229
208230
208231
208232
208233
208234
208235
208236
208237
208239
208240
208730
208731
208732
208733
208734
208735
208736
208737
208738
208739
208740
208741
208742
208743
209228
209229
209230
209231
209232
209233
209234
209236
209237
209238
209239
209240
209705
209706
209707
209708
209709
209710
209711
209712
209713
209717
209718
209719
209720
209721
210195
210196
210197
210198
210199
210200
210201
210202
210203
210204
210682
210683
210684
210685
210686
210687
210688
210689
210690
210691
210692
210693
211219
211220
211221
211222
211223
211227
211741
211742
211743
211744
211745
211746
211751
212256
212257
212258
212765
212766
212767
212768
212769
213285
213288
213289
213290
213291
213292
213293
213294
213822
213823
213824
213826
213827
213828
213829
213831
214376
214377
214378
214379
214380
214381
214382
214383
214384
214948
214949
214950
214951
214952
214953
214954
214955
214956
214957
215515
215516
215517
215518
215519
215520
215521
215522
215523
215524
215525
215526
215527
216084
216085
216086
216087
216088
216089
216090
216091
216092
216093
216094
216653
216654
216655
216656
216657
216658
216659
216660
216661
217223
217224
217225
217226
217787
217788
217789
217790
217794
217797
217798
218341
218342
218343
218348
218349
218350
218351
218352
218353
218897
218898
218899
218900
218904
218905
218906
218907
218908
218909
218910
218911
218912
218913
219412
219413
219414
219415
219419
219420
219421
219422
219423
219424
219425
219952
219953
219954
219955
219957
219958
219960
219961
219962
220510
220511
220512
220513
220514
220515
220516
220519
220520
221079
221080
221086
221087
221088
221091
221092
221093
221650
221651
221652
221653
221654
221655
221656
222180
222181
222182
222183
222184
222185
222186
222703
222704
222705
222706
222707
223216
223217
223747
223748
223749
223750
224283
224284
224785
225290
225291
225292
225293
225294
225812
225815
225816
226315
226316
226317
226318
226836
226837
226838
226839
227327
227837
228351
228872
228873
228874
228875
229387
229389
229390
229391
229926
230467
231004
231005
231554
231555