22179
22180
22181
22698
22699
22700
22701
22702
22703
23221
23222
23223
23224
23225
23226
23227
23228
23229
23748
23749
23750
23751
23752
23753
23754
23755
23756
23757
23758
24267
24268
24269
24270
24271
24272
24273
24274
24275
24763
24764
24765
24766
24767
24768
24769
24770
24771
24772
24773
24774
25260
25261
25262
25263
25264
25265
25266
25762
25763
25764
25765
25766
25767
25768
25769
25770
26256
26257
26258
26259
26260
26261
26262
26263
26264
26265
26266
26267
26268
26755
26756
26757
26758
26759
26760
26761
26762
26763
26764
26765
26766
26767
26768
26769
26770
26773
26774
27245
27246
27247
27248
27249
27250
27251
27252
27253
27254
27255
27256
27257
27258
27259
27260
27261
27262
27744
27745
27746
27747
27748
27749
27750
27751
27752
27753
27754
27755
27756
27757
27758
27759
27760
27761
27762
27763
28256
28257
28258
28259
28260
28261
28262
28263
28264
28265
28266
28267
28268
28269
28270
28271
28272
28273
28732
28733
28734
28735
28736
28737
28738
28739
28740
28741
28742
28743
28744
28745
28746
28747
28748
29188
29189
29191
29192
29193
29194
29195
29196
29197
29198
29199
29200
29201
29202
29203
29204
29205
29206
29207
29208
29664
29665
29666
29667
29668
29669
29670
29671
29672
29673
29674
29675
29676
29677
29678
29679
29680
29681
29682
29683
29685
30132
30133
30134
30135
30136
30137
30138
30139
30140
30141
30142
30143
30144
30145
30146
30147
30148
30149
30150
30151
30152
30153
30154
30155
30156
30157
30617
30618
30619
30620
30621
30622
30623
30624
30625
30626
30627
30628
30629
30630
30631
30632
30633
30634
30635
30636
30637
30638
30639
30640
30641
30642
30643
30644
30645
30646
31117
31118
31119
31120
31121
31122
31123
31124
31125
31126
31127
31128
31129
31130
31131
31132
31133
31134
31135
31136
31137
31138
31145
31623
31624
31625
31626
31627
31628
31629
31630
31631
31632
31633
31634
31635
31636
32147
32148
32149
32150
32151
32152
32153
32157
32158
32159
32160
32680
32681
32682
32683
32684
32685
32686
32692
32693
32694
32695
32696
32697
32698
33178
33179
33180
33181
33182
33183
33191
33192
33193
33194
33195
33196
33197
33198
33688
33689
33690
33691
33692
33693
33694
33695
33696
33697
33698
33699
33700
33705
33706
33707
33708
33709
34196
34197
34198
34199
34200
34201
34202
34203
34204
34205
34206
34207
34208
34209
34210
34211
34218
34219
34220
34715
34716
34717
34718
34719
34720
34721
34722
34723
34724
34725
34726
34727
34728
34737
34738
35239
35240
35241
35242
35243
35244
35245
35246
35247
35248
35249
35250
35251
35252
35753
35754
35755
35756
35757
35758
35759
35760
35761
35762
35763
35764
35765
35766
35767
35768
35769
36249
36250
36251
36252
36253
36254
36255
36256
36257
36258
36259
36260
36261
36262
36263
36264
36265
36734
36735
36736
36737
36738
36739
36740
36741
36742
36743
36744
37200
37201
37202
37203
37204
37205
37206
37207
37208
37209
37210
37211
37212
37674
37675
37676
37677
37678
37679
37680
37681
37682
37683
37684
38148
38149
38150
38151
38152
38153
38154
38155
38156
38157
38158
38665
38666
38668
38669
38670
38671
39179
39180
39181
39182