297190
297191
297192
297704
298222
298223
298232
298233
298234
298235
298733
298734
298746
298747
298748
298749
299251
299255
299264
299265
299266
299767
299769
299771
299772
299773
299774
299779
299780
299781
299782
299783
300280
300281
300282
300283
300284
300285
300286
300287
300291
300292
300293
300294
300295
300296
300297
300298
300816
300817
300818
300819
300820
300822
300823
300824
300825
300826
300827
300828
300829
300830
300831
300832
300833
300834
300835
300836
300837
301352
301353
301354
301356
301357
301358
301359
301360
301361
301362
301363
301364
301365
301366
301367
301368
301370
301893
301895
301896
301897
301898
301899
301900
301901
301902
301903
301904
301905
301906
302411
302412
302413
302414
302415
302416
302417
302418
302419
302422
302423
302424
302425
302426
302427
302428
302429
302430
302431
302432
302954
302955
302956
302957
302958
302959
302962
302963
302964
302965
302966
302967
302968
302969
302970
302971
302972
302973
302974
303496
303497
303498
303499
303500
303501
303502
303503
303504
303505
303506
303507
303508
303509
303510
303511
303512
303513
303514
303515
303516
304042
304043
304044
304045
304046
304047
304048
304049
304050
304051
304052
304053
304054
304055
304056
304057
304058
304059
304060
304061
304062
304063
304595
304596
304597
304598
304599
304600
304601
304603
304604
304605
304606
304607
304608
304609
304612
304613
304614
304615
305140
305144
305145
305146
305147
305148
305149
305150
305151
305152
305153
305156
305157
305158
305159
305160
305161
305162
305163
305164
305689
305690
305691
305692
305693
305694
305695
305696
305697
305698
305699
305700
305701
305702
305703
305704
305705
305706
305707
305708
305709
305710
305711
305712
306257
306258
306259
306260
306261
306262
306263
306264
306268
306269
306270
306271
306272
306273
306274
306275
306276
306277
306278
306279
306280
306806
306807
306808
306809
306810
306817
306818
306819
306820
306821
306822
306823
306824
306825
306827
306828
307361
307362
307363
307364
307365
307366
307367
307368
307369
307374
307375
307376
307377
307379
307381
307897
307898
307899
307900
307901
307902
307903
307912
307913
307914
308447
308448
308449
308450
308451
308452
308453
308454
308456
308457
308458
308462
308463
308464
308465
308998
308999
309000
309001
309002
309003
309004
309005
309006
309007
309008
309009
309010
309012
309013
309014
309015
309018
309019
309537
309538
309539
309540
309541
309546
309547
309548
309549
309550
309551
309552
309553
309556
309557
309558
310085
310086
310087
310088
310089
310091
310092
310094
310095
310096
310097
310098
310639
310640
310643
310644
310645
310646
310647
310648
310649
310650
310651
310652
310653
311178
311179
311180
311181
311182
311183
311184
311185
311186
311187
311188
311189
311724
311726
311727
311728
311729
311730
311731
311732
312249
312250
312251
312252
312253
312748
312749
312750
312751
313219
313696
313697
314159
314160
314617
315059
315060
315061
315504
315507
315508
315509
315970
315971
315972
315973
315974
315975
316431
316432
316433
316434
316435
316436
316437
316438
316439
316440
316889
316890
316891
316892
316893
316894
316895
316896
316897
316898
316899
316900
316901
317375
317376
317377
317378
317379
317380
317381
317382
317383
317384
317385
317386
317387
317388
317862
317863
317864
317865
317866
317867
317868
317869
317870
317871
317872
317873
317874
318369
318370
318371
318372
318373
318375
318376
318377
318378
318379
318380
318381
318382
318383
318889
318890
318892
318893
318894
319385
319386
319387