128139
128140
128642
128643
128644
128645
129148
129149
129150
129151
129662
129663
129664
130173
130174
130175
130176
130695
130696
130697
130698
130699
130700
130701
130702
131203
131204
131205
131206
131207
131208
131209
131210
131211
131720
131721
131722
131723
131724
131725
131726
131727
131728
131729
131730
132239
132240
132241
132242
132243
132244
132245
132246
132247
132248
132755
132756
132757
132758
132759
132760
132761
132762
132763
132764
133308
133309
133310
133311
133312
133313
133314
133315
133316
133872
133873
133874
133875
133876
133877
133878
133879
133880
133881
134467
134468
134469
134470
134471
134472
134473
134474
134475
134476
134477
134478
134479
135049
135050
135051
135052
135053
135054
135055
135056
135057
135058
135059
135060
135061
135654
135655
135656
135657
135658
135659
135660
135661
135662
135663
135664
135665
136255
136256
136257
136258
136259
136260
136261
136262
136263
136264
136265
136266
136267
136268
136269
136863
136864
136865
136866
136867
136868
136870
136871
136872
136873
136874
136875
137452
137453
137454
137455
137456
137458
137459
137460
137461
137462
137463
137464
137465
138016
138017
138018
138019
138020
138022
138023
138024
138025
138026
138027
138028
138029
138600
138601
138602
138603
138605
138606
138607
138608
138610
138611
138612
138613
138614
138615
138616
138617
139191
139192
139193
139194
139195
139196
139197
139198
139199
139200
139201
139202
139203
139204
139205
139206
139207
139208
139209
139210
139211
139801
139802
139803
139804
139805
139806
139807
139808
139809
139810
139811
139812
139813
139814
139815
139816
139817
139818
140414
140415
140416
140417
140418
140419
140420
140421
140422
140423
140424
140425
140426
140427
140428
140429
141025
141026
141027
141028
141029
141030
141031
141032
141033
141034
141035
141036
141037
141038
141607
141608
141609
141610
141611
141612
141613
141614
141615
141616
141617
141618
141619
141620
142167
142168
142169
142170
142171
142172
142173
142174
142175
142176
142177
142178
142179
142180
142181
142182
142183
142729
142730
142731
142732
142733
142734
142735
142736
142737
142738
142739
142740
142741
142742
142743
142744
142745
142746
143287
143288
143289
143290
143291
143292
143293
143294
143295
143296
143297
143298
143299
143300
143301
143302
143303
143304
143836
143837
143838
143839
143840
143841
143842
143843
143844
143845
143846
143847
143848
143849
143850
144358
144359
144360
144361
144362
144363
144364
144365
144366
144367
144368
144369
144370
144371
144372
144373
144912
144913
144914
144915
144916
144917
144918
144919
144920
145470
145471
145472
145473
145474
145475
145476
145477
145478
146034
146035
146036
146037
146038
146039
146600
146601
146602
146603
147148
147149
147150
147151
147700
147701
147702
147703
147704
147705
148232
148233
148234
148235
148236
148237
148238
148239
148240
148782
148783
148784
148785
148786
148787
148788
148789
148790
149309
149311
149312
149313
149314
149315
149316
149317
149318
149319
149320
149321
149322
149323
149840
149841
149842
149843
149844
149845
149846
149847
149848
149849
150374
150376
150377
150378
150379
150380
150381
150382
150383
150384
150905
150906
150907
150908
150909
150910
150911
150912
150913
150914
150915
150916
151446
151447
151448
151449
151450
151451
151452
151453
151454
151455
152005
152006
152007
152008
152009
152010
152011
152012
152013
152014
152015
152572
152573
152574
152575
152576
152577
152578
153109
153110
153111
153112
153113
153114
153115
153640
153641
153642
154162
154163