453876
454180
454181
454182
454183
454469
454470
454482
454483
454485
454486
454487
454488
454489
454490
454784
454786
454787
454800
454802
454803
454804
454805
454806
454807
454808
455084
455085
455086
455087
455088
455089
455090
455091
455092
455093
455106
455107
455108
455109
455110
455111
455112
455113
455114
455115
455116
455117
455118
455119
455397
455398
455399
455400
455401
455402
455403
455404
455405
455406
455407
455408
455409
455413
455420
455421
455422
455423
455424
455425
455426
455427
455428
455429
455430
455431
455432
455433
455434
455435
455436
455437
455740
455741
455742
455743
455744
455745
455746
455747
455748
455749
455750
455751
455752
455756
455757
455758
455762
455764
455765
455766
455767
455768
455769
455770
455771
455772
455773
455774
455775
455776
455777
455778
455781
456099
456100
456102
456103
456104
456105
456106
456107
456108
456109
456110
456111
456112
456113
456114
456115
456116
456117
456118
456119
456120
456121
456122
456123
456124
456125
456126
456127
456128
456129
456130
456131
456132
456133
456134
456446
456448
456449
456450
456451
456455
456456
456457
456458
456459
456460
456461
456462
456463
456464
456465
456466
456467
456468
456469
456470
456471
456472
456473
456474
456475
456476
456477
456478
456779
456780
456781
456782
456783
456788
456789
456790
456791
456792
456793
456798
456799
456800
456801
456802
456803
456804
456805
456806
456807
456808
456809
456810
456811
456812
457101
457102
457103
457104
457105
457107
457111
457112
457113
457114
457115
457116
457117
457122
457123
457124
457125
457126
457127
457128
457129
457130
457131
457132
457133
457134
457135
457421
457422
457423
457424
457425
457426
457427
457428
457429
457430
457431
457432
457433
457434
457437
457438
457439
457441
457442
457443
457444
457445
457446
457447
457448
457449
457450
457451
457452
457742
457743
457744
457745
457746
457747
457749
457750
457751
457752
457756
457757
457760
457761
457762
457763
457764
457765
457766
457767
458039
458040
458041
458042
458043
458044
458045
458046
458047
458048
458049
458050
458051
458052
458054
458055
458056
458057
458058
458059
458060
458061
458062
458340
458341
458342
458343
458344
458345
458346
458347
458348
458349
458350
458351
458352
458357
458358
458359
458360
458361
458646
458647
458648
458649
458650
458651
458652
458653
458654
458655
458656
458657
458658
458663
458664
458665
458666
458667
458668
458669
458670
458671
458951
458952
458953
458954
458955
458956
458957
458958
458959
458960
458961
458962
458963
458964
458965
458966
458967
458968
458969
458970
458971
458972
458974
458975
458976
459268
459269
459270
459271
459272
459273
459274
459278
459279
459280
459281
459282
459283
459284
459285
459286
459288
459568
459569
459570
459571
459572
459573
459577
459578
459579
459580
459581
459582
459583
459584
459866
459867
459868
459869
459870
459871
459874
459875
459876
459877
459878
459881
460164
460165
460166
460167
460168
460169
460170
460171
460478
460479
460480
460481
460482
460483
460484
460799
460800
460801
460802
460803
460804
460805
461107
461108
461109
461110
461111
461112
461113
461428
461429
461430
461431
461432
461433
461434
461435
461436
461437
461438
461755
461756
461757
461758
461759
461760
461761
461762
461763
461764
461765
462082
462083
462084
462085
462086
462087
462088
462089
462090
462091
462407
462409
462410
462411
462412
462413
462724
462725
462726
462727
462728
462729
462730
463035
463036
463037
463038
463039
463040
463041
463365
463366
463367
463368
463692
463693
464008