81629
81633
81634
82211
82213
82216
82217
82221
82222
82811
82812
82813
82814
82815
82816
82817
82818
82819
82820
82821
83396
83397
83398
83399
83400
83401
83402
83403
83404
83405
83406
83407
83408
83966
83967
83968
83969
83970
83971
83972
83973
83974
83975
83976
83977
83981
83982
84532
84533
84534
84535
84536
84537
84538
84539
84540
84541
84542
84543
84544
84545
84546
84547
85104
85105
85106
85107
85108
85109
85110
85111
85112
85113
85114
85115
85116
85117
85118
85119
85120
85680
85681
85682
85683
85684
85685
85686
85687
85688
85689
85690
85691
85692
85693
85694
85695
85696
85697
86240
86241
86242
86243
86244
86245
86246
86247
86248
86249
86250
86251
86252
86253
86254
86255
86256
86799
86801
86802
86803
86804
86805
86806
86807
86808
86809
86810
86811
86812
86813
87345
87346
87347
87348
87349
87350
87351
87352
87353
87354
87355
87356
87357
87358
87359
87864
87865
87866
87867
87868
87869
87870
87871
87872
87873
87874
87875
87876
87877
88378
88379
88380
88381
88382
88383
88384
88385
88386
88387
88388
88389
88390
88391
88900
88901
88902
88903
88904
88905
88906
88907
88908
88909
88910
88911
88912
88913
88914
88915
88916
89405
89407
89408
89409
89410
89411
89412
89413
89414
89415
89416
89417
89418
89419
89420
89421
89422
89423
89424
89937
89939
89940
89941
89944
89945
89946
89947
89948
89949
89950
89951
89952
89953
89954
89955
89956
89957
89958
89959
90466
90467
90468
90469
90470
90474
90475
90476
90477
90478
90479
90480
90481
90482
90483
90484
90485
90486
90487
91016
91017
91018
91019
91020
91021
91025
91026
91027
91028
91032
91033
91034
91035
91036
91037
91038
91039
91040
91583
91584
91585
91586
91587
91588
91589
91590
91591
91592
91593
91594
91596
91601
91603
91604
91605
91606
91607
91608
91609
92147
92148
92149
92150
92151
92152
92153
92154
92155
92156
92157
92158
92159
92160
92161
92162
92163
92164
92165
92167
92169
92170
92171
92172
92173
92174
92175
92176
92722
92723
92724
92725
92726
92727
92728
92729
92730
92731
92732
92733
92734
92735
92736
92737
92738
92739
92740
92741
92742
92743
92745
92746
92747
92748
92749
92750
92751
92752
92753
92754
92755
92756
92757
92758
93307
93308
93309
93311
93315
93316
93317
93318
93319
93320
93321
93322
93323
93324
93325
93326
93327
93329
93330
93331
93332
93333
93334
93335
93336
93337
93338
93339
93340
93341
93342
93343
93937
93938
93939
93940
93941
93942
93943
93944
93945
93946
93947
93948
93949
93950
93951
93952
93953
93954
93955
93956
93957
93965
93966
93967
93968
93969
93970
93971
94544
94545
94546
94547
94550
94551
94553
94554
94556
94557
94558
94559
94560
94561
94562
94563
94564
94570
94571
94572
94573
94574
94575
94576
95168
95169
95173
95175
95176
95177
95178
95179
95180
95181
95182
95183
95184
95185
95186
95187
95194
95195
95196
95197
95198
95199
95837
95838
95839
95840
95841
95842
95843
95844
95845
95850
95851
95858
95859
95860
95861
95862
96473
96474
96477
96478
96479
96480
96481
96488
96489
96496
96498
97124
97126
97127
97128
97129
97130
97131
97132
97138
97139
97140
97752
97753
97754
97755
97756