327958
328461
328462
328466
328943
328944
328945
328949
328950
328951
328952
329420
329421
329422
329423
329424
329425
329426
329427
329428
329429
329430
329876
329877
329878
329879
329880
329881
329882
329884
329885
329886
330332
330333
330334
330335
330336
330337
330339
330341
330342
330343
330344
330797
330798
330799
330800
330804
330805
330806
330807
330808
331267
331268
331269
331270
331271
331272
331273
331274
331275
331276
331277
331278
331730
331731
331733
331734
331735
331736
331737
331738
331739
331740
331741
331742
331743
332209
332210
332211
332212
332213
332214
332215
332216
332217
332218
332219
332220
332221
332222
332223
332224
332225
332700
332701
332702
332703
332704
332705
332706
332707
332708
332709
332710
332711
332712
332713
332714
332715
332716
332717
332718
333189
333190
333191
333192
333193
333194
333195
333196
333197
333198
333199
333200
333201
333202
333203
333204
333205
333206
333207
333208
333209
333672
333673
333674
333675
333676
333677
333678
333679
333682
333683
333684
333685
333686
333687
333688
334124
334125
334126
334127
334128
334129
334130
334131
334132
334133
334134
334135
334136
334137
334138
334581
334582
334583
334584
334585
334586
334587
334588
334592
334593
334594
335033
335034
335035
335036
335037
335038
335039
335042
335043
335044
335045
335483
335484
335485
335486
335487
335488
335489
335493
335494
335495
335949
335950
335951
335952
335953
335954
335955
335956
335957
335959
335960
335961
335962
336409
336410
336411
336412
336413
336414
336415
336416
336417
336418
336889
336890
336891
336892
336893
336894
336895
336896
336897
336898
336899
336901
337395
337396
337397
337398
337399
337400
337401
337402
337403
337404
337405
337406
337407
337408
337409
337410
337411
337919
337920
337921
337922
337926
337927
337928
337929
337930
337931
337932
337933
337934
338460
338461
338462
338463
338464
338467
338468
338469
338470
338996
338997
338998
338999
339000
339001
339002
339003
339004
339005
339006
339520
339521
339522
339523
339524
339525
339526
339527
339528
339529
340054
340055
340056
340057
340058
340059
340060
340595
340596
340597
340599
340600
340601
340602
340603
340604
340605
341152
341153
341154
341156
341157
341158
341159
341162
341163
341674
341675
341676
341677
341678
341679
341680
341681
342195
342196
342198
342199
342200
342201
342202
342203
342204
342205
342728
342729
342730
342732
342733
342734
342735
342736
342737
342738
342739
343279
343280
343281
343282
343283
343284
343285
343286
343287
343288
343289
343290
343857
343858
343859
343860
343861
343862
343863
343864
343865
343866
343867
343868
344416
344417
344418
344419
344420
344421
344422
344423
344424
344425
344426
344427
344428
344429
344430
344431
344945
344946
344947
344948
344949
344950
344951
344952
344953
344954
344955
344956
344957
344958
345506
345507
345508
345509
345510
345511
345512
345513
345514
345515
345516
345517
345518
346045
346046
346047
346048
346049
346050
346051
346052
346053
346054
346055
346056
346057
346058
346059
346586
346587
346588
346589
346590
346591
346592
346593
346594
346595
346596
346597
346598
347132
347133
347134
347135
347136
347137
347138
347139
347140
347141
347142
347143
347144
347699
347700
347701
347702
347703
347704
347705
347706
347707
348277
348278
348280
348281
348282
348283
348284
348285
348286
348288
348289
348290
348862
348863
348864
348865
348866
348867
348868
348869
348870
349477
349478
349479
349480
349481
349482
349483
349484
350075
350076
350077
350656
350657
350658
350659
350660