244293
244892
244893
244894
245492
245493
245494
245495
246072
246073
246074
246076
246077
246078
246079
246080
246081
246082
246657
246658
246659
246660
246661
246662
246665
246666
246667
246668
247240
247241
247242
247243
247244
247245
247246
247248
247249
247250
247251
247805
247811
247812
247813
247814
247815
247816
247817
247818
247819
247820
247821
247822
248356
248357
248358
248359
248360
248361
248362
248363
248364
248365
248366
248367
248368
248369
248370
248371
248372
248910
248911
248912
248913
248914
248915
248916
248918
248919
248920
248921
248922
248923
248924
248925
248926
248927
248928
249456
249457
249458
249460
249461
249462
249463
249464
249465
249466
249467
249468
249469
249470
249471
249472
249473
249474
249475
249476
250003
250004
250005
250006
250007
250008
250009
250010
250011
250012
250013
250014
250015
250016
250018
250019
250020
250021
250022
250023
250024
250025
250026
250535
250538
250539
250540
250541
250542
250543
250544
250545
250546
250547
250548
250549
250550
250551
250552
250553
250554
250555
250556
250557
250558
250559
251078
251079
251080
251081
251082
251083
251084
251085
251086
251087
251088
251089
251090
251091
251092
251093
251094
251095
251096
251097
251098
251099
251100
251101
251102
251103
251104
251105
251106
251107
251628
251629
251630
251631
251632
251633
251634
251635
251637
251638
251639
251640
251641
251642
251643
251644
251645
251646
251647
251648
251649
251650
251651
251652
251653
252206
252207
252208
252209
252211
252212
252213
252215
252216
252217
252218
252219
252220
252221
252222
252223
252224
252225
252226
252227
252228
252229
252230
252231
252232
252802
252803
252804
252805
252806
252807
252809
252810
252811
252812
252813
252814
252815
252816
252817
252818
252819
252820
252821
252822
252823
252824
253381
253382
253383
253384
253385
253386
253387
253388
253389
253390
253391
253392
253393
253394
253395
253396
253397
253398
253399
253400
253401
253963
253964
253965
253966
253967
253968
253969
253970
253971
253972
253973
253974
253975
253976
253977
253978
253979
253980
254549
254550
254551
254552
254553
254554
254555
254556
254557
254558
254559
254560
254561
254562
254563
254564
254565
254566
254567
254568
254569
254570
254571
254572
254573
254574
255170
255171
255172
255173
255174
255175
255176
255177
255178
255179
255180
255181
255182
255183
255184
255185
255186
255187
255188
255189
255190
255191
255780
255781
255782
255783
255784
255785
255786
255787
255788
255789
255790
255791
255792
255793
255794
255795
256400
256401
256402
256403
256404
256405
256406
256407
256408
256409
256410
256411
256412
256413
256414
256415
256416
257009
257010
257011
257012
257013
257014
257015
257016
257017
257018
257019
257020
257021
257022
257023
257024
257025
257026
257624
257625
257626
257627
257628
257629
257630
257631
257632
257633
257634
257635
257636
257638
257639
257640
257641
258238
258246
258247
258248
258249
258250
258251
258252
258253
258254
258255
258256
258868
258869
258870
258871
258872
259510
259511
259512
259513
259514
260158
260159
260160
260161
260796
260797
260798
260799
261415
261416
261417
261418
262022
262023
262024
262025
262026
262027
262637
262638
262639
262641
262642
262643
263239
263240
263241
263242
263243
263244
263245
263246
263842
263843
263844
263845
263846
264458
264459
264460
264461
264462
264463
264464
265084
265085
265086
265087
265088
265089
265090
265723
265724
265725
265726
265727
265728
265729
266352
266353
266354
266355
266356
266357
266358
266359
266965
266966