270666
270668
270671
271326
271327
271328
271329
271330
271331
271332
271333
271979
271981
271982
271983
271984
271985
272628
272629
272630
272631
272632
272633
272634
272635
273270
273271
273272
273273
273274
273275
273276
273277
273278
273279
273280
273281
273924
273925
273926
273927
273928
273929
273930
273931
273932
273933
273934
273935
274569
274570
274571
274572
274573
274574
274575
274576
274577
274578
274579
274580
274581
274582
275194
275195
275196
275197
275198
275199
275200
275201
275202
275203
275204
275205
275206
275207
275208
275209
275833
275834
275835
275836
275837
275838
275839
275840
275841
275842
275843
275844
275845
275846
275847
276481
276482
276483
276484
276485
276486
276487
276488
276489
276490
276491
276492
276493
276494
276495
276496
277098
277099
277100
277101
277102
277103
277104
277105
277106
277107
277108
277109
277110
277111
277112
277113
277714
277715
277716
277717
277718
277719
277720
277721
277722
277723
277724
277725
277726
277727
277728
277729
277730
277731
277732
277733
278324
278325
278326
278327
278328
278329
278330
278331
278332
278333
278334
278335
278336
278337
278338
278339
278340
278341
278342
278343
278344
278345
278346
278927
278928
278929
278930
278931
278932
278933
278934
278935
278936
278937
278938
278939
278940
278941
278942
278943
278944
278945
278946
278947
278948
278949
278950
278951
279546
279547
279548
279549
279550
279551
279552
279553
279554
279555
279556
279557
279558
279559
279560
279561
279562
279563
279564
279565
279566
279567
279568
279569
280152
280153
280154
280155
280156
280157
280158
280159
280160
280161
280162
280163
280164
280165
280166
280167
280168
280169
280170
280171
280172
280173
280174
280175
280176
280746
280747
280748
280749
280750
280751
280752
280753
280754
280755
280756
280757
280758
280759
280760
280761
280762
280763
280764
280765
280766
280767
280768
281342
281343
281346
281347
281348
281349
281350
281351
281352
281353
281354
281355
281356
281357
281358
281359
281360
281361
281939
281940
281941
281942
281943
281944
281945
281946
281947
281948
281949
281950
281951
281952
281953
281954
281955
281956
282526
282527
282528
282529
282530
282531
282532
282533
282534
282535
282536
282537
282538
282539
282540
282541
282542
283125
283126
283127
283128
283129
283130
283131
283132
283133
283134
283135
283136
283137
283138
283732
283733
283734
283735
283736
283737
283738
283739
283740
283741
283742
283743
283744
283745
284345
284346
284347
284348
284349
284350
284351
284352
284353
284354
284355
284356
284357
284948
284949
284950
284951
284952
284953
284954
284955
284956
284957
284958
284959
284960
284961
284962
284963
285530
285531
285532
285533
285534
285535
285536
285537
285538
285539
285540
285541
285542
286079
286080
286081
286082
286083
286084
286085
286086
286087
286088
286089
286090
286091
286092
286596
286597
286598
286599
286600
286601
286602
286603
286604
286605
286606
286607
286608
287108
287109
287112
287113
287114
287115
287116
287117
287118
287119
287120
287631
287632
287633
287634
287635
287636
287637
287638
287639
287640
288151
288152
288153
288154
288155
288156
288157
288158
288159
288160
288161
288162
288163
288683
288684
288685
288686
288687
288688
288689
288690
288691
288692
288693
288694
289181
289182
289183
289184
289185
289186
289187
289188
289189
289190
289652
289653
289654
289655
289656
289657
289658
289659
289660
290163
290164
290165
290166
290167
290168
290169
290170
290659
290660
290661
290662
290663
291130
291131
291132
291133
291134
291135