357382
357943
357944
358486
358487
358488
358489
358490
358491
359030
359031
359032
359033
359034
359555
359556
359557
359558
359559
359560
359564
359565
360086
360087
360088
360089
360090
360091
360092
360093
360094
360095
360096
360098
360099
360100
360101
360102
360103
360593
360594
360595
360596
360597
360598
360599
360600
360601
360602
360603
360604
360605
360606
360607
360608
360609
360610
360611
360612
360613
361092
361093
361094
361095
361096
361097
361098
361099
361100
361101
361102
361103
361104
361105
361106
361107
361108
361109
361110
361111
361112
361605
361606
361607
361608
361609
361610
361611
361612
361613
361614
361615
361616
361617
361618
361619
361620
361621
361622
362139
362140
362141
362142
362143
362144
362145
362146
362147
362148
362149
362150
362151
362152
362153
362154
362155
362156
362655
362656
362657
362658
362659
362660
362661
362662
362663
362664
362665
362666
362667
362668
362669
362670
362671
362672
362673
362674
363172
363173
363174
363175
363176
363177
363178
363179
363180
363181
363182
363183
363184
363185
363186
363187
363188
363189
363190
363690
363691
363692
363693
363694
363695
363696
363697
363698
363699
363700
363701
363702
363703
363704
363705
363706
363707
363708
363709
363710
363711
363712
364206
364207
364208
364209
364210
364211
364212
364213
364214
364215
364216
364217
364218
364219
364220
364221
364222
364223
364224
364225
364226
364227
364228
364229
364230
364231
364717
364718
364719
364720
364721
364722
364723
364724
364725
364726
364727
364728
364729
364730
364731
364732
364733
364734
364735
364736
364737
364738
364739
364740
364741
364742
364743
364744
364745
364746
365221
365222
365223
365224
365225
365226
365227
365228
365229
365230
365231
365232
365233
365234
365235
365236
365237
365238
365239
365240
365241
365242
365243
365244
365245
365246
365247
365248
365249
365250
365251
365252
365701
365702
365703
365704
365705
365706
365707
365708
365709
365710
365711
365712
365713
365714
365715
365716
365717
365718
365719
365720
365721
365722
365723
365724
365725
365726
365727
365728
365729
365730
365731
365732
366170
366171
366172
366173
366174
366175
366176
366177
366178
366179
366180
366181
366182
366183
366184
366185
366186
366187
366188
366189
366190
366191
366192
366193
366194
366195
366196
366638
366639
366640
366641
366642
366643
366644
366645
366646
366647
366648
366649
366650
366651
366652
366653
366654
366655
366656
366657
366658
366659
366660
366661
366662
366663
366664
367132
367133
367134
367136
367137
367138
367139
367140
367141
367142
367143
367144
367145
367146
367147
367148
367149
367150
367151
367152
367153
367154
367155
367156
367649
367650
367653
367654
367655
367656
367657
367658
367659
367660
367661
367662
367663
367666
367667
367668
367669
367670
367671
367672
367673
367674
367675
367676
367677
367678
367679
368148
368152
368153
368154
368155
368156
368157
368158
368159
368160
368161
368162
368164
368165
368166
368167
368168
368169
368170
368171
368172
368173
368174
368175
368176
368177
368178
368664
368665
368666
368667
368668
368669
368670
368671
368674
368675
368676
368677
368678
368679
368680
368681
368682
368683
368684
368685
368686
369166
369167
369168
369169
369170
369171
369175
369176
369177
369178
369179
369180
369181
369182
369183
369184
369185
369186
369187
369635
369636
369637
369638
369639
369640
369641
369642
369647
369648
369649
369650
369651
369652
369653
370116
370117
370118
370119
370120
370121
370128
370129
370610
370620
371109
371618
371619
372133