453398
453401
453720
453721
453722
453723
454032
454033
454034
454035
454340
454341
454342
454343
454344
454666
454667
454668
454669
454986
454987
454988
454989
454990
455303
455304
455305
455306
455637
455639
455988
455989
455990
456340
456341
456342
456343
456675
456676
456677
456999
457000
457001
457002
457003
457315
457316
457317
457318
457636
457637
457638
457945
457946
457947
457948
458241
458242
458243
458540
458541
458542
458543
458544
458545
458546
458851
458852
458853
458854
458855
458856
458857
459169
459170
459171
459172
459173
459174
459469
459470
459471
459472
459473
459771
459772
459773
459774
459775
459776
459777
459778
459779
459780
460068
460069
460070
460071
460074
460075
460076
460077
460078
460374
460375
460376
460377
460378
460379
460380
460381
460382
460383
460384
460385
460386
460387
460388
460389
460390
460391
460392
460687
460688
460689
460690
460691
460692
460693
460694
460695
460696
460697
461000
461002
461003
461004
461005
461006
461007
461008
461009
461010
461011
461012
461307
461308
461309
461310
461312
461313
461314
461315
461316
461317
461628
461629
461630
461631
461632
461957
461958
461959
461960
462277
462278
462279
462280
462281
462588
462589
462590
462591
462592
462593
462594
462595
462596
462597
462910
462911
462912
462913
462914
462915
462916
462917
462918
462919
463219
463220
463221
463222
463223
463224
463225
463551
463552
463553
463554
463555
463556
463557
463558
463559
463871
463872
463873
463874
463875
463876
463877
463878
463879
464199
464200
464201
464202
464203
464204
464205
464206
464207
464208
464209
464210
464542
464543
464544
464545
464546
464547
464548
464549
464550
464551
464552
464553
464887
464888
464889
464890
464891
464892
464893
464894
464895
464896
464897
465216
465217
465218
465219
465220
465221
465222
465223
465536
465537
465538
465539
465540
465541
465542
465869
465870
465871
465872
465874
465875
465876
465877
466204
466205
466206
466207
466208
466209
466210
466212
466213
466214
466215
466536
466537
466538
466539
466540
466541
466542
466543
466544
466869
466870
466871
466872
466873
466874
467201
467202
467203
467204
467205
467206
467513
467514
467515
467516
467517
467518
467837
467838
467839
467840
467841
468146
468147
468148
468149
468150
468151
468444
468445
468446
468447
468448
468449
468752
468753
468754
468755
468756
469052
469053
469054
469344
469345
469346
469347
469348
469634
469635
469636
469637
469638
469639
469917
469918
469919
469920
469921
469922
469923
470186
470187
470188
470189
470190
470191
470192
470193
470194
470435
470436
470437
470438
470439
470440
470441
470690
470691
470692
470693
470962
470964
470965
471231
471232
471233
471508
471509
471770
471771
471772
472042
472043
472044
472331
472332
472333
472334
472335
472639
472640
472641
472642
472643
472644
472645
472939
472940
472941
472942
472943
472944
473239
473240
473241
473242
473243
473244
473537
473538
473539
473540
473541
473542
473543
473544
473867
473868
473869
473870
473871
473872
473873
473874
473875
473876
473877
474195
474196
474197
474198
474199
474200
474201
474202
474517
474518
474519
474520
474521
474522
474523
474840
474841
474842
474843
474844
474845
475167
475168
475506
475507
475840
475841
476174
476504
476505
476506
476507
476508
476509
476866
476867
476868
476869
476870
477228
477229
477230
477231
477233
477595
477596
477597
477598
477599
477600
477602
477980
477981
477982
477983
477984
477985
477986
478344
478345
478346
478347
478348
478696
478697
478698
479040
479041
479372
479373