230320
230321
230322
230323
230324
230325
230326
230854
230855
230856
230857
230858
230859
230860
230861
231403
231404
231405
231406
231407
231408
231409
231410
231411
231418
231958
231959
231960
231961
231962
231963
231964
231965
231966
231967
231968
231969
231970
231972
231973
231974
231975
231976
231977
231978
232520
232521
232522
232523
232524
232525
232526
232527
232528
232529
232530
232531
232532
232533
232534
232535
232536
232537
232538
232539
232540
232541
232542
232543
232544
232545
232546
233117
233118
233119
233120
233121
233122
233123
233124
233125
233126
233127
233128
233129
233130
233131
233132
233133
233134
233135
233136
233137
233138
233139
233140
233141
233142
233143
233697
233698
233699
233700
233701
233702
233703
233704
233705
233706
233707
233708
233709
233710
233711
233712
233713
233714
233715
233716
233717
233718
233719
233720
233721
234252
234253
234254
234255
234256
234257
234258
234259
234260
234261
234262
234263
234264
234265
234266
234267
234268
234269
234270
234271
234272
234273
234274
234275
234797
234798
234799
234800
234801
234802
234803
234804
234805
234806
234807
234808
234809
234810
234811
234812
234813
234814
234815
234816
234817
235347
235348
235349
235350
235351
235352
235353
235354
235355
235356
235357
235358
235359
235360
235361
235362
235363
235364
235365
235366
235367
235368
235369
235370
235371
235372
235917
235918
235919
235920
235921
235922
235923
235924
235925
235926
235927
235931
235932
235933
235934
235935
235936
235937
235938
235939
235940
235941
235942
236517
236518
236519
236520
236521
236522
236523
236524
236525
236529
236530
236531
236532
236533
236534
236535
236536
236537
236538
236539
236540
236541
236542
236543
236544
237137
237138
237139
237140
237141
237142
237143
237144
237145
237146
237147
237148
237149
237150
237152
237153
237154
237155
237156
237157
237158
237159
237160
237161
237162
237163
237164
237165
237166
237763
237764
237765
237766
237767
237768
237769
237770
237771
237772
237775
237776
237777
237778
237779
237780
237781
237782
237783
237784
237785
237786
237787
237788
237789
237790
238370
238371
238372
238373
238374
238375
238376
238377
238378
238382
238383
238384
238385
238386
238387
238388
238389
238390
238391
238392
238393
238394
238395
238396
238397
238973
238974
238975
238976
238977
238978
238979
238980
238981
238982
238983
238984
238985
238986
238987
238988
238989
238990
238991
238992
238993
238994
238995
238996
238997
238998
238999
239000
239001
239002
239603
239604
239605
239606
239607
239608
239609
239610
239611
239612
239613
239614
239615
239616
239617
239618
239619
239620
239621
239622
239623
239624
239625
239626
239627
239628
239629
239630
239631
239632
239633
239634
240231
240232
240233
240234
240235
240236
240237
240238
240239
240240
240241
240242
240243
240245
240246
240247
240248
240249
240250
240251
240252
240253
240254
240255
240256
240257
240258
240259
240260
240261
240262
240823
240824
240825
240827
240828
240829
240830
240833
240834
240835
240836
240837
240838
240839
240840
240841
240842
240843
240844
240845
240846
240847
240848
241395
241398
241399
241403
241404
241405
241406
241407
241409
241410
241411
241412
241413
241414
241415
241416
241417
241418
241984
241985
241990
241991
241992
241993
241994
241995
241996
241997
241998
241999
242000
242002
242003
242004
242584
242585
242586
242587
242588
242589
242590
242591
242592
242593
243185
243186
243187
243188
243190
243191
243192
243193
243792
243793
243794
243795
243799
244391
244392
244998
244999