129437
129960
130472
130473
130474
130475
130476
130988
130989
130990
130991
130992
131502
131503
131504
131505
131506
131507
132027
132028
132029
132030
132552
132553
132554
132555
133092
133093
133094
133095
133649
133650
133651
133652
134228
134229
134230
134231
134232
134817
134818
134819
134820
134821
134822
134823
135426
135427
135428
135429
135430
135431
135432
135433
136020
136021
136022
136023
136024
136025
136026
136027
136028
136029
136628
136630
136631
136632
136633
136634
137221
137222
137223
137224
137225
137226
137790
137791
137792
137793
137794
137795
138377
138378
138379
138380
138381
138963
138964
138965
138966
138967
138968
139574
139575
139576
140190
140191
140192
140193
140796
141384
141385
141966
141967
141968
141969
142536
142537
142538
142539
143096
143097
143098
143099
143650
143651
143652
143653
143654
143655
143656
143657
143658
143659
143660
144178
144179
144181
144182
144183
144724
144725
144729
145291
145292
145293
145294
145295
145296
145297
145298
145851
145852
145853
145854
145855
145856
145857
145858
145859
146407
146408
146409
146410
146411
146412
146413
146414
146415
146416
146417
146418
146419
146420
146421
146422
146423
146966
146967
146968
146969
146970
146971
146972
146973
146974
146975
146976
146977
146978
146979
146980
146981
146982
146983
146984
146985
147512
147513
147514
147515
147516
147517
147518
147519
147520
147521
147522
147523
147524
147525
147526
147527
147528
147529
147530
147531
148060
148061
148062
148063
148064
148065
148066
148067
148068
148069
148070
148071
148072
148073
148074
148075
148617
148618
148619
148620
148621
148622
148623
148624
148625
148626
148627
148628
148629
148630
148631
149139
149140
149141
149142
149143
149144
149145
149146
149147
149148
149149
149150
149151
149675
149676
149679
149680
149681
149682
149683
149684
149685
149686
149687
149688
149689
150208
150209
150212
150213
150214
150215
150216
150217
150218
150219
150220
150221
150222
150735
150736
150737
150738
150740
150741
150742
150743
150744
150745
150746
150747
150748
150749
150750
151274
151275
151276
151277
151284
151285
151286
151287
151288
151289
151290
151291
151834
151835
151836
151837
151838
151843
151844
151845
151846
151847
151848
151849
151850
151851
152396
152397
152398
152403
152404
152405
152406
152407
152408
152409
152410
152411
152939
152940
152941
152942
152943
152944
152949
152950
152951
152952
152953
152954
152955
152956
152957
153477
153478
153480
153481
153482
153483
153484
153485
153486
153489
153490
153491
153492
153493
153494
153495
153991
153992
153993
153994
153995
153996
153997
153998
153999
154000
154001
154002
154004
154005
154006
154007
154008
154009
154010
154506
154507
154508
154509
154510
154511
154512
154513
154514
154515
154516
154517
154518
154519
154520
154521
155004
155005
155006
155009
155010
155011
155012
155013
155014
155015
155016
155017
155018
155019
155020
155021
155493
155494
155495
155496
155497
155498
155499
155500
155501
155502
155503
155504
155938
155939
155940
155941
155942
155943
155944
155945
155946
155947
155951
155952
155953
155954
155955
155956
155957
155958
155959
156402
156403
156404
156405
156406
156407
156408
156409
156410
156411
156417
156418
156419
156420
156421
156422
156423
156894
156896
156897
156898
156899
156906
156907
156908
156909
156910
156911
156912
157397
157398
157399
157400
157406
157407
157408
157409
157410
157411
157412
157881
157882
157883
157884
157891
158383
158384
158385
158386
158840
158841
158842
158843
158844
159294
159295