344940
345500
345501
346041
346042
346043
346044
346580
346581
346582
346583
346584
346585
347125
347126
347127
347128
347129
347130
347131
347693
347694
347695
347696
347697
347698
348273
348274
348275
348276
348277
348278
348279
348858
348859
348860
348861
348862
349472
349473
349474
349475
349476
350071
350072
350073
350074
350644
350645
350646
350647
350650
350651
350652
350653
350654
350655
351212
351213
351214
351215
351216
351217
351218
351219
351220
351221
351222
351223
351224
351225
351776
351777
351778
351779
351780
351781
351782
351783
351784
351785
351786
351787
351788
352328
352329
352330
352331
352332
352333
352334
352335
352336
352337
352338
352891
352892
352893
352894
352895
352896
352897
352898
352899
352900
352901
352902
352903
352904
352905
352906
352907
353470
353471
353472
353473
353474
353475
353476
353477
353478
353479
353480
353481
353482
353483
353484
353485
353486
353487
353488
353489
353490
353491
353492
354040
354041
354042
354043
354044
354045
354046
354047
354048
354049
354050
354051
354052
354053
354054
354055
354056
354057
354058
354625
354626
354627
354628
354629
354630
354631
354632
354633
354634
354635
354636
354637
354638
354639
354640
354641
354642
354643
354644
354645
355241
355242
355243
355244
355245
355246
355247
355248
355249
355250
355251
355252
355253
355254
355255
355256
355257
355830
355831
355832
355833
355834
355835
355836
355837
355839
355840
355841
355842
355843
355844
355845
355846
356407
356410
356411
356412
356413
356414
356415
356416
356417
356418
356419
356420
356421
356422
356423
356424
356425
356426
356427
356973
356974
356975
356976
356978
356979
356980
356981
356982
356983
356984
356985
356986
356987
356988
356989
356990
356991
356992
356993
356994
357529
357530
357531
357532
357533
357535
357536
357537
357538
357539
357540
357541
357542
357543
357544
357545
357546
357547
357548
357549
358086
358088
358089
358090
358091
358092
358093
358094
358095
358096
358097
358098
358099
358100
358101
358102
358103
358104
358105
358630
358631
358633
358634
358637
358638
358639
358640
358641
358642
358643
358644
358645
358646
358647
358648
359168
359169
359170
359174
359175
359176
359177
359178
359179
359180
359181
359182
359183
359184
359185
359186
359187
359697
359698
359699
359700
359705
359706
359707
359708
359709
359710
359711
359712
359713
359714
359715
359716
359717
359718
360222
360223
360224
360225
360230
360231
360232
360233
360234
360235
360236
360237
360719
360720
360721
360727
360728
360729
360730
360731
360732
361220
361221
361224
361225
361226
361227
361228
361229
361745
361746
361747
361748
361749
361751
361752
361754
362282
362283
362284
362285
362286
362287
362288
362289
362290
362291
362807
362808
362809
362810
362811
362812
362813
362814
362815
363309
363310
363311
363312
363313
363314
363315
363316
363832
363833
363834
363835
363836
363837
363838
363839
363840
363841
364347
364348
364349
364350
364351
364352
364353
364860
364861
364862
364863
364864
364865
365359
365360
365361
365362
365363
365840
365841
365842
365843
365844
365845
366297
366298
366299
366300
366301
366761
366762
366763
366764
367253
367254
367255
367754
367755
367756
367757
367758
367759
368272
368273
368274
368275
368780
368781
368782
368783
368784
369275
369276
369277
369278
369279
369280
369752
369753
369754
369755
369756
369757
369758
370233
370234
370235
370236
370717
370718
370719
370720
370721
370722
370723
370724
371212
371213
371214
371215
371216
371217
371714
371715
371716
371717
372227
372228