483921
483922
484256
484260
484588
484589
484590
484591
484592
484906
484907
484908
484909
484910
485225
485226
485227
485228
485229
485230
485231
485232
485572
485573
485574
485575
485576
485577
485901
485902
485904
485907
486207
486208
486209
486210
486211
486212
486213
486214
486215
486518
486519
486520
486521
486522
486523
486524
486525
486526
486865
486866
486867
486868
486869
486870
486871
486872
487235
487236
487237
487238
487239
487240
487241
487242
487243
487244
487246
487247
487248
487249
487250
487600
487602
487603
487604
487605
487606
487607
487608
487609
487610
487611
487612
487613
487614
487615
487616
487617
487979
487980
487981
487982
487983
487984
487985
487986
487987
487988
487989
487990
487991
487992
487993
487994
487995
488378
488379
488380
488381
488382
488383
488384
488385
488386
488387
488388
488389
488390
488391
488392
488786
488787
488788
488789
488790
488791
488792
488793
488794
488795
488796
488797
488798
488799
488800
488801
489186
489187
489188
489190
489191
489192
489193
489194
489195
489196
489197
489198
489199
489200
489609
489610
489611
489614
489615
489616
489617
489618
489619
489620
489621
489622
490040
490041
490042
490044
490045
490046
490051
490052
490053
490054
490451
490452
490453
490454
490455
490456
490457
490459
490460
490461
490462
490463
490464
490863
490864
490865
490866
490867
490868
490869
490870
490871
490872
490873
490874
490875
490876
491250
491251
491253
491254
491255
491256
491257
491258
491259
491260
491261
491262
491263
491264
491265
491266
491267
491268
491660
491661
491662
491663
491664
491665
491666
491667
491668
491669
491670
491671
491672
491673
491674
491675
491676
491677
491678
491679
491680
491681
492078
492079
492080
492081
492082
492084
492085
492086
492087
492088
492089
492090
492091
492092
492093
492094
492095
492096
492097
492098
492099
492498
492499
492500
492501
492502
492503
492504
492505
492506
492507
492508
492509
492510
492511
492515
492516
492517
492518
492919
492920
492921
492922
492923
492924
492925
492926
492927
492928
492929
492930
492931
492932
492933
492934
492940
492941
492942
492943
493355
493356
493357
493358
493359
493360
493361
493362
493363
493364
493365
493366
493367
493368
493786
493787
493788
493789
493790
493791
493792
493793
493794
493795
493796
493797
493798
493799
493800
494223
494224
494225
494226
494227
494228
494229
494230
494231
494232
494233
494234
494667
494668
494669
494670
494671
494672
494673
494674
494675
494676
494677
494678
495118
495119
495120
495124
495125
495126
495127
495128
495129
495130
495131
495585
495586
495587
495588
495589
496031
496032
496033
496034
496035
496036
496037
496483
496484
496486
496487
496490
496491
496935
496936
496937
496938
496939
496942
496943
496944
496947
496948
496949
497413
497414
497415
497418
497419
497420
497421
497422
497423
497424
497425
497426
497892
497894
497895
497896
497897
497898
497899
497904
497905
498386
498387
498388
498389
498390
498391
498392
498396
498397
498406
498407
498889
498890
498891
498892
498893
498894
498899
498900
498909
498910
499407
499408
499409
499410
499411
499412
499417
499418
499419
499420
499427
499430
499932
499933
499934
499935
499942
499943
499944
499947
499948
499951
499953
500465
500466
500467
500474
500475
500477
500478
500479
500480
500481
500482
500483
500484
501001
501002
501003
501004
501010
501011
501012
501013
501014
501015
501016
501017
501018
501019
501530
501531
501541
501542
501543
501544
501545
501547
501548
501549
502037
502038
502049
502494
502495