394836
395368
395369
395370
395371
395372
395373
395374
395923
395924
395925
395926
395927
395928
395929
395930
395931
395932
395933
396463
396464
396465
396466
396467
396468
396469
396470
396471
396472
396991
396992
396993
396994
396995
396996
396997
397500
397501
397502
397503
397504
397505
397506
397507
397508
397509
397510
398034
398035
398036
398037
398038
398039
398040
398041
398042
398043
398044
398045
398046
398047
398581
398582
398583
398584
398585
398586
398587
398588
398589
398590
398591
398592
398593
398594
398595
398596
398597
399142
399143
399144
399145
399146
399147
399148
399149
399150
399151
399152
399153
399154
399155
399156
399157
399158
399159
399673
399674
399675
399676
399677
399678
399679
399680
399681
399682
399683
399684
399685
399686
399687
399688
399689
399690
400191
400192
400193
400194
400195
400196
400197
400198
400199
400200
400201
400202
400203
400204
400205
400206
400207
400208
400209
400210
400211
400212
400682
400683
400684
400685
400686
400687
400688
400689
400690
400691
400692
400693
400694
400695
400696
400697
400698
400699
400700
400701
400702
400703
400704
401183
401184
401185
401186
401187
401188
401189
401190
401191
401192
401193
401194
401195
401196
401197
401198
401199
401200
401201
401202
401203
401204
401205
401211
401212
401213
401214
401215
401686
401687
401688
401689
401690
401691
401692
401693
401694
401695
401696
401697
401698
401699
401700
401701
401702
401703
401704
401705
401706
401711
401712
401713
401714
402183
402184
402185
402186
402187
402188
402189
402190
402191
402192
402193
402194
402195
402196
402197
402198
402199
402200
402201
402202
402203
402204
402205
402209
402210
402211
402212
402213
402689
402690
402691
402692
402693
402694
402695
402696
402697
402698
402699
402700
402701
402702
402703
402704
402705
402706
402707
402708
402709
402710
402713
402714
402715
402716
402717
402718
402719
403180
403181
403182
403183
403184
403185
403186
403187
403188
403189
403190
403191
403192
403193
403194
403195
403196
403197
403198
403199
403200
403201
403202
403203
403204
403205
403206
403207
403650
403651
403652
403653
403654
403655
403656
403657
403658
403659
403660
403661
403662
403663
403664
403665
403666
403667
403668
403669
403670
403671
403672
403673
403674
403675
403676
404135
404136
404137
404138
404139
404140
404141
404142
404143
404144
404145
404146
404147
404148
404149
404150
404151
404152
404153
404154
404155
404156
404157
404158
404159
404160
404161
404162
404601
404602
404603
404604
404605
404606
404607
404608
404609
404610
404611
404612
404613
404614
404615
404616
404617
404618
404619
404620
404621
404622
404623
404624
404625
404626
404627
405059
405060
405061
405062
405063
405064
405065
405066
405067
405068
405069
405070
405071
405072
405073
405074
405075
405076
405077
405078
405079
405080
405081
405082
405083
405084
405085
405508
405509
405510
405511
405512
405513
405514
405515
405516
405517
405518
405519
405520
405521
405522
405523
405524
405525
405526
405527
405528
405529
405530
405531
405532
405533
405534
405972
405973
405974
405975
405976
405977
405978
405979
405980
405981
405982
405983
405984
405985
405986
405987
405988
405989
405990
405991
405992
405993
405994
406430
406431
406432
406433
406434
406435
406436
406437
406438
406439
406440
406441
406442
406443
406444
406445
406446
406447
406448
406876
406877
406878
406879
406880
406881
406882
406883
406884
406885
406886
407317
407318
407319
407320
407321
407322
407323
407324
407325
407326
407327
407753
407754
407755