196268
196269
196790
196791
196792
197309
197310
197311
197855
197856
197857
197858
197859
198408
198409
198410
198411
198412
198978
198979
198980
198981
198982
199571
199572
199573
199574
199575
199576
199577
199578
199579
200169
200170
200171
200172
200173
200174
200175
200176
200177
200753
200755
200756
200757
200758
201305
201306
201307
201308
201309
201877
201878
201879
201880
201881
202446
202447
202448
203027
203028
203029
203030
203608
203609
203610
203611
204172
204173
204174
204175
204732
204733
204734
205275
205276
205277
205278
205279
205280
205829
205830
205831
205832
205833
205834
205842
205843
206379
206380
206383
206384
206391
206392
206393
206394
206927
206928
206929
206930
206932
206933
206935
206936
206937
206940
206941
206942
207464
207466
207467
207469
207470
207471
207472
207473
207474
207475
207476
207990
207991
207992
207993
207994
207995
207996
207997
207998
207999
208001
208002
208003
208004
208005
208006
208007
208008
208495
208497
208498
208500
208501
208502
208503
208504
208505
208506
208507
208508
208509
208510
208511
208512
208997
209003
209004
209005
209006
209007
209008
209009
209010
209011
209012
209013
209014
209015
209470
209476
209477
209478
209479
209480
209481
209482
209483
209484
209485
209486
209487
209488
209489
209974
209982
209983
209984
209985
209986
209987
209988
209989
209990
209991
209992
209993
209994
209995
209996
210457
210458
210459
210460
210467
210468
210469
210470
210471
210472
210473
210474
210475
210476
210477
210478
210479
210480
210481
210482
210483
210965
210966
210967
210968
210969
210975
210976
210977
210978
210979
210980
210981
210982
210983
210984
210985
210986
210987
210988
210989
210990
211485
211486
211487
211488
211489
211497
211498
211499
211500
211501
211502
211503
211504
211505
211506
211507
211508
212017
212018
212019
212020
212027
212028
212029
212030
212031
212033
212035
212036
212524
212525
212526
212527
212528
212537
212538
212539
212540
212541
212544
212545
212546
212547
212548
213045
213046
213047
213048
213049
213050
213051
213052
213053
213060
213061
213064
213065
213067
213069
213070
213071
213579
213580
213581
213582
213583
213584
213586
213599
213600
213601
213603
213604
213605
213606
213607
214136
214137
214138
214141
214155
214156
214157
214159
214160
214161
214162
214163
214164
214713
214714
214715
214716
214719
214720
214737
214738
214739
214740
214741
214742
215294
215295
215296
215297
215299
215300
215320
215321
215322
215323
215866
215867
215868
215869
215870
215871
215891
215892
215893
216436
216437
216438
216457
216458
216459
216460
217004
217005
217006
217024
217025
217026
217027
217028
217029
217030
217031
217576
217594
217595
217596
217597
217598
217599
217600
217601
217602
217603
218132
218148
218149
218150
218151
218152
218153
218154
218697
218698
218699
218700
218701
218702
218703
218704
219217
219218
219219
219220
219221
219222
219223
219224
219225
219743
219744
219745
219746
219747
219748
219749
219750
219751
220282
220283
220284
220285
220286
220287
220288
220289
220290
220291
220292
220293
220294
220859
220860
220861
220862
220863
220864
220865
220866
220867
220868
220869
220870
220871
220872
220873
220874
221424
221425
221426
221427
221428
221429
221430
221431
221432
221433
221434
221435
221436
221966
221967
221968
221969
221970
221971
221972
221973
221974
221975
222487
222488
222489
222490
222491
222492
222493
222494
222495
222496
222497
222498
223007
223008
223009
223010
223011
223012
223013
223513
223514
223515
223516
223517
224055