105663
105664
105665
105666
105667
105668
106273
106274
106275
106276
106277
106278
106279
106280
106281
106282
106885
106886
106887
106888
106889
106890
106891
106892
106893
106894
106895
107485
107486
107487
107488
107489
108089
108090
108091
108092
108093
108094
108095
108096
108097
108098
108099
108100
108706
108707
108708
108709
108710
108711
108712
108713
108714
108715
109349
109350
109351
109352
109353
109354
109355
109356
109357
109985
109986
109987
109988
109989
109990
110601
110602
110603
110604
110605
110606
110607
110608
110609
110610
111246
111247
111248
111249
111250
111251
111252
111253
111254
111255
111256
111257
111865
111866
111867
111868
111869
111870
111871
111872
111873
111874
111875
111876
112456
112464
112465
112466
112467
112468
112469
112470
112471
112472
112473
112474
112475
112476
113050
113051
113052
113062
113063
113064
113065
113066
113067
113068
113069
113070
113071
113072
113073
113074
113075
113626
113627
113628
113639
113640
113641
113642
113643
113644
113645
113646
113647
113648
113649
113650
114188
114189
114190
114191
114192
114205
114206
114207
114208
114209
114210
114211
114212
114213
114214
114215
114216
114743
114744
114745
114746
114747
114759
114760
114761
114762
114763
114764
114765
114766
114767
114768
115309
115310
115311
115320
115321
115322
115323
115324
115325
115326
115327
115861
115862
115863
115864
115865
115867
115868
115869
115875
115876
115877
115878
115879
115880
116420
116421
116422
116423
116424
116425
116426
116435
116436
116437
116439
116441
116442
116443
116444
116967
116968
116969
116970
116971
116972
116973
116974
116975
116976
116977
116985
116986
116988
116989
116990
116992
116993
116994
117531
117533
117534
117535
117536
117537
117538
117539
117540
117542
117544
117545
117546
117547
117548
117550
117551
117552
117553
117554
117555
118067
118068
118069
118070
118071
118072
118073
118074
118075
118076
118077
118078
118079
118080
118081
118082
118084
118085
118086
118087
118088
118089
118090
118091
118092
118093
118094
118095
118615
118616
118617
118618
118619
118620
118621
118622
118623
118624
118625
118626
118627
118631
118632
118634
118635
118636
118637
118638
118639
118640
118641
118642
119151
119152
119153
119154
119155
119156
119157
119158
119159
119160
119161
119169
119170
119171
119172
119173
119174
119175
119176
119177
119178
119179
119180
119181
119699
119700
119701
119702
119703
119704
119705
119706
119707
119708
119709
119710
119711
119712
119720
119721
119722
119723
119724
119725
119726
119727
119728
119729
119730
120245
120246
120247
120248
120249
120250
120251
120252
120253
120254
120263
120264
120265
120266
120267
120268
120269
120270
120271
120272
120782
120783
120784
120785
120786
120787
120788
120789
120790
120795
120796
120797
120798
120799
120800
120801
120802
120803
120804
120805
120806
120807
120808
120809
120810
120811
121320
121321
121322
121323
121324
121328
121329
121330
121331
121332
121333
121334
121335
121336
121337
121338
121339
121340
121341
121342
121343
121833
121834
121835
121836
121837
121842
121843
121844
121845
121846
121847
121848
121849
121850
121851
121852
121853
121854
121855
121856
121857
121858
122347
122348
122358
122359
122360
122361
122363
122364
122365
122366
122367
122368
122369
122370
122371
122372
122373
122882
122893
122896
122897
122898
122899
122900
122901
122902
122903
123449
123450
123451
123452
123453
123454
124020
124021
124022
124023
124588
124589
124590
124591
124592
125140
125142
125143
125144
125698
125699
125700