467956
467957
468270
468271
468272
468273
468567
468568
468569
468570
468868
468869
468870
468871
469148
469149
469150
469151
469152
469156
469157
469163
469164
469165
469438
469439
469440
469441
469442
469443
469444
469446
469449
469450
469451
469455
469456
469457
469458
469459
469720
469721
469722
469723
469724
469725
469726
469727
469728
469729
469730
469731
469733
469734
469735
469736
469737
469738
469739
469740
469741
469742
469743
469995
469996
469997
469998
470001
470002
470003
470004
470005
470007
470008
470009
470012
470013
470014
470015
470016
470017
470018
470019
470020
470021
470022
470023
470024
470251
470253
470256
470257
470258
470259
470261
470262
470263
470264
470266
470267
470268
470269
470270
470271
470272
470273
470274
470275
470276
470277
470278
470279
470280
470498
470504
470505
470508
470509
470510
470511
470512
470513
470514
470515
470516
470517
470518
470519
470520
470521
470522
470523
470524
470525
470526
470527
470761
470762
470763
470764
470765
470766
470767
470768
470769
470770
470771
470772
470773
470774
470775
470776
470777
470778
470779
470780
470781
470782
470783
470784
470785
470786
470787
470788
470789
470790
470791
471035
471036
471037
471038
471039
471040
471041
471042
471043
471044
471045
471046
471047
471048
471049
471050
471051
471052
471053
471055
471056
471057
471058
471059
471060
471061
471062
471063
471064
471065
471066
471067
471068
471309
471310
471311
471312
471313
471314
471315
471316
471317
471318
471319
471320
471321
471322
471323
471324
471325
471326
471327
471328
471329
471330
471331
471332
471333
471334
471335
471336
471337
471338
471339
471340
471341
471586
471587
471588
471589
471590
471591
471592
471593
471594
471595
471596
471597
471598
471599
471600
471601
471602
471603
471604
471605
471606
471607
471608
471609
471610
471611
471612
471613
471614
471615
471840
471841
471842
471843
471844
471845
471846
471847
471848
471849
471850
471851
471852
471853
471854
471855
471856
471857
471858
471859
471860
471861
471862
471863
471864
471865
471866
471867
471868
472120
472121
472122
472123
472124
472125
472126
472127
472128
472129
472130
472131
472132
472133
472134
472135
472136
472137
472138
472139
472140
472141
472142
472143
472144
472145
472146
472147
472419
472420
472422
472423
472424
472425
472426
472427
472428
472429
472430
472431
472432
472433
472434
472435
472436
472437
472438
472439
472440
472441
472442
472443
472444
472445
472724
472725
472726
472727
472728
472729
472730
472731
472732
472733
472734
472735
472736
472737
472738
472739
472740
472741
472742
472743
472744
473026
473027
473028
473029
473030
473031
473032
473033
473034
473035
473036
473037
473038
473039
473040
473041
473042
473043
473044
473045
473046
473050
473051
473330
473331
473332
473333
473334
473335
473336
473337
473339
473340
473341
473344
473345
473346
473347
473348
473349
473350
473351
473352
473353
473354
473355
473636
473637
473638
473639
473640
473641
473642
473643
473647
473648
473649
473650
473651
473652
473653
473654
473655
473656
473657
473658
473659
473962
473963
473964
473965
473977
473978
473979
473980
473982
473983
473984
474285
474296
474297
474298
474299
474300
474301
474608
474621
474622
474623
474624
474625
474626
474627
474628
474629
474934
474935
474936
474937
474938
474939
474940
474941
474942
474943
474944
475265
475266
475267
475268
475269
475270
475601
475602
475603
475604
475605
475606
475928
475929
475930
475931
476259
476260
476604
476965
476966
477319
477320
477321
477688
477689
477690