101756
101757
102400
102401
102402
102403
102404
102405
103025
103026
103027
103028
103029
103030
103031
103638
103639
103640
103641
103642
103643
103644
103645
103646
104259
104260
104261
104262
104263
104264
104265
104266
104267
104270
104271
104894
104895
104896
104898
104899
104900
104901
104902
104903
104904
104905
104906
104907
105496
105497
105498
105499
105500
105501
105502
105503
105504
105505
105506
105511
105512
105513
105514
105515
105516
105517
105518
105519
105520
105521
105522
106107
106108
106109
106110
106111
106112
106113
106114
106115
106117
106118
106119
106120
106121
106122
106123
106124
106125
106126
106127
106128
106129
106130
106717
106718
106719
106720
106721
106722
106723
106724
106725
106726
106727
106728
106729
106730
106731
106732
106733
106734
106735
106736
106737
106738
106739
106740
106741
106742
106743
107319
107320
107321
107322
107323
107324
107325
107326
107327
107328
107329
107330
107331
107332
107333
107334
107335
107336
107337
107338
107339
107340
107341
107342
107343
107344
107345
107923
107924
107925
107926
107927
107930
107931
107932
107933
107934
107935
107936
107937
107938
107939
107940
107941
107942
107943
107944
107945
107946
107947
107948
107949
107950
107951
108539
108540
108541
108542
108543
108544
108545
108548
108549
108550
108551
108552
108553
108554
108555
108556
108557
108558
108559
108560
108561
108562
108563
108564
108565
108566
108567
108568
108569
108570
108571
108572
108573
108574
108577
109186
109187
109188
109189
109190
109191
109192
109195
109196
109197
109198
109199
109200
109201
109202
109203
109204
109205
109206
109207
109208
109209
109210
109211
109212
109213
109214
109215
109216
109217
109218
109219
109814
109815
109816
109817
109818
109819
109820
109821
109825
109826
109827
109828
109829
109830
109831
109832
109833
109834
109835
109836
109837
109838
109839
109840
109841
109842
109843
109844
109845
109846
109848
110446
110447
110448
110449
110450
110451
110452
110453
110458
110459
110460
110461
110462
110463
110464
110465
110466
110467
110468
110469
110470
110471
110472
110473
110474
110475
110476
110477
110478
111081
111082
111083
111084
111085
111086
111087
111088
111089
111090
111091
111098
111099
111100
111101
111102
111103
111104
111105
111106
111109
111110
111111
111112
111113
111114
111115
111117
111118
111119
111704
111705
111706
111708
111709
111711
111712
111713
111714
111715
111716
111717
111718
111719
111727
111728
111729
111730
111731
111732
111733
111737
111741
111742
111743
111744
112291
112292
112293
112294
112295
112296
112297
112298
112299
112300
112301
112302
112303
112304
112305
112306
112307
112309
112310
112311
112312
112313
112314
112315
112316
112323
112324
112325
112326
112327
112893
112894
112895
112896
112897
112898
112899
112900
112901
112902
112903
112904
112905
112906
112907
112909
112910
112911
112912
112913
112914
112915
112916
113483
113484
113485
113486
113487
113488
113489
113490
113491
113492
113493
113494
113495
113497
113498
113499
113500
113501
113502
113503
113504
113505
114051
114052
114053
114054
114055
114056
114057
114058
114059
114060
114061
114062
114067
114068
114069
114070
114071
114594
114595
114596
114597
114598
114599
114600
114601
114603
114604
114605
114617
114618
114619
114620
114621
114622
115150
115151
115152
115153
115154
115155
115156
115158
115159
115160
115174
115702
115703
115704
115705
115706
115707
116259
116260
116261
116262
116263
116264
116265
116811
116812
116813
116814
116815
116816
116817
116818
117361