415130
415131
415132
415133
415134
415662
415663
415664
415665
415666
416190
416191
416192
416193
416194
416195
416196
416197
416198
416706
416707
416708
416709
416710
416711
416712
416713
416714
417185
417186
417187
417188
417189
417190
417191
417192
417656
417657
417658
417659
417660
417661
417662
417663
418133
418134
418135
418624
418625
419125
419126
419127
419609
419610
419611
420106
420107
420108
420109
420110
420111
420112
420113
420114
420115
420584
420585
420593
420594
420595
420596
420597
420598
420599
420600
420601
420602
421078
421079
421080
421084
421087
421088
421089
421090
421091
421092
421093
421094
421095
421096
421097
421542
421543
421544
421545
421546
421547
421548
421549
421550
421551
421554
421555
421556
421557
421558
421559
421560
421561
421562
421563
422009
422012
422013
422014
422015
422016
422017
422018
422019
422020
422021
422022
422023
422024
422025
422026
422027
422028
422029
422030
422031
422032
422033
422461
422462
422463
422465
422466
422468
422469
422470
422471
422472
422473
422474
422475
422476
422477
422478
422479
422480
422481
422482
422483
422927
422929
422931
422932
422937
422938
422939
422940
422941
422942
422943
422944
422945
422946
422947
422948
422949
422950
422951
423402
423403
423404
423407
423408
423409
423410
423411
423412
423413
423414
423415
423416
423417
423418
423419
423420
423421
423422
423423
423424
423875
423876
423877
423878
423879
423880
423881
423882
423883
423884
423885
423886
423887
423888
423889
423890
423891
423892
423893
423894
423895
423896
423897
423898
423899
423901
423902
423903
423904
423905
423906
423907
424361
424362
424363
424364
424365
424366
424367
424368
424369
424370
424371
424372
424373
424374
424375
424376
424377
424378
424379
424380
424381
424382
424383
424384
424385
424386
424387
424388
424389
424390
424392
424393
424394
424395
424396
424397
424398
424399
424400
424401
424846
424847
424848
424849
424850
424851
424852
424853
424854
424855
424856
424861
424862
424863
424864
424865
424866
424867
424868
424869
424870
424871
424872
424873
424874
424875
424876
424877
424878
424879
424880
424881
425330
425331
425332
425333
425334
425335
425336
425337
425338
425339
425340
425347
425348
425349
425350
425351
425352
425353
425354
425355
425356
425357
425358
425360
425361
425806
425807
425808
425809
425810
425811
425812
425813
425814
425815
425816
425817
425818
425819
425824
425825
425826
425827
425828
425829
425830
425831
425832
425833
425834
425835
426298
426299
426300
426301
426302
426303
426304
426305
426307
426308
426309
426310
426311
426312
426315
426316
426317
426318
426319
426320
426321
426322
426323
426324
426325
426326
426327
426328
426329
426811
426812
426813
426814
426815
426816
426817
426818
426819
426820
426821
426822
426823
426824
426825
426826
426827
426828
426829
426830
426831
426832
426833
426834
426835
426836
426837
426838
426839
426840
426841
426842
426843
427357
427358
427359
427360
427361
427362
427363
427364
427365
427366
427367
427368
427369
427370
427371
427372
427373
427374
427375
427376
427377
427378
427379
427380
427381
427382
427383
427385
427876
427878
427880
427882
427883
427884
427885
427886
427887
427888
427889
427890
427891
427892
427893
427894
427895
427896
427897
427898
427899
427900
428407
428408
428409
428410
428411
428412
428413
428414
428415
428416
428417
428418
428419
428420
428916
428917
428918
428919
428920
428921
428922
428923
428924
428925
429453
429454
429455
429456
429457
429458
429459
429460
430019
430020
430021
430022
430023