392942
392943
392944
392945
392946
392947
393476
393477
393478
393479
393480
393481
393482
394010
394011
394012
394013
394014
394015
394529
394530
394531
394532
394533
394534
394535
395059
395060
395061
395062
395063
395064
395065
395066
395607
395608
395609
396163
396164
396165
396166
396167
396171
396172
396701
396703
396704
396705
396706
396708
396709
396710
396711
396712
397222
397223
397224
397225
397226
397227
397230
397231
397739
397740
397741
397742
397743
397744
397745
397746
397747
398285
398286
398287
398288
398289
398290
398291
398292
398297
398298
398843
398844
398845
398846
398847
398848
398849
398850
398851
398852
398857
398858
398859
398860
399394
399395
399396
399397
399398
399399
399400
399401
399402
399408
399409
399410
399411
399412
399413
399923
399924
399925
399926
399930
399933
399934
399935
399936
399937
399938
400418
400419
400420
400421
400422
400426
400427
400429
400430
400431
400432
400433
400434
400915
400916
400917
400920
400922
400923
400924
400925
400926
400927
401422
401425
401426
401427
401428
401429
401430
401431
401432
401914
401918
401919
401920
401921
401922
401923
402418
402419
402424
402425
402426
402427
402428
402429
402430
402431
402921
402922
402923
402924
402925
402926
402927
402928
402929
402930
402931
402932
402933
402934
402935
402936
402937
402938
402939
403405
403406
403407
403408
403414
403416
403417
403420
403422
403883
403884
403885
403886
403895
403896
403897
403898
403899
403901
403902
403904
403905
404349
404350
404351
404352
404353
404354
404362
404363
404364
404365
404366
404368
404369
404370
404371
404809
404811
404821
404822
404823
404824
404825
404826
404827
405267
405273
405274
405275
405276
405277
405716
405717
405718
405719
405720
405726
405727
405728
405729
405730
405731
406176
406177
406178
406179
406180
406181
406185
406186
406187
406188
406189
406190
406191
406192
406193
406194
406633
406634
406635
406636
406637
406638
406639
406640
406641
406642
406643
406644
406645
406646
406647
406648
406649
406650
406651
406652
406653
406654
407081
407082
407083
407084
407085
407086
407087
407088
407089
407090
407091
407092
407093
407094
407095
407096
407097
407098
407099
407100
407101
407102
407527
407528
407529
407530
407531
407532
407533
407534
407535
407536
407537
407538
407539
407540
407541
407542
407543
407544
407545
407963
407964
407965
407966
407967
407968
407969
407970
407971
407972
407973
407974
407975
407976
407977
407980
408412
408413
408414
408415
408416
408417
408418
408419
408420
408421
408422
408423
408424
408425
408426
408854
408855
408856
408857
408858
408859
408860
408861
408862
408863
409303
409306
409307
409308
409309
409310
409311
409312
409313
409314
409315
409316
409317
409318
409319
409320
409769
409770
409771
409772
409773
409774
409775
409776
409777
409778
409779
409780
409781
409782
410225
410226
410227
410228
410229
410230
410231
410232
410233
410234
410235
410236
410237
410238
410244
410675
410676
410677
410678
410679
410680
410681
410682
410683
410684
410685
410686
410687
410688
410691
410692
410693
411127
411128
411129
411130
411131
411132
411133
411134
411135
411136
411137
411138
411139
411140
411141
411142
411143
411144
411145
411597
411598
411599
411600
411601
411602
411603
411604
411605
411606
411607
411609
411610
411611
412067
412068
412069
412070
412071
412072
412073
412074
412075
412076
412077
412078
412079
412560
412561
412562
412563
412564
412565
413054
413055
413056
413057
413058
413059
413549
413550
413551
413552
413553
413554
414032
414035