136293
136899
136900
137488
137489
137490
137491
137492
138053
138054
138055
138056
138057
138058
138059
138060
138639
138640
138641
138642
138643
138644
138645
138646
138647
138648
138649
139232
139233
139234
139235
139236
139237
139238
139239
139240
139241
139242
139243
139244
139245
139837
139838
139839
139840
139841
139842
139843
139844
139845
139846
139847
139848
140445
140446
140447
140448
140449
140450
140451
140452
140453
141051
141052
141053
141054
141055
141056
141057
141058
141059
141060
141061
141062
141630
141631
141632
141633
141634
141635
141636
141637
141638
141639
141640
141641
142190
142191
142192
142193
142194
142195
142196
142197
142198
142199
142200
142201
142202
142751
142752
142753
142754
142755
142756
142757
142758
142759
142760
142761
142762
142763
142764
142765
143310
143311
143312
143313
143314
143315
143316
143317
143318
143319
143320
143321
143322
143323
143324
143325
143326
143327
143859
143860
143861
143862
143863
143864
143865
143866
143867
143868
143869
143870
143871
143872
143873
143874
143875
143876
144384
144385
144386
144387
144388
144389
144390
144391
144392
144393
144394
144395
144396
144397
144398
144399
144400
144935
144936
144937
144938
144939
144940
144941
144942
144943
144944
144945
144946
144947
144948
144949
144950
145497
145498
145499
145500
145501
145502
145503
145504
145505
145506
145507
145508
145509
145510
145511
145512
145513
146064
146065
146066
146067
146068
146069
146070
146071
146072
146073
146074
146075
146076
146077
146078
146630
146633
146634
146635
146636
146637
146638
146639
146640
146641
146642
146643
146644
146645
146646
146647
147180
147181
147184
147185
147186
147187
147188
147189
147190
147191
147192
147193
147194
147195
147196
147197
147198
147199
147202
147203
147204
147205
147737
147738
147739
147740
147741
147742
147743
147744
147745
147746
147747
147748
147749
147750
147753
147754
147755
147756
147757
147758
147759
147760
147761
147762
147763
147764
147765
147766
148273
148274
148275
148276
148277
148278
148279
148280
148281
148282
148283
148284
148289
148290
148291
148292
148293
148294
148295
148296
148297
148298
148299
148300
148301
148823
148824
148825
148827
148828
148829
148830
148831
148832
148837
148838
148839
148840
148841
148842
148843
148844
148845
148846
148847
148848
148849
149361
149362
149363
149364
149365
149366
149367
149372
149373
149374
149375
149376
149377
149378
149379
149380
149381
149382
149383
149384
149896
149897
149898
149899
149900
149901
149906
149907
149908
149909
149910
149911
149912
149913
149914
149915
149916
149917
149918
149919
150435
150436
150437
150438
150439
150444
150445
150446
150447
150448
150449
150450
150451
150452
150453
150454
150963
150964
150965
150966
150967
150968
150969
150974
150975
150976
150977
150980
150981
150982
150983
151505
151506
151507
151519
151520
151523
151524
151525
151526
151527
152070
152071
152072
152073
152088
152089
152090
152091
152092
152628
152629
152630
152645
152646
152647
152648
152649
153160
153178
153179
153180
153181
153182
153186
153687
153688
153706
153707
153708
153709
153710
153711
153713
153714
154226
154228
154229
154232
154233
154234
154235
154741
154742
154743
154744
154745
154746
154747
154748
154749
154750
154751
155227
155228
155229
155230
155231
155232
155233
155234
155235
155704
155705
155706
155707
155708
155709
155710
156167
156168
156170
156172
156173
156174
156175
156646
156647
156648
156649
156650
156651
157139
157140
157141
157142
157143
157619
157620
158098
158099
158588