169372
169373
169374
169375
169889
169890
169891
169892
170418
170419
170966
171497
171498
171499
171500
171501
172024
172025
172026
172027
172028
172029
172531
172532
172534
172535
172536
172537
173035
173036
173038
173039
173040
173041
173042
173555
173557
173558
173559
173560
174077
174078
174079
174080
174082
174083
174084
174085
174633
174634
174635
174637
174639
174640
174641
174642
175170
175171
175172
175173
175174
175175
175176
175177
175178
175179
175180
175701
175702
175703
175704
175705
175706
175707
175708
175709
175710
175711
176272
176273
176274
176285
176286
176287
176288
176289
176290
176291
176292
176293
176294
176295
176883
176884
176885
176886
176888
176889
176895
176896
176897
176898
176899
176900
176901
176902
176903
176904
177527
177528
177529
177530
177531
177532
177533
177545
177546
177547
177548
177549
177550
177551
177552
178174
178175
178176
178177
178178
178179
178180
178181
178182
178187
178188
178189
178190
178191
178192
178196
178197
178198
178199
178200
178201
178202
178203
178204
178205
178206
178207
178825
178826
178827
178828
178829
178830
178831
178832
178837
178838
178839
178840
178841
178842
178844
178845
178846
178847
178848
178849
178850
178852
178853
179478
179479
179480
179481
179482
179483
179484
179488
179489
179490
179491
179492
179493
179494
179497
179498
179499
179500
179501
179502
179506
179507
180115
180116
180117
180118
180119
180120
180121
180122
180123
180124
180125
180126
180127
180128
180129
180130
180131
180132
180133
180134
180135
180136
180137
180138
180139
180140
180141
180142
180767
180768
180769
180770
180771
180772
180773
180774
180775
180776
180777
180778
180780
180783
180784
180785
180786
180787
180788
180789
180790
180791
180792
180793
180794
180795
180796
180797
180798
181441
181442
181443
181444
181445
181448
181449
181450
181451
181454
181456
181457
181458
181459
181460
181461
181462
181463
181464
181465
181466
181467
181468
181469
181470
181471
181472
182109
182110
182111
182112
182113
182114
182115
182116
182117
182118
182120
182121
182122
182123
182124
182126
182130
182131
182132
182133
182134
182135
182136
182747
182748
182749
182750
182751
182752
182754
182755
182756
182757
182758
182759
182760
182761
182762
182763
182764
182765
182766
182768
182770
182771
182772
182773
182774
182775
182776
182777
182778
182779
183384
183385
183386
183387
183388
183389
183390
183391
183392
183393
183394
183395
183396
183397
183398
183399
183400
183403
183407
183408
183409
183410
183411
183412
183413
183414
183415
183971
183972
183973
183974
183975
183976
183977
183978
183979
183980
183981
183982
183983
183984
183985
183986
183987
183992
183993
183994
183995
183996
183997
183998
183999
184000
184569
184570
184571
184572
184573
184574
184575
184576
184577
184578
184579
184580
184581
184582
184583
184584
184585
184586
184593
184594
184595
184596
184597
184598
185200
185201
185202
185203
185204
185205
185206
185207
185208
185209
185210
185211
185212
185220
185221
185222
185223
185224
185851
185852
185853
185854
185855
185856
185857
185858
185859
185860
185861
185863
185864
185869
185870
185871
185872
186497
186498
186499
186500
186501
186502
186503
186504
186505
186506
186507
186508
186509
186510
186514
186515
186516
186517
187133
187134
187135
187136
187137
187138
187139
187140
187141
187143
187144
187145
187146
187147
187148
187746
187747
187748
187749
187750
187754
187755
187756
187757
187758
188355
188356
188357
188358
188359
188363
188364
188365
188366
188367
188962
188963
188964