6080
6081
6082
6540
6541
7018
7521
7522
7523
7524
7525
8022
8023
8024
8025
8026
8027
8028
8029
8514
8515
8516
8517
8518
8519
8520
8521
8522
9005
9006
9007
9008
9009
9010
9011
9012
9013
9014
9015
9017
9018
9019
9020
9021
9022
9536
9537
9538
9539
9540
9541
9542
9543
9544
9545
9546
9547
9548
9549
9550
9551
9552
9553
9554
9555
9556
9557
9558
9559
9560
10054
10055
10056
10057
10058
10059
10060
10061
10062
10063
10064
10065
10066
10067
10068
10069
10070
10071
10072
10073
10074
10075
10076
10077
10078
10079
10603
10604
10605
10606
10607
10608
10609
10610
10611
10612
10613
10614
10615
10616
10617
10618
10619
10620
10621
10622
10623
10624
10625
10626
10627
10628
10629
10630
10631
10632
10633
11143
11144
11145
11146
11147
11148
11149
11150
11151
11152
11153
11154
11155
11156
11157
11158
11159
11160
11161
11162
11163
11164
11165
11166
11167
11168
11169
11170
11171
11172
11699
11701
11702
11703
11704
11705
11710
11711
11712
11713
11714
11715
11716
11717
11718
11719
11720
11721
11722
11723
11724
11725
11726
11727
11728
11729
11730
11731
11732
11733
11734
11735
11736
11737
11738
11739
11740
12286
12287
12288
12289
12290
12291
12292
12293
12299
12300
12301
12302
12303
12304
12305
12306
12307
12308
12309
12310
12311
12312
12313
12314
12315
12316
12317
12318
12319
12320
12321
12322
12323
12324
12325
12868
12869
12870
12871
12872
12873
12874
12875
12880
12881
12882
12883
12884
12885
12886
12887
12888
12889
12890
12891
12892
12893
12894
12895
12896
12897
12898
12899
12900
12901
12902
12903
12904
13468
13469
13470
13471
13472
13478
13479
13480
13481
13482
13483
13484
13485
13486
13487
13488
13489
13490
13491
13492
13493
13494
14056
14057
14058
14059
14060
14065
14066
14067
14068
14069
14070
14071
14072
14073
14074
14075
14076
14077
14078
14079
14080
14639
14640
14641
14642
14643
14644
14645
14648
14649
14650
14651
14652
14653
14654
14655
14656
14657
14658
14659
14660
14661
14662
15230
15231
15232
15233
15234
15235
15236
15237
15238
15239
15240
15241
15242
15243
15244
15245
15246
15247
15248
15249
15250
15808
15809
15810
15811
15812
15813
15814
15815
15816
15817
15818
15819
15820
15821
15822
16386
16387
16388
16389
16390
16391
16392
16393
16394
16395
16396
16397
16398
16399
16400
16401
16961
16962
16963
16964
16965
16966
16967
16968
16969
16970
16971
16972
16973
16974
17547
17548
17549
17550
17551
17552
17553
17554
17555
17556
17557
17558
18104
18105
18106
18107
18108
18109
18110
18111
18112
18113
18114
18115
18116
18637
18638
18639
18640
18641
18642
18643
18644
18645
18646
18647
19186
19187
19188
19189
19190
19191
19192
19193
19194
19195
19196
19729
19730
19731
19732
19733
19734
19735
19736
19737
19738
19739
19740
20273
20274
20275
20276
20277
20279
20280
20281
20282
20283
20284
20841
20843
20844
20845
20846
20849
20850
20851
20852
20853
21398
21401
21402
21406
21407
21409
21410
21411
21412
21413
21945
21946
21947
21953
21954
21955
21956
21957
21958
22481
22482
22483
22486
23007
23008
23537
23538