402615
402616
403103
403104
403105
403106
403107
403108
403109
403110
403111
403585
403586
403587
403588
403589
403590
403591
403592
403593
403594
403595
403596
403599
404065
404066
404067
404068
404069
404070
404071
404072
404073
404074
404075
404076
404077
404078
404079
404080
404081
404531
404532
404533
404534
404535
404536
404537
404538
404539
404540
404541
404542
404543
404544
404545
404546
404547
404548
404549
404552
404553
404996
404997
404998
404999
405000
405001
405002
405003
405004
405005
405006
405007
405008
405009
405010
405011
405012
405013
405014
405015
405016
405017
405018
405448
405449
405450
405451
405452
405453
405454
405455
405456
405457
405458
405459
405460
405461
405464
405465
405466
405467
405468
405469
405909
405910
405911
405912
405913
405914
405915
405916
405917
405918
405919
405920
405921
405922
405923
405924
405925
405928
405929
405930
405931
406362
406363
406364
406365
406366
406367
406368
406369
406370
406371
406372
406373
406374
406375
406376
406377
406378
406379
406380
406381
406382
406383
406386
406387
406802
406803
406804
406805
406806
406807
406808
406809
406810
406811
406812
406813
406814
406815
406816
406817
406818
406819
406820
406821
406822
406823
406824
406825
406826
406831
406832
406833
407252
407253
407254
407255
407256
407257
407258
407259
407260
407261
407262
407263
407264
407265
407266
407267
407268
407269
407270
407271
407272
407679
407680
407681
407682
407683
407684
407685
407686
407687
407688
407689
407690
407691
407692
407693
407694
407695
407696
407697
407698
407699
407700
407701
408115
408116
408117
408118
408119
408120
408121
408122
408123
408124
408125
408126
408127
408128
408129
408130
408131
408132
408133
408134
408135
408136
408554
408555
408556
408557
408558
408559
408560
408561
408562
408563
408564
408565
408566
408567
408568
408569
408570
408571
408572
408573
408575
408576
408990
408991
408992
408993
408994
408995
408997
408998
408999
409000
409001
409002
409003
409004
409005
409006
409007
409008
409448
409449
409450
409451
409452
409453
409455
409456
409457
409458
409459
409460
409461
409462
409463
409464
409465
409466
409467
409913
409916
409917
409918
409919
409920
409921
409922
409923
409925
409926
409927
409928
409929
409930
409931
409932
409933
409934
410367
410368
410369
410370
410371
410372
410373
410374
410375
410376
410377
410378
410379
410380
410381
410382
410383
410384
410385
410386
410387
410388
410389
410390
410817
410818
410819
410820
410821
410822
410823
410824
410827
410828
410829
410830
410831
410832
410833
410834
410835
410836
410837
410838
411268
411269
411270
411271
411272
411273
411274
411275
411276
411277
411278
411280
411281
411282
411284
411285
411286
411288
411289
411290
411733
411734
411735
411736
411737
411738
411739
411740
411741
411742
411743
411744
411745
411747
411748
411749
411750
411751
411753
411754
411755
411756
411757
411758
412208
412209
412210
412211
412212
412213
412214
412215
412216
412217
412218
412219
412220
412224
412226
412227
412228
412229
412230
412231
412232
412233
412234
412686
412687
412688
412689
412690
412691
412692
412693
412694
412698
412705
412706
412707
412708
412709
412710
412711
413170
413171
413172
413173
413178
413179
413180
413187
413188
413189
413190
413191
413675
413676
413680
413688
413689
413690
413691
413692
413693
414162
414163
414164
414177
414178
414179
414180
414181
414651
414652
414666
414667
414668
414669
414670
414671
414672
415189
415201
415202
415203
415204
415205
415206
415207
415208
415209
415739
415740