220227
220228
220802
220803
220804
220805
221366
221367
221368
221369
221370
221907
221908
221909
221910
221911
221912
221913
221914
221915
222437
222438
222439
222440
222441
222442
222443
222444
222445
222446
222453
222454
222962
222963
222964
222965
222966
222967
222968
222969
222977
222978
223472
223473
223474
223475
223476
223483
223484
223485
224011
224012
224013
224014
224015
224016
224017
224019
224020
224021
224022
224023
224024
224025
224026
224525
224526
224527
224528
224529
224530
224531
224532
224533
224534
224535
224536
224537
224538
224539
224540
224541
224542
224543
224544
225033
225034
225035
225036
225037
225038
225039
225040
225041
225042
225043
225044
225045
225046
225047
225048
225049
225050
225051
225052
225053
225545
225546
225547
225548
225549
225550
225551
225552
225553
225554
225555
225556
225557
225558
225559
225560
225561
225562
225563
225564
225565
226053
226054
226055
226056
226057
226058
226059
226060
226061
226062
226063
226064
226065
226066
226070
226071
226072
226073
226074
226575
226576
226577
226578
226579
226580
226581
226582
226583
226584
226585
226586
226591
226592
226593
226594
226595
227077
227078
227079
227080
227081
227082
227083
227084
227085
227086
227087
227088
227089
227090
227091
227092
227093
227094
227098
227100
227101
227102
227582
227583
227584
227585
227586
227587
227588
227589
227590
227591
227592
227593
227594
227595
227596
227598
227599
227600
227601
227602
227603
228098
228099
228100
228101
228102
228103
228104
228105
228106
228107
228108
228109
228110
228111
228112
228113
228114
228115
228116
228117
228627
228628
228629
228630
228631
228632
228633
228634
228635
228636
228637
228638
228639
228640
228641
228642
228643
228644
228645
228646
228647
228648
229151
229152
229153
229154
229155
229156
229157
229158
229159
229160
229161
229162
229163
229164
229165
229166
229167
229168
229169
229170
229171
229172
229173
229174
229684
229685
229686
229687
229688
229689
229690
229691
229692
229693
229694
229695
229696
229697
229698
229699
229700
229701
229702
229703
229704
229705
230221
230222
230223
230224
230225
230226
230227
230228
230229
230230
230231
230232
230233
230234
230235
230236
230237
230238
230239
230745
230746
230747
230748
230749
230750
230751
230752
230753
230754
230755
230756
230757
230758
230759
230760
230761
230762
230763
231298
231299
231300
231301
231302
231303
231304
231305
231306
231307
231308
231309
231310
231311
231312
231313
231314
231315
231316
231841
231842
231843
231844
231845
231846
231847
231848
231849
231850
231851
231852
231853
232412
232413
232414
232415
232416
232417
232418
232419
232420
232421
232422
232989
232990
232991
232992
232993
232994
232995
232996
232997
232998
232999
233000
233001
233573
233574
233575
233576
233577
233578
233579
233580
233581
233582
233583
233584
233585
233586
233587
234141
234142
234143
234144
234145
234146
234147
234148
234149
234689
234690
234691
234692
234693
234694
234695
234696
235245
235246
235247
235248
235250
235817
235818
235819
235820
235821
235822
235823
236404
236405
236406
236407
236408
236409
236410
236411
236412
236413
236414
237016
237017
237018
237019
237020
237021
237022
237023
237024
237025
237026
237027
237028
237029
237640
237641
237642
237643
237644
237645
237646
237647
237648
237649
237650
237651
238262
238263
238264
238265
238266
238267
238268
238269
238270
238271
238864
238865
238866
238867
238868
238869
238870
238871
239483
239484
239485
239486
239487
239488
239489
239490
240123
240124
240126
240127
240727