423198
423199
423200
423201
423676
423677
423678
423679
424148
424149
424150
424151
424152
424153
424154
424155
424644
424645
424646
424647
424648
424649
424650
424651
425134
425135
425136
425137
425138
425139
425140
425141
425142
425607
425608
425609
425610
425611
425612
425613
425614
425615
425616
425620
426093
426094
426095
426096
426097
426098
426099
426100
426101
426102
426106
426107
426598
426599
426600
426601
426602
426606
426607
427133
427136
427137
427145
427661
427662
427663
427668
427669
427670
427671
428167
428168
428169
428170
428171
428172
428173
428174
428178
428179
428180
428181
428693
428694
428695
428696
428697
428701
428702
428703
428704
429217
429218
429219
429220
429221
429222
429227
429228
429758
429759
429760
429761
429762
429763
429764
429765
429766
429767
429768
429769
429770
429771
430302
430303
430304
430305
430306
430307
430308
430309
430310
430311
430312
430313
430314
430315
430316
430317
430322
430323
430827
430828
430829
430830
430831
430832
430833
430834
430835
430836
430837
430838
430839
430840
430841
430842
430843
430846
430847
430848
430849
430850
431368
431369
431370
431371
431372
431373
431374
431375
431376
431377
431378
431379
431380
431381
431382
431383
431385
431386
431387
431388
431881
431882
431883
431884
431885
431886
431887
431888
431889
431890
431891
431892
431893
431894
431895
431896
431897
431898
431899
431900
431901
431902
432392
432393
432394
432395
432396
432397
432398
432399
432400
432401
432402
432403
432404
432405
432406
432407
432408
432411
432412
432413
432414
432415
432924
432925
432926
432927
432928
432929
432930
432931
432932
432933
432934
432935
432936
432937
432938
432939
432940
432941
432943
432944
432945
432946
432947
433444
433445
433446
433447
433448
433449
433450
433451
433452
433453
433454
433455
433456
433457
433458
433459
433460
433461
433462
433463
433464
433465
433466
433467
433946
433947
433948
433949
433950
433951
433952
433953
433954
433955
433956
433957
433958
433959
433960
433961
433962
433963
433964
433966
433967
433968
433969
434442
434443
434444
434445
434446
434447
434448
434449
434450
434451
434452
434453
434454
434455
434456
434457
434458
434459
434460
434461
434462
434464
434465
434466
434467
434468
434940
434941
434942
434943
434944
434945
434946
434947
434948
434949
434950
434951
434952
434953
434954
434955
434956
434957
434958
434959
434960
434961
434962
434963
434964
434965
434966
435443
435444
435445
435446
435447
435448
435449
435450
435451
435452
435453
435454
435455
435456
435457
435458
435459
435460
435461
435462
435463
435464
435465
435466
435467
435468
435935
435936
435937
435938
435939
435940
435941
435942
435943
435944
435945
435946
435947
435948
435949
435950
435951
435952
435953
435954
435955
435956
436395
436396
436397
436398
436399
436400
436401
436402
436403
436404
436405
436406
436407
436408
436409
436843
436844
436845
436846
436847
436848
436852
436853
436854
436855
436856
436857
436858
436859
436860
437288
437289
437290
437296
437297
437298
437299
437300
437301
437302
437303
437304
437305
437748
437749
437750
437751
437752
437753
437754
437755
437756
437757
437758
438195
438196
438197
438198
438199
438200
438201
438202
438203
438204
438205
438206
438207
438208
438653
438654
438656
438657
438658
438659
438660
438661
438662
439100
439101
439102
439103
439104
439105
439528
439529
439530
439531
439532
439533
439945
439946
439947
439948
439949
439950
439951
440331
440332
440333
440334
440335
440336
440727
440728
440729
441106
441107
441108