34116
34133
34634
34650
35161
35162
35169
35170
35176
35177
35672
35673
35674
35675
35676
35681
35682
35683
35684
35685
35690
35691
35692
35693
36170
36171
36172
36173
36178
36179
36180
36187
36188
36190
36191
36192
36193
36648
36649
36651
36652
36656
36657
36658
36659
36665
36666
36667
36668
36669
37112
37113
37114
37116
37117
37118
37119
37120
37121
37122
37123
37124
37129
37130
37131
37132
37133
37134
37587
37588
37589
37590
37591
37592
37593
37594
37595
37596
37597
37598
37599
37601
37602
37603
37604
37605
38067
38068
38069
38070
38071
38072
38073
38074
38075
38076
38077
38078
38079
38081
38576
38577
38580
38581
38582
38583
38584
38585
38586
38587
38588
38589
38590
38591
38592
38594
39081
39082
39083
39084
39085
39086
39087
39088
39089
39090
39091
39092
39093
39094
39095
39096
39097
39098
39099
39100
39609
39610
39611
39612
39613
39614
39615
39616
39617
39618
39619
39620
39622
39623
39624
39625
39626
39627
39628
39629
40141
40142
40143
40144
40145
40146
40147
40148
40149
40150
40151
40152
40153
40154
40155
40156
40158
40159
40160
40161
40162
40674
40675
40676
40677
40678
40679
40680
40681
40682
40683
40684
40685
40687
40688
40690
40691
40692
40693
40696
40697
41203
41205
41206
41207
41208
41209
41210
41211
41212
41213
41214
41215
41216
41217
41218
41219
41220
41221
41222
41223
41224
41225
41226
41227
41228
41230
41231
41232
41769
41770
41771
41772
41773
41774
41775
41776
41777
41778
41779
41780
41781
41782
41783
41784
41785
41786
41787
41788
41789
41790
41791
41792
41793
41794
41795
41796
41797
41798
41799
41801
41802
42345
42346
42347
42348
42349
42350
42351
42352
42353
42354
42355
42356
42357
42358
42359
42360
42361
42362
42363
42364
42365
42366
42368
42369
42370
42371
42372
42373
42374
42375
42376
42377
42378
42379
42923
42924
42925
42926
42927
42928
42929
42930
42931
42932
42933
42934
42935
42936
42937
42938
42939
42940
42941
42942
42943
42944
42945
42946
42947
42948
42949
42950
43483
43484
43485
43486
43487
43488
43489
43490
43492
43493
43494
43495
43496
43497
43498
43499
43500
44048
44049
44050
44051
44052
44053
44054
44055
44057
44058
44059
44060
44061
44062
44063
44064
44065
44066
44067
44592
44593
44594
44595
44596
44597
44598
44599
44600
44601
44602
44603
44604
44605
44606
44607
44608
44609
44610
44611
45115
45116
45117
45118
45119
45120
45121
45122
45123
45124
45125
45126
45127
45128
45129
45130
45131
45132
45133
45134
45135
45136
45648
45649
45650
45651
45652
45653
45654
45655
45656
45657
45658
45659
45660
45661
45662
45663
45664
45665
45666
46159
46160
46161
46162
46163
46164
46165
46166
46167
46168
46169
46170
46171
46172
46173
46174
46175
46176
46177
46178
46179
46660
46661
46662
46663
46664
46665
46666
46667
46668
46669
46670
46671
46672
46673
46674
46675
46676
46677
47127
47128
47129
47130
47131
47132
47133
47134
47135
47136
47137
47138
47139
47140
47141
47142
47588
47589
47590
47591
47592
47593
47594
47595
47596
47597
47598
47599
47600
48037
48040
48041
48042
48043
48044
48507
48508
48509
48512
48513
48514
48982
48988
48989