196888
197407
197408
197966
198521
198522
199106
199107
199108
199109
199699
199700
199701
200263
200285
200286
200287
200288
200289
200290
200836
200837
200838
200839
200840
200862
200863
200864
200865
200866
200867
200868
200869
201387
201388
201389
201390
201391
201415
201416
201417
201418
201419
201420
201953
201954
201955
201960
201966
201977
201978
201979
201980
201981
201982
202523
202524
202525
202526
202527
202530
202531
202532
202533
202534
202535
202536
202541
202542
202543
202556
202557
202558
203107
203108
203109
203110
203111
203112
203113
203114
203116
203117
203118
203119
203120
203121
203125
203126
203127
203139
203140
203141
203142
203143
203687
203688
203689
203690
203691
203692
203693
203695
203696
203697
203698
203699
203700
203703
203704
203705
203706
203711
203712
203716
203718
203719
203720
204243
204244
204245
204246
204247
204248
204250
204251
204252
204253
204254
204255
204256
204257
204258
204259
204260
204261
204266
204267
204270
204271
204272
204273
204274
204797
204798
204799
204800
204801
204802
204803
204804
204805
204806
204807
204808
204809
204810
204811
204812
204813
204816
204817
204818
204819
204820
204821
204825
204826
204827
205341
205342
205343
205344
205345
205346
205347
205349
205350
205351
205352
205353
205354
205355
205356
205357
205361
205362
205363
205364
205365
205366
205367
205370
205371
205893
205894
205895
205896
205897
205898
205899
205900
205901
205902
205903
205904
205905
205906
205907
205908
205909
205910
205911
205915
205916
205917
205918
205919
205920
205921
205922
205923
205924
205925
206445
206446
206447
206448
206449
206450
206451
206452
206453
206454
206455
206458
206459
206460
206461
206462
206463
206464
206465
206466
206467
206468
206469
206470
206471
206472
206473
206474
206475
206991
206992
206993
206994
206995
206996
207001
207002
207003
207004
207005
207006
207007
207008
207009
207010
207011
207012
207013
207014
207015
207016
207017
207018
207019
207020
207021
207521
207524
207525
207536
207537
207538
207539
207540
207541
207542
207543
207544
207545
207546
207547
207548
207549
207550
207551
207552
208040
208041
208042
208044
208055
208056
208057
208058
208059
208061
208062
208063
208064
208065
208066
208067
208068
208069
208070
208071
208545
208546
208547
208548
208549
208550
208558
208559
208560
208561
208562
208565
208566
208567
208568
208569
208570
208571
208572
208573
208574
208575
208576
209043
209044
209045
209056
209057
209058
209059
209060
209061
209062
209063
209064
209065
209066
209067
209068
209069
209070
209520
209521
209530
209531
209532
209533
209534
209535
209536
209537
209538
209539
209540
209541
209542
209543
209544
209545
209546
209547
209548
209549
210021
210028
210029
210033
210034
210036
210037
210039
210040
210041
210042
210043
210044
210045
210046
210513
210518
210519
210520
210521
210522
210523
210524
210525
210526
210527
210528
210529
210530
210531
210532
211030
211031
211032
211033
211034
211035
211036
211037
211038
211039
211040
211041
211544
211545
211547
211548
211549
211550
211551
211552
211553
211554
212067
212069
212070
212071
212072
212074
212075
212076
212077
212580
212581
212582
212583
212584
212586
212587
212588
212589
213106
213107
213108
213644
213645
214203
214781
214782
215360
215361
215362
215363
215924
215925
215926
215927
216491
216492
216493
216494
217058
217059
217060
217061
217062
217625
217626
217627
218179
218180
218181
218182
218183
218731
218732
218733
218734
218735
219261
219262
219263
219264
219265
219794
219796
219797