166044
166045
166046
166523
166524
166525
166526
166527
166528
167008
167009
167010
167011
167012
167013
167014
167510
167511
167512
167513
167514
167515
167516
167517
167518
167519
167520
167521
167522
168020
168021
168022
168023
168024
168025
168026
168027
168028
168029
168030
168031
168032
168548
168549
168550
168551
168552
168553
168554
168555
168556
168557
168558
168559
168560
168561
168562
168563
169056
169057
169058
169059
169060
169061
169062
169063
169064
169065
169066
169067
169068
169069
169070
169071
169567
169568
169569
169570
169571
169572
169573
169574
169575
169576
169577
169578
170084
170085
170086
170087
170088
170089
170090
170091
170092
170093
170094
170095
170096
170097
170621
170622
170623
170624
170625
170626
170627
170628
170629
170630
170631
170632
170633
170634
170635
170636
170637
171176
171177
171178
171179
171180
171181
171182
171183
171184
171185
171186
171187
171188
171189
171190
171191
171192
171193
171700
171701
171702
171703
171704
171705
171706
171707
171708
171709
171710
171711
171712
171713
171714
171715
171716
172220
172221
172222
172223
172224
172225
172226
172227
172228
172229
172230
172231
172738
172739
172740
172741
172742
172743
172744
172745
172746
172747
172748
172749
172750
173246
173247
173248
173249
173250
173251
173252
173253
173254
173255
173256
173257
173258
173259
173774
173775
173776
173777
173778
173779
173780
173781
173782
173783
173784
173785
173786
174304
174305
174306
174307
174308
174309
174310
174311
174312
174313
174314
174315
174316
174317
174838
174839
174840
174841
174842
174843
174844
174845
174846
174847
174848
174849
174850
174851
175362
175363
175364
175365
175366
175367
175368
175369
175370
175371
175919
175920
175921
175922
175923
175924
175925
175926
176514
176515
176516
176517
176518
176519
176520
177132
177133
177134
177135
177136
177137
177138
177139
177140
177141
177143
177775
177776
177777
177778
177779
177780
177781
177782
177783
177784
177786
177787
177788
178430
178431
178432
178433
178434
178437
178438
178439
179062
179063
179064
179067
179068
179069
179070
179071
179708
179709
179710
179711
179712
179713
179714
179715
179716
179717
179718
180349
180350
180351
180352
180353
180354
180355
180356
180357
180358
180359
180360
180361
180362
180363
181012
181013
181014
181015
181016
181017
181018
181019
181020
181021
181022
181023
181024
181025
181026
181027
181680
181681
181682
181683
181684
181685
181686
181687
181688
181689
181690
181691
181692
181693
181694
181695
182330
182331
182332
182333
182334
182335
182336
182337
182338
182339
182340
182341
182342
182343
182344
182345
182346
182969
182970
182971
182972
182973
182974
182975
182976
182977
182978
182979
182980
182981
182982
182983
182984
182985
183590
183591
183592
183593
183594
183595
183596
183597
183598
183599
183600
183601
183602
183603
184171
184172
184173
184174
184175
184176
184177
184178
184179
184180
184181
184182
184183
184184
184775
184776
184777
184778
184779
184780
184781
184782
184783
184784
184785
184786
184787
185407
185408
185409
185410
185411
185412
185413
185417
185418
186051
186052
186053
186054
186055
186056
186057
186058
186060
186061
186690
186691
186692
186693
186694
186695
186696
186697
186698
186699
186700
187309
187310
187311
187312
187313
187314
187315
187316
187317
187318
187917
187918
187919
187920
187921
187922
188533
188534
188535
188536
188537
189148
189149
189150
189151
189152
189153
189745
189746
189747
189748
189749
190322
190323
190324
190325
190890
191452
191453
192021