242155
242746
242747
243343
243345
243346
243347
243942
243943
243944
243945
243946
243947
243948
243949
243950
244526
244527
244528
244529
244530
244531
244532
244533
244534
244535
245133
245134
245135
245136
245137
245138
245139
245140
245141
245142
245143
245740
245741
245742
245743
245744
245745
245746
245747
245749
246319
246320
246321
246322
246323
246324
246325
246326
246327
246328
246914
246915
246916
246917
246918
246919
246920
246921
247501
247502
247503
247504
247505
247506
247507
247508
247509
248062
248063
248064
248065
248066
248067
248068
248069
248070
248631
248632
248633
248635
248636
248637
248638
248639
248640
249185
249186
249187
249190
249191
249192
249193
249194
249195
249196
249197
249741
249742
249743
249744
249745
249746
250286
250287
250288
250289
250290
250291
250292
250293
250294
250828
250829
250830
250831
250832
250833
250834
250835
250836
251380
251381
251382
251383
251384
251385
251386
251387
251388
251947
251948
251949
251950
251951
251952
251953
251954
251955
251956
251957
252541
252542
252543
252544
252545
252546
252547
252548
252549
253122
253123
253124
253125
253126
253702
254280
254902
254903
254904
255525
255526
255527
255528
255529
256123
256124
256126
256127
256128
256129
256130
256747
256748
256749
256750
256751
256752
256753
256754
257364
257365
257366
257367
257368
257369
257370
257371
257372
257373
257981
257982
257983
257984
257985
257986
257987
257988
258604
258605
258606
258607
258608
258609
258610
258611
259240
259241
259242
259243
259244
259245
259246
259887
259888
259889
259890
259891
259892
259893
259894
259895
260534
260535
260536
260537
260538
260539
260540
260541
260542
260543
261155
261156
261157
261158
261159
261160
261161
261162
261163
261164
261766
261767
261768
261769
261770
261771
261772
261773
261774
261775
261776
262380
262381
262382
262383
262384
262385
262386
262387
262388
262980
262981
262982
262983
262984
262985
262986
263579
263580
263581
263582
263583
263584
263585
263586
263587
263588
264177
264178
264179
264180
264181
264182
264183
264184
264185
264186
264187
264188
264806
264807
264808
264809
264810
264812
264813
264814
264815
264816
264817
264818
265433
265434
265435
265436
265437
265441
265442
265443
266062
266063
266064
266065
266066
266067
266071
266072
266073
266074
266075
266663
266664
266665
266666
266670
266671
266672
266673
267268
267269
267270
267271
267272
267273
267274
267275
267277
267278
267279
267895
267896
267897
267898
267899
267900
267901
267902
267903
267904
267905
268518
268519
268520
268521
268522
268523
268524
268525
268526
268527
268528
268529
268530
268531
268532
269151
269152
269153
269154
269155
269156
269157
269158
269159
269160
269161
269162
269163
269789
269790
269791
269792
269793
269794
269795
269796
269797
269798
269799
269800
270438
270439
270440
270441
270442
270443
270444
270445
270446
270447
271085
271086
271087
271088
271089
271090
271091
271092
271093
271094
271095
271096
271736
271737
271738
271739
271740
271741
271742
271743
271744
271745
271746
271747
272381
272382
272383
272384
272385
272386
272387
272388
272389
272390
272391
272392
272393
273024
273025
273026
273027
273028
273029
273030
273031
273034
273035
273036
273037
273038
273039
273040
273693
273694
273695
273696
273697
273698
273699
273700
273701
273702
273703
273704
273705
273706
274357
274358
274359
274360
274361
274362
274981
274982
274983
274984
275606
275607
275608
275609
275610
276231
276232
276233
276234
276235
276236
276237
276859
276860
276861
277480
277481