388235
388236
388237
388783
388784
389322
389323
389332
389333
389869
389879
389880
390412
390413
390414
390424
390425
390426
390969
390970
390971
390977
390978
390985
390986
390987
390988
390989
391517
391519
391520
391524
391525
391526
391527
391528
391529
391530
391531
391532
391533
392073
392074
392075
392076
392077
392078
392079
392080
392081
392082
392083
392084
392085
392086
392087
392088
392089
392090
392091
392092
392093
392094
392627
392628
392629
392630
392631
392632
392633
392634
392635
392636
392637
392638
392639
392640
392641
392642
392643
392644
392645
392646
392647
392648
392649
393155
393156
393157
393158
393159
393160
393161
393162
393163
393164
393165
393166
393167
393168
393169
393170
393171
393172
393173
393176
393688
393689
393690
393691
393692
393693
393694
393695
393696
393697
393698
393699
393700
393701
393702
393703
393704
393705
393706
393707
393710
393711
393712
393713
394233
394234
394235
394236
394237
394238
394239
394240
394241
394242
394243
394244
394245
394246
394251
394255
394256
394257
394746
394747
394748
394749
394750
394751
394752
394753
394754
394755
394756
394757
394758
394759
394760
394761
394766
394767
394768
394771
395281
395283
395284
395285
395286
395288
395289
395290
395291
395292
395295
395296
395297
395298
395299
395300
395301
395302
395303
395304
395305
395306
395826
395827
395828
395829
395830
395831
395832
395833
395836
395837
395838
395839
395843
395844
395845
395846
395847
395848
395850
395851
395852
395853
396373
396374
396375
396376
396377
396378
396379
396380
396381
396382
396383
396384
396385
396386
396387
396388
396389
396390
396391
396392
396393
396394
396395
396396
396397
396398
396399
396898
396899
396900
396901
396902
396903
396904
396905
396906
396907
396908
396909
396910
396911
396912
396913
396914
396915
396916
396917
396918
396919
396920
396921
396922
396923
396925
397413
397414
397415
397416
397417
397418
397419
397420
397421
397422
397423
397424
397425
397426
397427
397428
397429
397430
397431
397432
397433
397434
397435
397436
397437
397438
397439
397939
397940
397941
397942
397943
397944
397945
397946
397947
397948
397949
397950
397951
397952
397953
397954
397955
397956
397957
397958
397959
397960
397961
397962
397963
397964
397965
397966
397967
397968
397969
397973
397974
398488
398489
398490
398491
398492
398493
398494
398495
398496
398497
398498
398499
398500
398501
398502
398503
398504
398505
398506
398507
398508
398509
398510
398511
398512
398513
398514
398515
398516
398517
398518
398519
398520
398524
399059
399060
399061
399062
399063
399064
399065
399066
399067
399068
399069
399070
399071
399072
399073
399074
399075
399076
399077
399078
399079
399080
399081
399082
399083
399084
399085
399086
399087
399088
399089
399090
399091
399095
399597
399598
399599
399600
399601
399602
399603
399604
399605
399606
399607
399608
399609
399610
399611
399612
399613
399614
399615
399616
399617
399618
399619
399620
399627
400121
400122
400123
400124
400125
400126
400127
400128
400129
400130
400131
400132
400133
400134
400135
400137
400138
400611
400612
400613
400614
400615
400616
400617
400618
400619
400620
400621
400622
400623
401102
401103
401104
401105
401106
401107
401110
401111
401112
401613
401614
401615
401616
401617
401618
401619
401620
401621
402107
402108
402109
402110
402111
402112
402113
402114
402115
402116
402621
402622
402623
402624
402625
402626
402627
402628
402629
402630
403115
403116
403117
403118
403119
403120
403121
403122
403123
403600
403601
403602
403603