129944
129945
130457
130458
130459
130460
130974
130975
130976
130977
131483
131484
131485
131486
131487
131488
132008
132009
132010
132011
132012
132533
132534
132535
132536
132537
132538
133069
133070
133071
133072
133073
133074
133078
133079
133080
133626
133627
133628
133629
133630
133631
133632
133633
133634
133635
133636
133637
134201
134202
134203
134204
134205
134206
134207
134208
134209
134210
134212
134213
134214
134215
134784
134785
134786
134787
134788
134789
134790
134791
134792
134793
134794
134796
134799
134800
134801
134802
134803
134813
134814
135396
135397
135398
135399
135400
135401
135403
135404
135405
135406
135407
135408
135409
135410
135411
135412
135413
135414
135415
135416
135417
135418
135419
135424
135425
135426
135428
135991
135992
135993
135994
135995
135996
135997
135998
135999
136000
136001
136002
136003
136004
136005
136006
136007
136008
136009
136010
136011
136012
136013
136014
136015
136016
136018
136019
136020
136021
136022
136023
136024
136025
136026
136027
136598
136599
136600
136601
136602
136603
136604
136605
136606
136607
136608
136609
136610
136611
136612
136613
136614
136615
136616
136617
136618
136619
136620
136621
136622
136623
136624
136625
136626
136627
136628
136629
136630
136631
136632
136633
137189
137190
137191
137192
137193
137194
137195
137196
137197
137198
137199
137200
137201
137202
137203
137204
137205
137206
137207
137208
137209
137210
137211
137212
137213
137214
137215
137216
137217
137218
137219
137220
137221
137222
137223
137224
137225
137226
137756
137757
137758
137759
137760
137761
137762
137763
137764
137765
137766
137767
137768
137769
137770
137771
137772
137773
137774
137775
137776
137777
137778
137779
137780
137781
137782
137783
137784
137786
137787
137788
137789
137790
137791
137792
137793
137794
137795
138343
138344
138345
138346
138347
138348
138349
138350
138351
138352
138353
138354
138355
138356
138357
138359
138360
138361
138362
138363
138364
138365
138366
138367
138368
138369
138370
138371
138372
138374
138375
138376
138377
138378
138379
138380
138381
138382
138383
138384
138930
138931
138932
138933
138934
138935
138936
138937
138938
138939
138947
138948
138949
138950
138951
138952
138953
138954
138955
138956
138957
138958
138959
138961
138962
138963
138964
138965
138966
138967
138968
138969
138970
138971
139541
139542
139543
139544
139545
139546
139547
139557
139558
139559
139560
139561
139562
139563
139564
139565
139566
139567
139568
139569
139574
139575
139576
139577
139578
139579
139580
140155
140156
140158
140159
140160
140161
140162
140163
140164
140176
140177
140178
140179
140180
140181
140182
140183
140191
140192
140193
140194
140195
140760
140761
140762
140763
140764
140765
140766
140767
140768
140769
140781
140782
140783
140784
140785
140786
140787
140788
140799
141351
141352
141353
141354
141355
141356
141357
141358
141359
141360
141367
141368
141369
141370
141371
141372
141373
141374
141375
141376
141377
141378
141937
141938
141939
141940
141941
141948
141949
141950
141951
141952
141953
141954
141955
141956
141957
141958
141959
141960
141961
142515
142516
142517
142527
142528
142529
142530
142531
142532
142533
143073
143074
143075
143076
143077
143078
143087
143088
143089
143090
143091
143092
143093
143094
143621
143624
143625
143626
143627
143628
143629
143630
143631
143632
143633
143634
143645
143646
143647
143648
143649
144158
144159
144160
144161
144166
144167
144173
144174
144175
144176
144177
144709
144714
144721
144722
144723
145275
145289
145290