114334
114335
114336
114883
114885
115441
115443
115444
115985
115986
115989
115990
115991
115992
116544
116545
116546
116547
116548
116549
116550
116551
116552
117100
117101
117102
117103
117104
117644
117645
118181
118182
118183
118714
118715
118716
118717
118718
118719
118720
118721
118722
118723
118724
119253
119254
119255
119256
119257
119258
119259
119260
119261
119262
119263
119264
119265
119802
119803
119804
119805
119806
119807
119808
119809
119810
119811
119812
119813
119814
120366
120367
120368
120369
120370
120371
120372
120373
120374
120375
120899
120900
120901
120902
120903
120904
120905
120906
120907
120908
120909
120910
120911
120912
120913
120914
121431
121432
121433
121434
121435
121436
121437
121438
121439
121440
121441
121442
121443
121446
121960
121961
121962
121963
121964
121965
121966
121967
121968
121969
121970
122485
122486
122487
122488
122489
122490
122491
122492
123025
123026
123027
123028
123030
123031
123032
123583
123584
123585
123586
123587
123588
123589
124142
124143
124150
124151
124152
124153
124154
124155
124156
124710
124711
124712
124713
124720
124721
124722
124723
124724
124725
124726
124727
124728
124729
124730
125274
125275
125276
125277
125278
125279
125281
125282
125283
125284
125285
125286
125287
125288
125290
125291
125292
125293
125294
125834
125835
125836
125837
125838
125839
125840
125841
125842
125843
125844
125845
125846
125847
125848
125849
125850
125851
125852
125853
125854
126386
126387
126388
126389
126390
126391
126392
126393
126394
126395
126396
126397
126398
126399
126400
126401
126402
126403
126936
126937
126938
126939
126940
126942
126943
126944
126945
126946
126947
126948
126949
126950
126951
126952
126953
127472
127473
127476
127477
127478
127479
127480
127481
127482
127483
127484
127485
127486
127999
128000
128001
128004
128005
128006
128007
128008
128009
128010
128011
128012
128013
128014
128512
128513
128514
128515
128516
128518
128519
128520
128521
128522
128523
128524
128525
128526
128527
128528
128529
128530
128531
128532
128999
129000
129001
129002
129003
129004
129005
129006
129007
129008
129009
129011
129012
129013
129014
129517
129518
129519
129520
129521
129522
129524
129525
129526
129527
129528
129529
129530
129531
130044
130045
130046
130047
130048
130049
130050
130051
130052
130053
130054
130055
130056
130057
130058
130553
130554
130555
130556
130557
130558
130559
130560
130561
130562
130563
130564
130565
130566
130567
130568
131071
131072
131073
131074
131075
131076
131077
131078
131079
131080
131081
131082
131586
131587
131588
131589
131590
131591
131592
131593
131594
131595
131596
131597
132107
132108
132109
132110
132111
132112
132113
132114
132115
132116
132117
132118
132629
132630
132631
132632
132633
132634
132635
132636
132637
132638
132639
132640
132641
133173
133174
133175
133176
133177
133178
133179
133180
133181
133182
133183
133737
133738
133739
133740
133741
133742
133744
133745
133746
133747
133748
133749
133750
134316
134317
134318
134319
134320
134321
134322
134323
134324
134325
134326
134327
134328
134906
134907
134908
134909
134910
134911
134912
134913
134914
134915
134916
134917
134918
135519
135520
135521
135522
135523
135524
135525
135526
135527
136123
136124
136125
136126
136127
136130
136131
136132
136133
136134
136727
136728
136729
136730
136735
136736
136737
136738
136739
136740
137328
137329
137330
137331
137332
137333
137897
137898
137899
137900
138487
138488
138489
138490
138491
139078
139079
139080
139081
139681
139682
139683
139684