156098
156099
156100
156568
156569
156570
156571
156572
156573
157052
157053
157054
157055
157056
157057
157058
157059
157060
157061
157536
157537
157538
157539
157540
157541
157543
157544
158016
158017
158018
158019
158020
158021
158022
158023
158508
158509
158511
158512
158513
158977
158978
158979
159416
159417
159418
159419
159420
159421
159849
159850
159851
159852
159853
159854
159855
159856
160281
160282
160283
160284
160285
160286
160287
160288
160712
160713
160714
160715
160716
160717
160718
160719
161150
161151
161152
161153
161154
161155
161156
161157
161161
161162
161605
161606
161607
161608
161609
161610
161614
161615
161616
161617
161618
161619
162083
162084
162085
162086
162087
162092
162093
162094
162095
162096
162097
162098
162099
162571
162572
162573
162574
162575
162576
162577
162579
162580
162581
162582
162583
162584
162585
163031
163032
163033
163034
163035
163036
163037
163038
163039
163040
163041
163042
163043
163044
163469
163470
163471
163472
163473
163474
163475
163476
163477
163478
163479
163484
163920
163921
163922
163923
163924
163925
163926
163927
163931
164358
164359
164360
164361
164362
164363
164364
164365
164366
164367
164368
164369
164370
164371
164372
164849
164850
164851
164852
164853
164854
164855
164856
164857
164858
164859
164860
164861
164862
164863
164864
164865
164866
164867
165327
165328
165329
165330
165331
165332
165333
165334
165335
165336
165337
165338
165339
165340
165341
165342
165343
165344
165345
165346
165347
165803
165804
165805
165806
165807
165808
165809
165810
165811
165812
165813
165814
165815
165816
165817
165818
165819
165820
165821
166289
166290
166291
166292
166293
166294
166295
166296
166297
166298
166299
166300
166301
166302
166303
166304
166305
166306
166307
166775
166776
166777
166778
166779
166780
166781
166782
166783
166784
166785
166786
166787
166788
166789
167262
167263
167264
167265
167266
167267
167268
167269
167270
167271
167272
167273
167274
167275
167276
167277
167771
167772
167773
167774
167775
167776
167777
167778
167779
167780
167781
167782
167783
167784
167785
167786
167787
168292
168293
168294
168295
168296
168297
168298
168299
168300
168301
168302
168303
168304
168305
168306
168307
168308
168309
168310
168802
168803
168804
168805
168806
168807
168808
168810
168811
168812
168813
168814
168815
168816
168817
168818
168819
168820
168821
168822
168823
169310
169311
169312
169313
169314
169315
169316
169317
169318
169319
169320
169321
169322
169323
169324
169325
169326
169327
169328
169329
169828
169829
169830
169831
169832
169833
169834
169835
170350
170351
170352
170353
170354
170355
170356
170357
170358
170359
170360
170361
170362
170363
170364
170365
170897
170898
170899
170900
170901
170902
170903
170904
170905
170906
170907
170908
170909
170910
170911
170912
171431
171432
171433
171434
171435
171436
171437
171438
171439
171440
171442
171443
171444
171968
171969
171970
171971
171972
171973
171974
171975
171976
171977
171978
171980
171981
171982
171983
172483
172484
172485
172486
172487
172488
172489
172490
172491
172492
172493
172494
172495
172496
172497
172993
172994
172995
172996
172997
172998
173000
173001
173517
173518
173519
173520
173521
173522
173523
174049
174050
174051
174052
174053
174054
174055
174598
174599
174600
174601
174602
174603
174604
174605
175142
175143
175144
175145
175146
175147
175148
175149
175671
175672
175673
175674
175675
175676
175677
175678
175679
175680
176255
176256
176257
176867
176868
177514
177515
178162
178163
178811
178812