71665
72227
72228
72229
72230
72239
72240
72241
72242
72801
72802
72803
72804
72811
72812
72813
72814
72815
73359
73360
73361
73366
73367
73368
73369
73370
73371
73922
73923
73924
73925
73926
73927
73928
73929
73930
73931
73932
73933
73934
73935
74478
74479
74480
74481
74482
74483
74484
74485
74488
74489
74490
74491
74492
74493
75039
75040
75041
75042
75043
75044
75045
75046
75047
75048
75049
75050
75051
75052
75053
75054
75055
75632
75633
75634
75635
75636
75637
75638
75639
75640
75641
75642
75643
75644
75645
75646
75647
75648
75649
76218
76219
76220
76221
76222
76223
76224
76225
76226
76227
76228
76229
76230
76231
76232
76795
76796
76797
76798
76799
76800
76801
76802
76803
76804
76805
76806
76807
76808
76809
76810
76811
76812
76813
76814
76815
76816
76817
76818
77349
77350
77351
77352
77353
77354
77355
77356
77357
77358
77359
77360
77361
77362
77363
77364
77365
77366
77369
77370
77371
77926
77927
77928
77929
77930
77931
77932
77933
77934
77935
77936
77937
77938
77939
77940
77941
77942
77943
77944
77945
77946
77947
77951
77952
77953
78504
78505
78506
78507
78508
78509
78510
78511
78512
78513
78514
78515
78516
78517
78518
78519
78520
78521
78522
78523
78524
78525
78526
78527
78528
78530
78531
79109
79110
79111
79112
79113
79114
79115
79116
79117
79118
79119
79120
79121
79122
79123
79124
79125
79126
79127
79128
79129
79130
79131
79132
79133
79134
79135
79136
79137
79695
79696
79697
79698
79699
79700
79701
79702
79703
79704
79705
79706
79707
79708
79709
79710
79711
79712
79713
79714
79715
79716
79717
79718
79719
79720
79721
79722
80289
80290
80291
80292
80293
80294
80295
80296
80297
80298
80299
80300
80301
80302
80303
80304
80305
80306
80307
80308
80309
80310
80311
80312
80313
80314
80315
80316
80317
80318
80319
80883
80884
80885
80886
80887
80888
80889
80890
80891
80892
80893
80894
80895
80896
80897
80898
80899
80900
80901
80902
80903
80904
80905
80906
80907
80908
80909
80910
80911
80912
80913
81441
81442
81443
81444
81445
81446
81447
81448
81449
81450
81451
81452
81453
81454
81455
81456
81457
81458
81459
81460
81461
81462
81463
81464
81465
81466
81467
81468
81469
82008
82009
82010
82011
82012
82013
82014
82015
82016
82017
82018
82019
82020
82021
82022
82023
82024
82025
82026
82027
82028
82029
82030
82031
82032
82033
82034
82035
82036
82037
82039
82040
82603
82604
82606
82607
82608
82609
82610
82611
82612
82613
82614
82615
82620
82622
82623
82624
82625
82626
82627
82628
83202
83203
83204
83205
83206
83207
83208
83209
83210
83216
83217
83770
83771
83772
83773
83774
84331
84332
84333
84334
84335
84908
84909
84910
84911
84912
84913
85471
85473
85474
85475
85476
85477
85478
85481
85482
85483
85484
86034
86035
86036
86037
86038
86039
86040
86041
86042
86045
86046
86047
86048
86591
86592
86593
86594
86595
86596
86599
86600
86601
86602
86603
87151
87152
87153
87155
87156
87679
87681
87682
87683
88198
88199
88204
88740
88741
89261
89262
89263
89793
89794
89795
89796
90318
90319
90320
90861
90862
90863
90864
91422
91423
91987
91988
91989
92555
92556
92557