347008
347559
347560
348143
348144
348145
348146
348147
348148
348149
348725
348726
348727
348728
348729
348730
348744
348745
349323
349324
349325
349326
349327
349328
349329
349343
349344
349345
349346
349348
349349
349350
349925
349926
349927
349928
349929
349930
349931
349942
349943
349944
349946
349947
349948
350519
350520
350521
350522
350523
350530
350531
350532
350533
350534
350535
350536
350537
350538
350539
350540
350541
350542
350543
350544
351078
351079
351080
351081
351082
351083
351084
351085
351092
351093
351094
351095
351096
351097
351098
351099
351100
351101
351102
351103
351104
351105
351106
351107
351108
351109
351110
351111
351642
351643
351644
351645
351646
351647
351648
351649
351650
351651
351653
351654
351658
351659
351660
351661
351662
351663
351664
351665
351666
351667
351668
351669
351670
351671
351672
351673
351674
352205
352206
352207
352208
352209
352210
352211
352212
352213
352214
352215
352217
352218
352219
352220
352221
352222
352223
352227
352228
352229
352230
352231
352232
352233
352234
352235
352769
352770
352771
352772
352773
352774
352775
352776
352777
352778
352779
352780
352781
352782
352783
352784
352785
352786
352787
352788
352789
352790
352794
352795
352796
352797
352798
352799
352800
352801
352802
352803
352804
353337
353338
353339
353340
353341
353342
353343
353344
353345
353346
353347
353348
353349
353350
353352
353353
353360
353361
353362
353363
353364
353365
353366
353367
353368
353369
353370
353372
353925
353926
353927
353928
353929
353930
353931
353932
353934
353936
353937
353938
353939
353941
353942
353943
353944
353945
353946
353947
353948
353949
353950
353951
353952
353953
353954
353955
353956
353957
353958
353959
354505
354506
354507
354508
354509
354510
354511
354512
354513
354514
354515
354518
354519
354520
354521
354522
354523
354524
354525
354526
354527
354528
354529
354530
354531
354532
354533
354534
354535
354536
354537
355099
355100
355101
355102
355103
355104
355105
355106
355107
355108
355109
355110
355111
355113
355114
355115
355116
355117
355118
355119
355120
355121
355122
355123
355124
355125
355126
355127
355128
355129
355130
355131
355132
355133
355134
355695
355696
355697
355698
355699
355700
355701
355702
355703
355704
355705
355706
355707
355708
355709
355710
355711
355712
355713
355714
355715
355716
355717
355718
355719
355720
355721
355722
355723
355724
355725
355726
355727
355728
356267
356268
356269
356270
356271
356272
356273
356274
356275
356276
356277
356278
356279
356280
356281
356282
356283
356284
356285
356286
356287
356288
356289
356290
356291
356292
356293
356296
356297
356840
356841
356842
356843
356844
356845
356846
356847
356848
356849
356850
356851
356854
356855
356856
356857
356858
356859
356860
356861
356862
356863
356864
356865
356866
356867
357392
357393
357394
357395
357398
357399
357400
357401
357402
357403
357406
357407
357408
357409
357410
357411
357412
357413
357414
357415
357416
357417
357418
357954
357955
357956
357957
357966
357967
357968
357972
357973
357974
357975
357976
357977
358501
358510
358511
358512
358516
358517
358518
358519
358520
358521
358522
358523
359057
359058
359059
359060
359063
359064
359065
359066
359584
359585
359586
359587
359592
359593
359594
359595
359596
360120
360121
360122
360123
360130
360632
360633
360634
360635
361128
361129
361130
361637
361638
361639
361640
362169
362170
362171
362687
362688
362689
362690
363203
363204
363722
363723
363724
364239
364240
364241
364242
364243
364753
364754
364755
365258
365259