175134
175135
175660
175661
175662
175663
176246
176247
176850
176851
176852
176853
176854
176855
176856
176857
177491
177492
177493
177494
177495
177496
177497
177498
177499
178140
178141
178142
178143
178144
178145
178146
178147
178148
178791
178792
178793
178794
178795
178796
178797
178798
179438
179439
179440
179441
179442
179443
179444
179445
179446
180078
180079
180080
180081
180082
180083
180084
180085
180086
180087
180730
180731
180732
180733
180734
180735
180736
180737
180738
180739
181395
181396
181397
181398
181399
181400
181401
181402
182056
182057
182058
182059
182060
182061
182062
182063
182064
182065
182066
182694
182695
182696
182697
182698
182699
182700
182701
182702
182703
182704
182705
182706
182707
182708
182709
182710
182711
182712
183330
183331
183332
183333
183334
183335
183336
183337
183338
183339
183340
183341
183342
183343
183344
183345
183346
183347
183349
183352
183353
183354
183916
183917
183918
183919
183920
183921
183922
183923
183924
183925
183926
183927
183928
183929
183930
183931
183932
183934
183935
183936
183937
183938
183939
183940
184511
184512
184513
184514
184515
184516
184517
184518
184519
184520
184521
184522
184523
184524
184525
184526
184527
184528
184529
184530
184531
184532
184537
185132
185133
185134
185135
185136
185137
185142
185143
185144
185145
185146
185147
185148
185150
185151
185155
185156
185157
185158
185159
185778
185779
185780
185784
185785
185786
185787
185788
185789
185790
185791
185792
185793
185795
185796
185797
185803
185804
185805
185806
186428
186429
186430
186435
186436
186437
186438
186439
186440
186441
186442
186443
186444
186445
186453
186454
186455
186456
187072
187073
187074
187075
187076
187077
187078
187079
187080
187081
187082
187083
187084
187085
187685
187686
187687
187690
187691
187692
187693
187694
187695
187696
187697
187698
187699
187700
188291
188294
188295
188296
188297
188298
188299
188300
188301
188302
188303
188304
188305
188306
188903
188904
188905
188906
188907
188908
188911
188912
188913
188914
188915
188916
188917
188918
188921
189520
189521
189522
189523
189524
189525
189526
189527
189530
190105
190106
190107
190108
190109
190110
190111
190112
190113
190114
190115
190116
190686
190687
190688
190689
190690
190691
190692
190693
190694
190695
190696
190697
191249
191250
191251
191252
191253
191254
191255
191256
191257
191258
191259
191260
191817
191818
191819
191820
191821
191822
191823
191824
191825
191826
191827
191828
192374
192375
192376
192377
192378
192379
192380
192381
192382
192383
192922
192923
192924
192925
192927
192928
192929
192930
192931
192932
192933
193477
193480
193481
193482
193483
193484
193485
193486
193487
193488
193489
194028
194029
194030
194031
194032
194033
194034
194039
194040
194589
194590
194591
194592
194593
194594
194595
194598
194599
194600
194601
195147
195148
195149
195150
195151
195152
195153
195154
195155
195156
195157
195158
195159
195160
195679
195680
195681
195682
195683
195684
195685
195686
195687
195688
195689
195690
195691
195692
195693
196217
196218
196219
196220
196221
196222
196223
196224
196225
196226
196227
196740
196741
196745
196746
196747
196748
196749
196750
196751
197253
197254
197255
197256
197257
197258
197259
197260
197261
197262
197798
197799
197800
197801
197802
197803
197804
197805
197806
198348
198349
198350
198351
198352
198353
198354
198355
198356
198357
198921
198922
198923
198924
198925
198926
198927
198928
199508
199509
199510
199511
199512
199513
199514
199515
200107
200108
200687
200688