445945
446309
446310
446658
446659
446660
446661
446987
446988
446989
446990
446991
447294
447295
447296
447297
447301
447302
447303
447304
447305
447306
447598
447599
447600
447601
447602
447603
447604
447605
447606
447607
447608
447609
447610
447611
447912
447913
447914
447915
447916
447917
447918
447919
447920
447921
447922
447923
447924
447925
447926
447927
447928
447929
447930
447931
447932
447933
447934
447935
448239
448240
448241
448242
448243
448244
448245
448246
448247
448248
448249
448250
448251
448252
448253
448254
448255
448256
448257
448258
448259
448260
448261
448262
448567
448568
448569
448570
448571
448572
448573
448574
448575
448576
448577
448578
448579
448580
448581
448582
448583
448584
448585
448586
448587
448588
448589
448590
448591
448892
448893
448894
448895
448896
448897
448898
448899
448900
448901
448902
448903
448904
448905
448906
448907
448908
448909
448910
448911
448912
448913
448914
448915
448916
448917
449211
449212
449213
449214
449215
449216
449217
449218
449219
449220
449221
449222
449223
449224
449225
449226
449227
449228
449229
449230
449231
449232
449233
449234
449235
449236
449534
449535
449536
449537
449540
449541
449542
449543
449544
449545
449546
449547
449548
449549
449550
449551
449552
449553
449554
449555
449556
449557
449558
449559
449560
449859
449860
449861
449862
449864
449865
449866
449867
449868
449869
449870
449871
449872
449873
449874
449875
449876
449877
449878
449879
449880
449881
449882
449883
449884
449885
450200
450201
450202
450203
450204
450205
450206
450207
450208
450209
450210
450211
450212
450213
450214
450215
450216
450217
450218
450219
450220
450543
450544
450545
450546
450547
450548
450549
450550
450551
450552
450553
450554
450555
450556
450557
450558
450559
450560
450561
450562
450563
450564
450565
450566
450567
450864
450865
450866
450867
450869
450870
450871
450872
450873
450874
450875
450876
450877
450878
450879
450880
450881
450882
450883
450884
450885
450886
450887
450888
451193
451194
451195
451196
451197
451198
451199
451200
451201
451202
451203
451204
451205
451206
451207
451208
451209
451210
451211
451212
451213
451519
451520
451521
451522
451523
451524
451525
451526
451527
451528
451529
451530
451531
451532
451533
451837
451840
451841
451842
451843
451844
451845
451846
451847
451848
451849
451850
451851
452157
452158
452159
452160
452161
452162
452164
452165
452166
452167
452168
452169
452170
452171
452172
452173
452174
452175
452176
452177
452178
452468
452469
452470
452471
452472
452473
452474
452475
452476
452477
452478
452479
452480
452481
452482
452483
452484
452485
452486
452487
452488
452489
452490
452491
452492
452803
452804
452805
452806
452807
452808
452809
452810
452811
452812
452813
452814
452815
452816
452817
452818
452819
452820
452821
452822
452823
452824
452825
452826
453138
453139
453140
453141
453142
453143
453144
453145
453146
453147
453148
453149
453150
453151
453152
453153
453154
453155
453156
453157
453158
453159
453161
453162
453468
453469
453470
453471
453472
453473
453474
453475
453476
453477
453478
453479
453480
453481
453482
453483
453484
453485
453486
453487
453488
453786
453787
453788
453789
453790
453791
453792
453793
453794
453795
453796
453797
453798
453799
453800
453801
453803
453804
453805
453806
454100
454101
454102
454103
454104
454105
454106
454107
454108
454109
454110
454111
454112
454113
454408
454409
454410
454411
454412
454413
454414
454415
454416
454417
454420
454423
454726
454727
454728
454729
454730
454731
454732
454733