269452
270095
270730
270731
270732
270733
270734
271382
271383
271384
271385
271386
272035
272036
272037
272038
272039
272040
272678
272679
272680
272681
272682
272683
272684
272685
273329
273330
273331
273332
273333
273334
273335
273336
273337
273338
273339
273340
273969
273970
273971
273972
273973
273974
273975
273983
273985
273986
273987
273988
273989
273990
273991
273992
273993
273994
273995
273996
273997
274614
274615
274616
274617
274618
274619
274620
274621
274622
274625
274626
274627
274628
274629
274630
274631
274632
274633
274634
274635
274636
274637
274638
274639
274640
274641
274642
274643
274644
274645
274646
274647
274650
275241
275242
275243
275244
275245
275246
275247
275248
275249
275250
275251
275252
275253
275254
275258
275259
275260
275261
275262
275263
275264
275265
275266
275267
275268
275269
275270
275271
275272
275273
275274
275275
275276
275277
275278
275880
275881
275882
275883
275884
275885
275886
275887
275888
275889
275890
275891
275895
275896
275897
275898
275899
275900
275901
275902
275903
275904
275905
275906
275907
275913
275914
275915
275916
276529
276530
276531
276532
276533
276534
276535
276536
276537
276538
276539
276540
276541
276546
276547
276548
276549
276550
276551
276552
276553
276554
276555
276556
276562
276563
276564
276565
276566
277147
277148
277149
277150
277151
277152
277153
277154
277155
277156
277157
277158
277159
277160
277165
277166
277167
277168
277169
277170
277174
277175
277176
277177
277764
277765
277766
277767
277768
277769
277770
277771
277772
277773
277774
277775
277776
277777
277781
277782
277783
277784
277785
277786
277789
277790
277791
277792
277793
277794
277795
278378
278379
278380
278381
278382
278383
278384
278385
278386
278387
278388
278389
278391
278392
278393
278394
278400
278401
278402
278403
278404
278406
278982
278983
278984
278985
278986
278987
278988
278989
278990
278991
278992
278993
278994
278998
278999
279000
279001
279003
279004
279601
279602
279603
279604
279605
279606
279607
279608
279609
279610
279616
279618
279619
279620
279621
280205
280206
280207
280208
280209
280210
280211
280220
280221
280222
280223
280224
280225
280799
280800
280801
280802
280803
280804
280805
280806
280817
280818
281390
281391
281392
281402
281403
281404
281986
281987
281988
281989
281990
281991
281992
281993
282004
282005
282006
282007
282008
282009
282010
282011
282573
282574
282575
282576
282577
282578
282579
282589
282590
282591
282592
282593
282594
282595
282596
283169
283170
283171
283172
283173
283174
283175
283185
283186
283187
283188
283189
283190
283191
283192
283193
283194
283195
283196
283197
283198
283769
283778
283779
283780
283781
283782
283783
283784
283793
283794
283795
283796
283797
283798
283799
283800
283801
283803
283804
283805
283806
283807
283808
284383
284384
284385
284386
284387
284388
284389
284390
284391
284392
284393
284394
284395
284396
284397
284398
284399
284400
284401
284402
284403
284412
284413
284414
284415
284416
284417
284418
284422
284996
284997
284998
284999
285000
285001
285002
285003
285004
285005
285006
285007
285008
285009
285010
285011
285012
285013
285014
285025
285026
285027
285028
285029
285030
285031
285578
285579
285580
285581
285582
285585
285586
285587
285588
285589
285590
285591
285592
285605
285606
285607
285608
286124
286125
286126
286127
286130
286131
286132
286133
286134
286135
286136
286137
286642
286652
286653
286654
286655
286656
287153
287154
287163
287164
287165
287166
287671
287672
287680
287681
287682
288192
288203
288204