367
368
369
370
371
372
826
827
828
829
830
831
833
834
835
836
1262
1263
1264
1265
1266
1267
1268
1269
1270
1680
1681
1682
1683
1684
1685
1686
2087
2088
2089
2090
2091
2092
2093
2502
2503
2504
2505
2508
2509
2922
2923
2924
2925
2926
2927
2928
2929
2930
3319
3320
3321
3322
3323
3324
3325
3326
3327
3685
3686
3687
3688
3689
3690
3691
3692
4063
4064
4065
4066
4067
4068
4069
4464
4465
4466
4467
4468
4469
4470
4471
4875
4876
4877
4878
4879
4880
4881
4882
4883
4884
4885
5294
5295
5296
5297
5298
5299
5300
5301
5733
5734
5735
5736
5737
5738
5739
5740
6182
6183
6184
6185
6186
6187
6188
6189
6190
6191
6654
6655
6656
6657
6658
6659
6660
7134
7135
7136
7137
7138
7139
7140
7141
7142
7143
7144
7633
7634
7635
7636
7637
7638
7639
7640
7641
7642
7643
7644
7645
8143
8144
8145
8146
8147
8148
8149
8150
8151
8152
8153
8154
8155
8156
8157
8637
8638
8639
8640
8641
8642
8643
8644
8645
8646
8647
8648
8649
9137
9138
9139
9140
9141
9142
9143
9144
9145
9146
9147
9148
9149
9150
9156
9157
9656
9657
9658
9659
9660
9661
9662
9663
9664
9665
9666
9667
9668
9669
9670
9671
9672
9673
9674
9675
9676
9681
9682
9683
10196
10197
10198
10199
10200
10201
10202
10203
10204
10205
10206
10207
10208
10209
10210
10211
10212
10213
10214
10215
10216
10217
10218
10222
10223
10754
10755
10756
10757
10758
10759
10760
10761
10762
10763
10764
10765
10766
10767
10768
10769
10770
10771
10772
10773
10774
10775
10776
10777
10778
10779
10780
10781
11305
11306
11307
11308
11309
11310
11311
11312
11313
11314
11315
11316
11317
11318
11319
11320
11321
11322
11323
11324
11325
11326
11327
11328
11329
11330
11331
11875
11876
11877
11881
11882
11883
11884
11885
11886
11887
11888
11889
11890
11891
11892
11893
11894
11895
11896
11897
11898
11899
11900
12453
12454
12455
12458
12459
12460
12461
12462
12463
12464
12465
12466
12467
12468
12469
12470
12471
12472
12473
13044
13045
13046
13047
13048
13049
13050
13051
13052
13053
13054
13055
13056
13057
13058
13059
13060
13061
13062
13630
13631
13632
13633
13634
13635
13636
13637
13638
13639
13640
13641
13642
13643
13644
13645
13646
13647
14231
14232
14234
14235
14236
14237
14238
14239
14240
14241
14242
14243
14244
14245
14246
14247
14248
14821
14822
14823
14826
14827
14828
14829
14830
14831
14832
14833
14834
14835
14836
14837
14838
14839
15411
15413
15414
15415
15416
15417
15418
15419
15420
15421
15422
15423
15424
15425
15426
15427
15428
15973
15976
15977
15978
15979
15980
15981
15987
15988
15989
15990
15991
16567
16568
16569
16570
16575
16576
16577
16578
17146
17147
17148
17149
17150
17151
17152
17153
17154
17724
17725
17726
17727
17728
17729
17730
17731
17732
18263
18264
18265
18266
18267
18268
18269
18270
18271
18804
18805
18806
18807
18808
18809
18810
18811
18812
18813
19354
19355
19356
19357
19358
19359
19904
19906
19907
19908
20455