135539
135540
135541
135542
135543
136128
136129
136147
136148
136149
136150
136726
136731
136732
136733
136734
136749
136750
136751
136752
136753
136754
137318
137319
137320
137321
137322
137325
137326
137327
137342
137343
137344
137345
137346
137887
137888
137889
137890
137893
137894
137909
137910
137911
137912
137913
138481
138482
138483
138484
138485
138497
138499
138500
138501
138502
138503
138504
138505
139067
139069
139070
139071
139072
139073
139074
139075
139076
139087
139088
139089
139090
139091
139092
139093
139094
139095
139671
139672
139673
139674
139675
139676
139677
139678
139679
139680
139691
139692
139693
139694
139695
139696
139697
139698
139699
140291
140292
140293
140294
140295
140296
140297
140298
140299
140300
140301
140302
140312
140314
140315
140316
140317
140318
140908
140909
140910
140911
140912
140913
140914
140915
140916
140917
140918
140927
140928
140929
140930
140931
140932
140933
141496
141497
141498
141499
141500
141501
141502
141503
141515
141516
141517
141518
141519
142072
142074
142075
142077
142078
142079
142080
142081
142093
142094
142095
142096
142097
142642
142643
142644
142645
142646
142647
142649
142662
142663
142664
142665
142666
142667
143196
143197
143198
143199
143200
143201
143217
143218
143219
143220
143221
143222
143223
143224
143225
143226
143227
143228
143762
143765
143766
143767
143768
143782
143783
143784
143785
143786
143787
143788
143789
143790
143791
143792
144282
144283
144284
144285
144286
144287
144288
144301
144302
144303
144304
144305
144306
144307
144308
144309
144831
144832
144833
144834
144835
144836
144839
144851
144852
144853
144854
144855
144856
144857
144858
144859
144860
145406
145407
145408
145409
145410
145411
145420
145421
145422
145423
145424
145425
145426
145427
145428
145429
145970
145972
145973
145974
145975
145976
145985
145986
145987
145988
145989
145990
145991
145992
145993
145994
145995
146533
146539
146540
146541
146547
146548
146549
146550
146551
146552
146553
146554
147075
147082
147083
147085
147086
147090
147091
147092
147093
147094
147095
147096
147632
147633
147634
147635
147641
147642
147643
147644
147645
148159
148160
148161
148162
148163
148164
148165
148166
148167
148169
148171
148172
148173
148174
148175
148717
148718
148719
148720
148721
148722
148723
148724
148725
148727
148728
148729
148730
148731
149230
149231
149232
149233
149234
149235
149236
149237
149238
149239
149240
149242
149243
149244
149245
149246
149247
149248
149762
149763
149764
149765
149766
149767
149768
149769
149772
149773
149774
149775
149776
149777
149778
149779
150303
150304
150305
150306
150307
150308
150309
150310
150311
150312
150313
150316
150317
150318
150319
150320
150321
150322
150836
150837
150838
150839
150840
150841
150842
150843
150844
150845
150848
150849
150850
150851
150852
150853
150854
150855
151377
151378
151379
151380
151381
151382
151383
151384
151385
151386
151387
151388
151389
151390
151391
151392
151393
151394
151395
151396
151397
151398
151949
151950
151951
151952
151953
151954
151955
151956
151957
151958
151959
151960
151961
151962
151963
151964
151965
151966
151967
152518
152519
152520
152521
152522
152523
152524
152525
152526
152527
152528
152529
152530
152531
152532
152533
152534
153053
153054
153055
153056
153057
153058
153059
153061
153062
153063
153064
153065
153066
153067
153068
153589
153590
153598
153599
153600
153601
153602
153603
154117
154118
154119
154120
154629
154630
154631
154632
154633
155120
155121
155122
155123
155598
155599
156057