198761
198763
199352
199353
199354
199355
199949
199950
199951
199952
200544
200545
200546
201107
201108
201109
201110
201669
201670
201671
201672
202240
202241
202242
202243
202244
202821
202823
202824
203396
203398
203959
203960
203961
204511
204512
204513
204514
204515
204516
204517
204518
205056
205057
205058
205059
205060
205061
205062
205063
205064
205065
205066
205067
205607
205608
205609
205610
205611
205612
205613
205614
205615
205616
205617
205618
205619
205620
205621
206157
206158
206159
206160
206161
206162
206163
206164
206165
206166
206167
206168
206169
206170
206171
206724
206725
206726
206727
206728
206729
206730
206731
206732
206733
206734
207268
207269
207270
207271
207273
207801
207802
207803
207804
207805
207808
208313
208314
208315
208316
208317
208824
208825
208826
208827
208828
208829
208830
208831
208832
209316
209317
209318
209320
209321
209322
209323
209324
209325
209326
209800
209801
209802
209803
209804
209805
209806
209807
209808
209809
209810
209811
209812
209813
209814
209815
210288
210289
210290
210291
210292
210293
210294
210295
210296
210297
210298
210299
210300
210301
210302
210303
210783
210784
210785
210786
210787
210788
210789
210790
210791
210792
210793
210794
211320
211321
211322
211323
211324
211325
211326
211327
211328
211329
211843
211844
211845
211846
211847
211848
211849
211850
212364
212365
212366
212367
212368
212369
212370
212371
212372
212373
212874
212875
212876
212877
212878
212880
212881
212882
212883
213386
213393
213394
213395
213396
213398
213399
213402
213403
213404
213915
213916
213923
213924
213925
213926
213927
213930
213931
213932
213933
213934
214480
214484
214485
214486
214487
214488
214489
214490
214491
214492
214493
214494
214495
214496
214497
215054
215055
215056
215057
215058
215059
215060
215061
215062
215063
215064
215065
215066
215067
215068
215069
215070
215071
215072
215073
215074
215611
215614
215615
215616
215617
215618
215619
215620
215621
215622
215623
215624
215625
215626
215627
215628
215629
215630
215631
215632
215633
215634
216181
216182
216183
216184
216185
216186
216187
216188
216189
216190
216191
216192
216196
216197
216198
216199
216200
216743
216744
216745
216746
216747
216748
216749
216750
216751
216752
216753
216754
216757
216758
216759
216760
216761
216762
216763
216764
216765
217309
217310
217311
217312
217313
217314
217315
217316
217317
217318
217319
217320
217323
217324
217325
217326
217327
217328
217329
217330
217331
217332
217333
217334
217870
217871
217872
217873
217874
217875
217876
217877
217878
217879
217880
217881
217882
217883
217884
217885
217886
217887
217888
217889
217890
217891
217892
217893
217894
217895
217896
218425
218426
218427
218428
218429
218430
218431
218432
218433
218435
218436
218437
218438
218439
218440
218441
218442
218443
218444
218445
218446
218447
218448
218449
218450
218451
218980
218981
218982
218983
218984
218985
218986
218990
218991
218992
218993
218994
218995
218996
218997
218998
219001
219002
219003
219004
219005
219006
219007
219491
219492
219493
219494
219495
219496
219497
219502
219503
219504
219505
219506
219507
219508
219513
219514
219515
219516
220027
220028
220029
220030
220031
220032
220033
220038
220039
220040
220041
220042
220043
220044
220050
220051
220594
220595
220596
220597
220598
220599
220600
220603
220604
220605
220606
220607
220608
220609
220610
221158
221159
221160
221161
221162
221163
221169
221170
221171
221172
221173
221717
221718
221719
221726
221727
221728
221729
221730
222249
222258
222259