156385
156875
156876
157349
157350
157351
157352
157362
157363
157378
157379
157380
157381
157382
157829
157830
157840
157841
157842
157843
157844
157845
157858
157859
157860
157861
157862
157863
158328
158332
158333
158334
158340
158341
158343
158344
158345
158346
158347
158348
158349
158350
158351
158352
158353
158365
158366
158367
158368
158369
158370
158776
158777
158778
158779
158780
158781
158790
158791
158792
158794
158795
158796
158797
158798
158799
158801
158802
158803
158819
158820
158821
158822
158823
158824
158825
159230
159231
159232
159233
159234
159235
159236
159237
159238
159239
159240
159241
159247
159248
159249
159250
159251
159252
159253
159254
159255
159256
159257
159258
159259
159273
159274
159275
159276
159277
159278
159279
159671
159674
159675
159676
159678
159679
159680
159681
159682
159683
159684
159685
159687
159688
159689
159690
159692
159693
159694
159695
159696
159697
159698
159710
159711
159712
159713
159714
160114
160116
160117
160118
160119
160120
160121
160122
160123
160125
160126
160127
160128
160129
160130
160131
160133
160134
160135
160136
160137
160138
160139
160150
160151
160152
160153
160154
160546
160549
160550
160551
160552
160553
160554
160555
160556
160557
160558
160559
160560
160561
160562
160563
160564
160565
160566
160567
160568
160569
160570
160571
160572
160573
160574
160579
160580
160581
160582
160583
160584
160585
160586
160982
160983
160984
160985
160986
160987
160988
160989
160990
160991
160992
160993
160994
160996
160997
160998
160999
161000
161001
161002
161003
161004
161008
161009
161010
161011
161012
161013
161014
161015
161016
161017
161018
161435
161436
161437
161438
161439
161440
161441
161442
161443
161444
161445
161446
161447
161448
161449
161450
161451
161452
161453
161454
161455
161456
161457
161458
161459
161460
161461
161462
161463
161464
161465
161466
161467
161468
161469
161470
161471
161472
161473
161474
161475
161476
161477
161478
161906
161907
161908
161909
161910
161911
161912
161913
161914
161915
161916
161917
161918
161919
161920
161921
161922
161923
161924
161925
161926
161927
161928
161929
161930
161931
161932
161933
161934
161935
161936
161937
161938
161939
161940
161941
161942
161943
161944
161945
161946
161947
161948
161949
161950
162399
162400
162401
162402
162403
162404
162405
162406
162407
162408
162409
162410
162411
162412
162413
162419
162420
162421
162422
162423
162424
162425
162426
162427
162428
162429
162430
162431
162432
162433
162434
162435
162436
162437
162438
162439
162440
162441
162876
162877
162878
162879
162880
162881
162882
162883
162884
162885
162886
162887
162889
162890
162891
162895
162896
162897
162898
162899
162900
162901
162902
162903
162904
162905
162906
162907
163323
163324
163325
163326
163327
163328
163329
163330
163331
163332
163333
163334
163336
163337
163341
163342
163343
163344
163346
163347
163348
163349
163350
163766
163767
163768
163769
163770
163771
163772
163773
163774
163775
163776
163777
163778
163779
163784
163785
163786
163787
163788
164203
164204
164205
164206
164207
164208
164210
164211
164212
164213
164218
164219
164220
164223
164224
164225
164659
164660
164661
164662
164663
164664
164665
164666
164672
164681
164682
164683
164691
164692
164693
165131
165132
165133
165134
165135
165136
165137
165138
165143
165144
165153
165154
165608
165609
165610
165611
165612
165613
165614
165620
165621
166089
166090
166091
166092
166093
166094
166095
166096
166101
166102
166103
166577
166578
166579
166580
166584
166585
167062
167063