66139
66680
66681
66682
66683
66684
67217
67218
67219
67220
67221
67222
67223
67775
67778
67779
68330
68331
68333
68334
68859
68860
68861
68862
68863
68864
68865
69396
69397
69398
69399
69400
69401
69931
69932
69933
69934
69935
69936
69937
70478
70479
70480
70481
71026
71027
71028
71029
71030
71031
71583
71584
71585
71586
71587
71588
72139
72140
72141
72142
72143
72144
72701
72702
72703
72712
72713
72715
72716
72717
72718
72719
72720
73259
73260
73268
73269
73270
73271
73272
73273
73274
73275
73276
73277
73278
73279
73829
73830
73837
73838
73839
73840
73841
73842
73843
73844
73845
73846
73847
73848
73849
74387
74388
74389
74390
74391
74398
74399
74400
74401
74402
74403
74404
74405
74406
74407
74942
74943
74944
74945
74954
74955
74956
74957
74958
74959
74960
74961
74962
74963
74964
75524
75525
75526
75527
75528
75530
75540
75541
75542
75543
75544
75545
75546
75547
75548
75549
75550
75551
76116
76118
76119
76120
76121
76122
76123
76130
76131
76132
76133
76134
76135
76136
76137
76138
76139
76140
76141
76684
76685
76686
76687
76689
76690
76691
76692
76693
76694
76701
76702
76703
76704
76706
76707
76708
76709
76710
76711
77244
77245
77246
77247
77248
77249
77250
77251
77252
77253
77254
77260
77261
77263
77264
77265
77266
77267
77268
77269
77270
77818
77821
77822
77823
77824
77825
77826
77827
77828
77829
77830
77832
77833
77834
77835
77836
77837
77838
77839
77840
77841
77842
77843
78390
78394
78395
78396
78397
78398
78399
78400
78401
78403
78404
78405
78406
78407
78408
78409
78410
78411
78412
78413
78414
78986
78989
78990
78991
78992
78999
79000
79001
79004
79005
79006
79007
79008
79009
79010
79011
79012
79014
79015
79016
79017
79018
79572
79573
79574
79576
79577
79578
79584
79585
79586
79587
79588
79589
79590
79593
79594
79595
79596
79597
79598
79599
79602
79603
79604
80175
80176
80177
80178
80179
80188
80189
80190
80191
80192
80193
80194
80195
80196
80197
80198
80199
80202
80205
80206
80207
80208
80762
80763
80764
80765
80766
80767
80768
80769
80770
80776
80777
80778
80779
80780
80781
80782
80783
80784
80785
80786
80787
80788
80790
80794
80795
80796
80797
81328
81329
81330
81331
81332
81333
81334
81335
81336
81345
81346
81347
81348
81349
81350
81351
81352
81354
81356
81358
81359
81360
81361
81362
81877
81878
81879
81880
81881
81882
81883
81893
81894
81895
81896
81897
81898
81899
81901
81902
81903
81904
81905
81906
81907
81908
81909
82466
82467
82468
82469
82470
82471
82472
82473
82474
82475
82486
82487
82488
82489
82490
82491
82492
82494
82495
82496
82497
82498
82499
82500
82501
82502
82503
83066
83067
83068
83069
83070
83071
83072
83073
83074
83075
83085
83086
83094
83095
83096
83097
83098
83099
83633
83634
83635
83636
83637
83638
83639
83640
83641
83642
83661
83662
83663
84190
84191
84192
84193
84194
84195
84196
84197
84198
84199
84200
84201
84219
84766
84767
84768
84769
84770
84771
84772
84773
84774
84775
84794
84795
85337
85338
85339
85340
85341
85342
85343
85344
85345
85915
85917
85918
85919
85920
86468
86469
86470
86471
86472
87039
87040
87041