484481
484482
484804
484805
484806
485130
485131
485132
485133
485134
485135
485469
485470
485471
485472
485473
485474
485475
485476
485477
485478
485480
485805
485806
485807
485808
485809
485810
485811
485812
485813
485816
485817
485818
486115
486116
486117
486118
486119
486120
486121
486122
486126
486127
486128
486129
486432
486433
486434
486435
486436
486439
486440
486441
486443
486444
486760
486761
486762
486763
486764
486770
486772
487120
487121
487122
487123
487124
487125
487126
487127
487134
487135
487136
487473
487474
487481
487482
487483
487484
487485
487486
487487
487488
487495
487496
487857
487858
487859
487860
487865
487866
487867
487877
488231
488232
488233
488236
488237
488242
488629
488630
488633
488634
488637
488638
488640
489032
489033
489036
489037
489038
489040
489041
489042
489043
489044
489436
489440
489441
489442
489443
489444
489445
489447
489448
489860
489861
489862
489863
489864
489865
489866
489868
489869
489870
489871
489872
489873
489874
489875
489876
489877
489878
490276
490277
490278
490279
490280
490281
490282
490283
490286
490287
490288
490289
490290
490291
490292
490293
490294
490679
490680
490681
490682
490683
490684
490685
490686
490687
490688
490689
490692
490693
490694
490695
490696
490697
490698
490699
491071
491072
491073
491074
491075
491076
491077
491078
491079
491080
491081
491082
491083
491084
491085
491086
491087
491088
491089
491090
491467
491472
491473
491474
491475
491476
491477
491478
491479
491480
491481
491482
491483
491484
491485
491487
491488
491489
491876
491877
491878
491881
491882
491883
491884
491885
491886
491887
491888
491889
491890
491891
491892
491897
492296
492297
492298
492299
492300
492301
492302
492303
492304
492305
492306
492307
492308
492309
492310
492311
492312
492709
492710
492711
492712
492713
492714
492715
492716
492717
492718
492719
492720
492721
492722
492723
492724
492725
492726
492727
492728
493141
493142
493143
493144
493145
493146
493147
493148
493149
493150
493151
493152
493153
493154
493155
493156
493157
493158
493159
493160
493161
493562
493563
493564
493565
493566
493568
493569
493570
493571
493572
493573
493574
493575
493576
493577
493578
493579
493580
493581
493582
493583
493584
493987
493991
493992
493993
493994
493995
493996
493997
493999
494000
494001
494002
494003
494004
494005
494006
494007
494008
494009
494434
494435
494436
494437
494438
494439
494440
494442
494443
494444
494445
494446
494450
494889
494890
494891
494892
494893
494894
494895
494896
494899
494900
494901
494902
495342
495343
495344
495345
495346
495347
495348
495349
495350
495351
495352
495353
495354
495355
495356
495806
495807
495808
495809
495810
495811
495812
495813
495814
495815
495816
495817
495818
495819
496259
496260
496261
496262
496263
496264
496265
496266
496267
496268
496269
496711
496712
496713
496714
496715
496716
496717
496719
496720
496721
496722
496723
496724
497190
497191
497192
497193
497194
497195
497196
497197
497198
497199
497200
497201
497202
497203
497204
497205
497206
497207
497665
497666
497667
497668
497669
497670
497671
497672
497673
497674
497675
497676
497677
497678
497679
497680
497681
497682
497683
498141
498142
498144
498145
498146
498147
498148
498149
498150
498151
498154
498155
498156
498157
498158
498159
498160
498643
498644
498645
498646
498647
498648
498649
498650
498654
498655
498656
498657
498658
498659
498660
499168
499169
499170
499171
499172
499173
499671
499672
499673
499674
499675
499676
500201
500202
500203
500204
500205
500737
501264
501265