274506
274507
275118
275130
275131
275132
275755
275756
275767
275768
275769
275770
276376
276377
276384
276385
276386
276387
276395
276396
276400
276401
276402
276403
276987
276988
276991
276992
276993
276994
276995
276996
276997
276998
277011
277012
277013
277014
277015
277016
277017
277018
277603
277604
277607
277608
277609
277610
277611
277612
277613
277626
277628
277629
277630
277631
277632
278213
278214
278215
278216
278217
278218
278220
278221
278222
278232
278233
278234
278235
278236
278237
278238
278825
278826
278827
278830
278831
278832
278833
278847
278848
278849
278850
279438
279439
279440
279441
279442
279443
279444
279445
279446
279447
279448
279449
279450
279462
279463
279464
279465
279466
280043
280044
280045
280046
280047
280048
280049
280050
280051
280052
280053
280054
280055
280056
280067
280068
280069
280070
280071
280643
280644
280645
280646
280647
280650
280651
280652
280653
280654
280655
280656
280664
280665
280666
280667
280668
281235
281236
281237
281238
281241
281242
281243
281244
281245
281246
281247
281248
281249
281258
281259
281260
281261
281262
281263
281264
281265
281269
281270
281827
281828
281830
281831
281832
281833
281834
281835
281836
281837
281838
281839
281840
281847
281848
281849
281850
281852
281853
281855
281856
282406
282407
282408
282410
282411
282412
282413
282414
282415
282416
282417
282418
282419
282420
282422
282429
282430
282431
282432
282433
282436
282437
282438
282439
282990
282991
282992
282993
282994
282995
282996
282997
282998
282999
283000
283001
283002
283003
283013
283014
283015
283016
283017
283018
283019
283020
283021
283022
283023
283024
283025
283612
283613
283614
283615
283616
283617
283618
283619
283620
283621
283622
283623
283624
283625
283635
283636
283637
283638
283639
283640
283641
283642
283643
283644
283645
283646
284225
284226
284227
284228
284229
284230
284231
284232
284233
284234
284235
284236
284237
284238
284239
284240
284241
284246
284247
284248
284249
284250
284251
284252
284253
284254
284255
284256
284257
284830
284831
284832
284833
284834
284835
284836
284837
284838
284839
284840
284841
284842
284843
284844
284845
284846
284847
284848
284849
284850
284851
284852
284855
284856
284857
284858
284862
284863
285416
285417
285418
285419
285420
285421
285422
285423
285424
285425
285426
285427
285428
285429
285430
285431
285432
285433
285434
285435
285436
285443
285444
285445
285446
285968
285969
285970
285971
285972
285973
285974
285975
285976
285977
285978
285979
285980
285981
285982
285983
285984
285985
285986
285987
285988
285990
285991
285992
285993
285994
285995
285996
286477
286478
286479
286480
286481
286482
286483
286484
286485
286486
286487
286488
286492
286493
286494
286495
286496
286497
286498
286499
286500
286501
286502
286503
286504
286505
286506
286507
286993
286994
286995
286996
286997
286998
286999
287000
287001
287002
287003
287004
287005
287006
287010
287011
287012
287013
287014
287015
287016
287017
287020
287021
287022
287023
287024
287512
287513
287514
287515
287516
287517
287518
287519
287520
287521
287522
287523
287524
287525
287526
287527
287528
287529
287530
287532
287533
287534
287535
287536
287537
287539
287540
287541
288027
288028
288029
288030
288031
288032
288033
288034
288035
288036
288037
288045
288046
288047
288048
288049
288050
288051
288052
288053
288054
288055
288056
288562
288563
288564
288568
288571
288580
288581
288582
288583
288584
288585
288586
288588
289068
289069
289084
289085
289086
289087
289088
289089
289090
289091
289548