208566
209061
209539
210035
210036
210522
210523
211030
211031
211032
211033
211034
211542
211543
211544
211545
211546
211547
211548
212054
212055
212056
212057
212058
212065
212066
212067
212068
212069
212070
212071
212570
212571
212572
212573
212574
212575
212579
212580
212581
212582
212583
212584
212585
212590
213089
213090
213091
213092
213093
213094
213095
213096
213097
213098
213099
213100
213104
213105
213107
213109
213110
213111
213112
213113
213114
213626
213627
213628
213629
213630
213631
213632
213635
213636
213637
213642
213643
213644
213645
213646
213647
213648
213649
213650
213651
213652
213653
213654
214184
214185
214186
214187
214188
214189
214190
214191
214192
214193
214194
214195
214202
214203
214205
214206
214207
214208
214209
214210
214211
214212
214763
214764
214765
214766
214767
214768
214769
214770
214771
214772
214773
214774
214781
214782
214783
214784
214785
214786
214787
214788
214789
214790
215345
215346
215347
215348
215349
215350
215351
215352
215353
215354
215355
215356
215362
215363
215364
215365
215366
215367
215368
215369
215370
215371
215907
215908
215909
215910
215911
215912
215913
215914
215915
215916
215917
215918
215919
215920
215928
215929
215930
215931
215932
215933
215934
215935
215936
216474
216475
216476
216477
216478
216479
216480
216481
216482
216483
216484
216485
216486
216487
216488
216489
216490
216496
216497
216498
216499
217040
217041
217042
217043
217044
217045
217046
217047
217048
217049
217050
217051
217052
217053
217054
217055
217056
217057
217063
217064
217065
217066
217067
217068
217612
217613
217614
217615
217616
217617
217618
217619
217620
217621
217622
217623
217624
217625
217626
217631
217632
217633
218164
218165
218166
218167
218168
218169
218170
218171
218172
218173
218174
218175
218176
218177
218178
218179
218180
218181
218182
218183
218186
218188
218719
218720
218721
218722
218723
218724
218725
218726
218727
218728
218729
218730
218731
218732
218733
218734
218735
218736
218737
218739
218740
218741
219248
219249
219250
219251
219252
219253
219254
219255
219256
219257
219258
219259
219260
219261
219262
219265
219266
219267
219268
219269
219270
219782
219783
219784
219785
219786
219787
219788
219789
219790
219791
219792
219793
219794
219795
219799
219800
219801
219803
220332
220333
220334
220335
220336
220337
220338
220339
220340
220341
220342
220343
220344
220345
220346
220347
220348
220349
220350
220351
220352
220353
220354
220355
220356
220920
220921
220922
220923
220924
220925
220926
220927
220928
220929
220930
220931
220932
220933
220934
220935
220936
220937
220944
220945
221485
221486
221487
221488
221489
221490
221491
221492
221493
221494
221495
221496
221497
221498
221499
221500
221501
221507
221509
221510
221511
222027
222028
222029
222030
222031
222032
222033
222035
222036
222037
222039
222040
222041
222042
222043
222044
222045
222046
222047
222048
222049
222553
222554
222555
222556
222558
222559
222560
222562
222563
222564
222565
222566
222567
222568
222569
222571
222572
222573
222574
222575
222576
222577
222578
223074
223076
223077
223078
223079
223080
223081
223082
223083
223084
223085
223086
223089
223090
223091
223092
223093
223094
223095
223588
223589
223590
223591
223592
223593
223594
223595
223596
223599
223600
223601
223602
223603
223604
223605
223606
223607
224123
224124
224125
224126
224127
224133
224134
224135
224136
224137
224138
224139
224140
224141
224649
224652
224653
224654
224655
224656
225165
225166
225167
225168
225169
225691
225692
226208
226209