10392
10944
10946
11503
11505
11506
11514
11515
12082
12083
12084
12085
12086
12087
12088
12096
12097
12098
12655
12656
12657
12658
12659
12660
12661
12662
12663
12664
12665
12666
12667
12670
12671
12675
12676
12677
12678
13248
13249
13250
13251
13252
13253
13254
13255
13256
13257
13258
13259
13260
13261
13262
13266
13267
13272
13273
13274
13847
13848
13849
13850
13851
13852
13853
13854
13855
13856
13857
13858
13859
13862
13863
13864
13865
13866
13867
13868
14441
14442
14443
14444
14445
14446
14447
14448
14449
14450
14451
14452
14453
14454
14455
14458
14459
14460
14461
14462
15032
15033
15034
15035
15036
15037
15038
15039
15040
15041
15042
15043
15044
15045
15046
15050
15612
15613
15614
15615
15616
15617
15618
15619
15620
15621
15622
15623
15624
15625
15626
15627
15628
15629
15630
16184
16187
16188
16189
16190
16191
16192
16193
16194
16195
16196
16197
16198
16199
16200
16202
16203
16204
16205
16206
16207
16208
16209
16764
16765
16766
16767
16768
16769
16770
16772
16773
16774
16775
16776
16777
16778
16779
16780
16781
16782
16783
16784
16785
16786
16787
16788
17344
17345
17346
17347
17348
17349
17350
17351
17352
17353
17354
17355
17358
17359
17360
17361
17362
17363
17364
17365
17366
17367
17368
17369
17370
17915
17916
17917
17918
17919
17921
17922
17923
17924
17925
17926
17928
17929
17930
17931
17932
17933
17934
17935
17936
18448
18449
18453
18454
18455
18456
18457
18458
18459
18460
18461
18463
18464
18465
18466
18467
18468
18469
18994
18995
18999
19000
19001
19002
19003
19004
19005
19006
19007
19008
19009
19010
19011
19012
19013
19014
19015
19016
19017
19018
19019
19533
19534
19535
19536
19537
19538
19539
19540
19541
19542
19543
19544
19545
19546
19547
19548
19549
19550
19551
19552
19553
19554
19555
19556
19557
19558
19559
19560
19561
20076
20077
20079
20080
20081
20082
20083
20084
20085
20086
20087
20088
20089
20090
20091
20092
20093
20094
20095
20096
20097
20098
20099
20100
20632
20633
20634
20635
20637
20638
20639
20640
20641
20642
20643
20644
20645
20646
20647
20648
20649
20650
20651
20652
20653
20654
20655
20656
20657
20658
20659
20660
20661
20663
21183
21184
21185
21189
21190
21191
21192
21193
21194
21195
21196
21197
21198
21201
21202
21203
21204
21205
21206
21207
21208
21209
21210
21211
21212
21730
21731
21732
21733
21736
21737
21738
21739
21740
21741
21742
21743
21744
21745
21749
21750
21751
21752
21753
21754
21755
21756
21757
21758
21759
21760
21761
21762
21763
22265
22266
22267
22270
22271
22272
22273
22274
22275
22276
22277
22278
22279
22284
22285
22286
22287
22288
22289
22290
22291
22292
22293
22294
22295
22784
22785
22788
22789
22793
22794
22803
22804
22805
22806
22807
22808
22809
22810
22811
22812
22813
22814
23312
23313
23314
23315
23316
23331
23332
23333
23334
23335
23336
23337
23338
23339
23340
23341
23342
23846
23847
23848
23864
23865
23866
23867
23868
23869
23870
23871
24368
24383
24384
24385
24386
24387
24388
24389
24862
24884
24885
25350
25370
25371
25851
25852
25871
25872
25873
25874
26350
26351
26368
26369
26371
26839
26857