336487
336488
336490
336973
336974
336975
336976
336977
336978
336979
336981
336982
337495
337496
337497
337499
337500
337501
337502
337503
337504
338033
338034
338035
338036
338037
338038
338039
338574
338575
338576
338578
338579
338580
338581
338582
338583
339107
339108
339109
339110
339111
339112
339113
339114
339115
339628
339629
339631
339632
339634
339635
339636
339637
339638
340148
340149
340150
340151
340153
340154
340156
340157
340158
340159
340160
340688
340689
340690
340691
340692
340693
340694
340695
340696
340697
340698
341243
341244
341245
341246
341247
341248
341755
341756
341757
341758
341759
341760
341761
341762
342281
342282
342283
342284
342285
342286
342287
342288
342289
342290
342818
342819
342820
342821
342822
342823
342824
342825
342826
342827
342828
342829
342830
342831
343376
343377
343378
343379
343380
343381
343382
343383
343384
343385
343386
343387
343388
343943
343944
343945
343946
343947
343948
343949
343950
343951
343952
343953
344502
344503
344504
344505
344506
344507
344508
345037
345038
345039
345040
345041
345042
345043
345044
345598
345599
345601
345602
345603
345604
345606
345607
346146
346147
346148
346149
346150
346151
346152
346153
346682
346683
346684
346685
346686
346687
346688
346689
346691
346692
347238
347239
347240
347241
347242
347243
347244
347245
347246
347247
347803
347804
347805
347806
347807
347808
347809
347810
347811
347812
347813
347814
347815
347816
347818
347820
347821
348384
348385
348387
348388
348389
348390
348391
348392
348393
348394
348397
348398
348399
348400
348401
348402
348403
348404
348405
348406
348981
348982
348983
348984
348985
348986
348987
348994
348995
348996
348997
348998
348999
349000
349001
349002
349599
349600
349601
349607
349608
349609
349610
349611
349612
349613
349614
349615
349616
350198
350199
350206
350207
350208
350209
350210
350211
350212
350213
350214
350215
350216
350217
350218
350779
350780
350784
350785
350787
350788
350789
350790
350791
350792
350793
350794
350795
350796
350797
350798
350799
350800
351352
351353
351354
351355
351356
351357
351358
351359
351360
351361
351362
351363
351364
351365
351366
351367
351368
351369
351370
351906
351911
351912
351913
351914
351915
351916
351917
351918
351919
351920
351921
351922
351923
351924
351925
351926
351927
351928
352458
352459
352460
352461
352462
352463
352464
352465
352466
352467
352468
352469
352470
352472
352473
352474
352475
352476
352477
352478
352479
352480
352481
353018
353019
353020
353021
353022
353023
353024
353026
353027
353028
353032
353033
353034
353035
353036
353037
353038
353606
353608
353612
353613
353614
353615
353616
353618
353619
353620
353621
353622
353623
353624
353625
353626
354179
354181
354182
354185
354186
354187
354189
354191
354192
354193
354194
354195
354196
354197
354777
354778
354779
354780
354783
354785
354786
354787
354788
354789
354790
354791
354792
355379
355380
355384
355390
355391
355392
355393
355394
355395
355396
355397
355398
355969
355970
355971
355972
355975
355980
355981
355982
355983
355984
355985
355986
356555
356556
356557
356558
356559
356562
356563
356564
356568
356569
356570
356571
356572
356573
356576
357114
357115
357116
357117
357118
357121
357122
357660
357661
357662
357663
357664
357665
357668
357669
357670
358208
358209
358210
358211
358212
358213
358214
358215
358216
358217
358218
358746
358747
358748
358749
358750
358751
358752
358753
358754
358755
358756
359281
359282
359283
359284
359285
359286
359287
359288
359812
359813
359814
360318
360319