15377
15932
15933
15934
15935
15936
15937
15938
16518
16519
16521
16522
16523
16524
16525
16527
16528
17093
17094
17095
17096
17097
17098
17099
17100
17101
17102
17103
17674
17675
17676
17677
17678
17679
17680
17681
17682
17685
17686
18223
18224
18225
18226
18227
18228
18229
18230
18231
18232
18233
18234
18235
18236
18237
18768
18769
18770
18771
18772
18773
18774
18776
18777
18778
18779
18780
19317
19318
19319
19320
19321
19322
19323
19324
19325
19326
19329
19330
19331
19332
19864
19865
19866
19867
19868
19869
19870
19871
19872
19873
19874
19875
19878
19879
19880
19881
20408
20409
20410
20411
20413
20414
20415
20416
20417
20418
20419
20420
20421
20422
20423
20424
20425
20426
20427
20428
20429
20430
20434
20966
20970
20971
20972
20973
20974
20975
20976
20977
20978
20979
20980
20981
20982
20983
20984
20985
20986
20987
20988
20989
20990
20991
20993
21510
21511
21512
21514
21515
21516
21517
21518
21519
21520
21521
21522
21523
21524
21525
21526
21527
21528
21529
21530
21531
21532
21533
21534
21535
21536
21537
21538
22051
22056
22057
22058
22059
22060
22061
22062
22063
22064
22065
22066
22067
22068
22069
22070
22071
22072
22073
22074
22075
22076
22077
22078
22079
22080
22081
22082
22591
22592
22593
22594
22595
22596
22597
22599
22600
22601
22602
22604
22605
22606
22607
22608
22609
22610
22611
22612
22613
23115
23116
23117
23118
23119
23120
23121
23125
23126
23127
23128
23130
23131
23135
23646
23647
23648
23649
23650
23651
23652
23656
23657
23658
23659
23665
24164
24165
24166
24167
24168
24169
24655
24656
24657
24658
25143
25144
25145
25146
25147
25148
25165
25645
25646
25647
25648
25649
25650
25666
25667
25668
25670
25671
26127
26128
26129
26130
26151
26152
26153
26154
26155
26156
26157
26158
26159
26631
26632
26633
26634
26635
26636
26654
26655
26656
26657
26658
26659
26660
26661
26662
26663
26664
27113
27114
27115
27116
27117
27118
27135
27136
27137
27138
27139
27140
27141
27142
27143
27144
27145
27146
27147
27614
27615
27616
27617
27618
27619
27620
27637
27638
27639
27640
27641
27642
27643
27644
27645
27646
27647
28125
28126
28127
28128
28129
28130
28142
28143
28144
28145
28146
28147
28148
28149
28150
28151
28152
28153
28154
28155
28156
28157
28158
28159
28160
28609
28610
28611
28612
28613
28614
28615
28616
28617
28618
28621
28622
28623
28624
28633
28634
28635
28636
28639
29071
29073
29074
29075
29076
29077
29078
29079
29080
29081
29082
29083
29084
29085
29086
29087
29091
29092
29093
29094
29095
29096
29097
29098
29539
29541
29542
29543
29544
29548
29550
29551
29552
29553
29554
29555
29556
29557
29558
29559
29560
29561
29562
29563
29564
29565
30013
30014
30018
30022
30023
30024
30025
30026
30027
30028
30029
30030
30031
30032
30033
30034
30035
30036
30037
30038
30039
30040
30041
30511
30512
30513
30519
30520
30522
30523
30524
30525
30526
30527
30528
30529
30530
30531
30532
30533
30534
30535
31023
31024
31025
31026
31027
31028
31029
31030
31032
31034
31035
31524
31526
31527
31529
31530
31531
31532
31533
31534
32055
32056
32057
32058
32062
32063
32572