360672
361179
361698
361699
362231
362232
362233
362756
362757
362758
362759
362760
362761
362762
363269
363270
363271
363272
363789
363790
363791
363792
363793
364309
364310
364311
364312
364313
364815
364816
364817
364818
364819
364820
365314
365315
365317
365318
365319
365320
365321
365322
365323
365324
365791
365792
365794
365795
365796
365797
365798
365799
365800
365801
365802
365803
365804
366256
366257
366258
366259
366260
366261
366262
366263
366264
366265
366266
366267
366268
366269
366726
366727
366728
366729
366730
366731
366732
366733
366734
366735
366736
366737
366738
366739
367221
367222
367223
367224
367225
367226
367227
367228
367229
367230
367231
367232
367233
367734
367735
367736
367737
367738
367739
367740
367741
367744
368243
368244
368245
368246
368247
368248
368249
368250
368251
368252
368253
368751
368752
368753
368754
368755
368756
368757
368758
369249
369250
369251
369252
369253
369254
369255
369256
369257
369258
369260
369261
369262
369722
369723
369724
369725
369726
369727
369728
369729
369730
369731
369732
369733
369734
369735
369736
369737
369738
370199
370200
370201
370202
370203
370204
370205
370206
370207
370208
370209
370210
370211
370684
370685
370686
370687
370688
370689
370691
370692
370693
370694
370695
370696
370697
370698
370699
371178
371179
371180
371181
371182
371191
371192
371193
371194
371195
371681
371682
371683
371684
371685
371686
371689
371696
371697
371698
371699
371700
371701
371702
371703
372201
372202
372203
372204
372205
372209
372210
372211
372212
372216
372217
372218
372219
372220
372221
372708
372709
372710
372711
372712
372713
372714
372715
372716
372717
372718
372719
372720
372721
372722
372723
372724
372725
372726
372727
372728
372729
373219
373220
373221
373222
373223
373224
373225
373226
373227
373228
373229
373230
373231
373232
373233
373234
373235
373236
373237
373238
373239
373240
373752
373753
373754
373757
373758
373759
373760
373761
373762
373763
373764
373765
373766
373767
373768
373769
373770
373771
373772
373773
373774
373775
373776
373777
373778
373779
373780
373781
373782
374311
374312
374314
374315
374316
374317
374318
374319
374320
374321
374322
374323
374324
374325
374326
374327
374328
374329
374330
374331
374332
374333
374334
374335
374336
374337
374338
374339
374891
374892
374893
374894
374895
374896
374897
374898
374899
374900
374901
374902
374903
374904
374905
374906
374907
374908
374909
374910
374911
374912
374913
374914
374915
374916
374917
374918
374919
374920
374921
375472
375473
375474
375475
375476
375478
375479
375480
375481
375482
375483
375484
375485
375486
375488
375489
375490
375491
375492
375493
375494
375495
375496
375497
375498
375499
375500
375501
375502
375503
375504
376061
376062
376063
376064
376065
376066
376067
376068
376069
376070
376071
376072
376073
376074
376075
376076
376077
376078
376079
376080
376081
376082
376083
376084
376085
376086
376087
376088
376089
376090
376091
376092
376093
376094
376671
376672
376673
376674
376675
376676
376677
376678
376679
376680
376681
376682
376683
376684
376685
376686
376687
376688
376689
376690
376691
376692
376693
376694
376695
376696
376697
376698
376699
376700
376701
376702
377265
377266
377267
377268
377269
377270
377271
377272
377273
377274
377275
377277
377278
377279
377280
377281
377282
377283
377284
377285
377286
377287
377288
377289
377290
377291
377292
377293
377294
377295
377842
377843
377844
377850
377851
377852
377860
377861
377862
377863
377864
377866
377867
378408
378409
378418
378419