345045
345606
345607
345608
345609
345610
345611
345612
346151
346152
346153
346154
346155
346156
346157
346158
346159
346686
346687
346688
346689
346690
346691
346692
346693
346694
346695
346696
346697
347242
347243
347244
347245
347246
347247
347248
347249
347250
347810
347811
347812
347813
347814
347815
347816
347817
347818
347819
348391
348392
348393
348394
348395
348396
348397
348398
348399
348988
348989
348990
348991
348992
348993
348994
348995
349602
349603
349604
349605
349606
349607
349608
349609
349611
350201
350202
350203
350204
350205
350206
350207
350208
350209
350210
350211
350212
350213
350782
350783
350784
350785
350786
350787
350788
350789
350790
350791
350792
350793
350794
350795
351348
351349
351350
351351
351352
351353
351354
351355
351356
351357
351358
351359
351360
351361
351362
351363
351364
351365
351366
351367
351906
351907
351908
351909
351910
351911
351912
351913
351914
351915
351916
351917
351918
351919
351920
351921
351922
351923
351924
352458
352459
352460
352461
352462
352463
352464
352465
352466
352467
352468
352469
352470
352471
352472
352473
352474
352475
352476
352477
352478
352479
352480
353018
353019
353020
353021
353022
353023
353024
353025
353026
353027
353028
353029
353030
353031
353032
353033
353034
353035
353036
353037
353038
353039
353606
353607
353608
353609
353610
353611
353612
353613
353614
353615
353616
353617
353618
353619
353620
353621
353622
353623
353624
353625
353626
354179
354180
354181
354182
354183
354184
354185
354186
354187
354188
354189
354190
354191
354192
354193
354194
354195
354196
354197
354198
354199
354774
354777
354778
354779
354780
354781
354782
354783
354784
354785
354786
354787
354788
354789
354790
354791
354792
354793
355375
355379
355380
355384
355385
355386
355387
355388
355389
355390
355391
355392
355393
355394
355395
355396
355397
355398
355399
355965
355966
355967
355968
355969
355970
355971
355975
355976
355980
355981
355982
355983
355984
355985
355986
355987
355988
356551
356552
356553
356554
356555
356556
356557
356559
356560
356562
356563
356564
356568
356569
356570
356571
356572
356573
356574
356575
356576
356577
356578
356579
357109
357110
357111
357114
357115
357116
357117
357118
357119
357121
357122
357123
357127
357128
357129
357130
357131
357132
357133
357134
357135
357661
357662
357663
357664
357665
357666
357668
357669
357670
357671
357672
357681
357682
357683
357684
357685
357686
357687
357688
358212
358213
358214
358215
358216
358217
358218
358231
358232
358233
358753
358754
358755
358756
358757
358773
358774
358775
358776
358777
359288
359289
359301
359302
359303
359304
359305
359306
359307
359308
359816
359831
359832
359833
359834
359835
359836
359837
359838
359839
359840
360337
360338
360339
360340
360341
360342
360344
360345
360346
360836
360837
360838
360839
360840
360841
360843
360844
360845
360846
361332
361333
361334
361339
361340
361855
361856
361857
361858
361859
361860
361863
362378
362379
362383
362384
362386
362387
362388
362389
362390
362391
362392
362393
362904
362909
362911
362912
362913
362914
362915
362916
362917
363414
363415
363416
363417
363418
363419
363420
363421
363422
363940
363941
363942
363943
363944
363945
363946
363947
363948
364460
364461
364462
364463
364464
364465
364466
364467
364468
364469
364470
364471
364966
364967
364968
364969
364970
364973
364974
364975
365465
365466
365467
365471
365472
365948
365949
365950
365951
365952
365953
365954
365955
366416
366417
366418
366419
366420
366421
366898
366899
366900
366901