51360
51361
51362
51822
51823
52282
52283
52755
52757
52758
52759
52760
53215
53216
53218
53219
53220
53221
53222
53233
53234
53235
53236
53675
53676
53677
53678
53679
53680
53681
53682
53683
53684
53685
53692
53693
53694
53695
53696
53697
54141
54142
54143
54144
54145
54146
54147
54148
54149
54150
54151
54160
54161
54162
54163
54164
54165
54615
54616
54617
54618
54619
54620
54621
54622
54623
54624
54625
54626
54632
54633
54634
55088
55089
55090
55091
55092
55093
55094
55095
55096
55097
55098
55099
55100
55102
55104
55105
55106
55107
55578
55581
55582
55583
55584
55585
55586
55587
55588
55589
55590
55591
55592
55593
55594
55596
55597
55598
55599
55600
55601
55603
55604
55605
55606
55607
56071
56072
56073
56074
56075
56076
56077
56078
56079
56080
56081
56082
56083
56084
56085
56086
56087
56088
56089
56090
56092
56093
56094
56095
56096
56099
56100
56101
56102
56103
56580
56581
56582
56583
56584
56585
56586
56587
56588
56589
56591
56592
56593
56594
56595
56596
56597
56598
56599
56600
56601
56602
56603
56604
56605
56606
57080
57081
57082
57083
57084
57085
57086
57087
57088
57089
57092
57093
57094
57095
57096
57097
57098
57099
57100
57101
57102
57103
57104
57105
57106
57642
57643
57644
57645
57646
57647
57648
57649
57654
57655
57656
57657
57658
57659
57660
57661
57662
57663
57664
57665
58186
58187
58188
58189
58190
58191
58192
58193
58194
58200
58201
58202
58203
58204
58205
58206
58207
58208
58209
58210
58749
58750
58751
58752
58753
58754
58755
58756
58757
58758
58759
58760
58761
58762
58763
58764
58765
58766
58767
58768
58769
58770
58771
58772
59311
59312
59313
59314
59315
59317
59318
59319
59320
59321
59322
59323
59324
59325
59326
59327
59328
59329
59330
59906
59907
59908
59909
59910
59915
59916
59917
59918
59919
59920
59921
59922
59923
59924
59925
59926
59927
59928
59929
60517
60519
60520
60521
60522
60526
60527
60528
60529
60530
60531
60532
60533
60534
60535
60536
60537
60538
60539
60540
61115
61116
61117
61118
61119
61120
61121
61124
61125
61126
61127
61128
61129
61130
61131
61132
61133
61134
61135
61136
61137
61138
61698
61699
61700
61701
61702
61703
61704
61705
61706
61707
61708
61709
61710
61711
61712
61713
61714
61715
61716
61717
61718
61719
61720
61721
61722
61723
62302
62303
62304
62305
62306
62307
62308
62309
62310
62311
62312
62313
62314
62315
62316
62317
62318
62319
62320
62321
62881
62882
62883
62884
62885
62886
62887
62888
62889
62890
62891
62892
62893
62894
62895
62896
63443
63444
63445
63446
63447
63448
63449
63450
63451
63452
63453
63454
63455
63456
63457
63458
63459
64044
64045
64046
64047
64048
64049
64050
64051
64640
64641
64642
64643
64644
64645
64646
64647
64648
65228
65229
65230
65231
65232
65233
65796
65797
65798
65799
65800
65801
65802
66352
66353
66355
66356
66357
66358
66887
66888
66890
66891
66892
67417
67418
67419
67420
67421
67422
67423
67424
67425
67984
67985
67986
67987
67988
67989
67990
67991
68516
68517
68518
68519
68520
69042
69043
69044
69583
69584
69585
69586
70122
70123
70124
70660
70661
71203
71204
71766
71767