350508
350509
351067
351068
351069
351070
351631
351632
351633
351634
351635
351636
352194
352195
352197
352198
352199
352200
352752
352753
352754
352755
352756
352757
352758
352759
352760
353317
353318
353319
353320
353321
353322
353323
353324
353325
353326
353327
353328
353329
353905
353906
353907
353908
353909
353911
353912
353913
353914
354485
354486
354487
354488
354489
354493
354494
354495
355067
355072
355073
355074
355075
355076
355077
355080
355661
355662
355664
355666
355667
355668
355669
355670
355671
355672
355673
355676
356232
356233
356234
356235
356236
356237
356238
356239
356240
356241
356242
356243
356244
356245
356246
356247
356806
356807
356808
356809
356810
356811
356812
356813
356814
356815
356816
356817
356818
356819
357362
357363
357364
357365
357366
357367
357368
357369
357370
357371
357372
357373
357374
357375
357376
357923
357924
357925
357926
357927
357928
357929
357930
357931
357932
357933
357934
357935
357936
357937
358469
358471
358472
358473
358474
358475
358476
358477
358478
358479
358480
358481
358482
358483
359016
359017
359018
359019
359020
359021
359022
359023
359024
359025
359538
359539
359540
359541
359542
359543
359544
359545
359546
359547
359548
359549
359550
359551
359552
360074
360075
360076
360077
360078
360079
360080
360081
360082
360083
360084
360085
360585
360586
360587
360588
360589
360590
360591
360592
361083
361084
361085
361086
361087
361088
361089
361090
361091
361589
361590
361591
361592
361593
361594
361595
361596
361597
361598
361599
361600
361601
361602
361603
361604
362121
362122
362123
362125
362126
362127
362128
362129
362130
362131
362132
362133
362134
362135
362136
362137
362138
362642
362643
362645
362646
362647
362648
362650
362651
362652
362653
362654
363169
363170
363171
363687
363688
363689
364204
364205
364716
364717
365218
365219
365220
365697
365698
365699
366165
366166
366167
366168
366635
366636
366637
367127
367128
367129
367130
367131
367132
367133
367134
367135
367644
367645
367646
367647
367648
367649
367650
367651
367652
368144
368145
368146
368147
368148
368149
368150
368151
368161
368162
368651
368652
368653
368654
368655
368656
368657
368658
368659
368660
368661
368666
368667
368668
368669
368670
368671
369156
369157
369158
369159
369160
369161
369162
369163
369164
369167
369168
369169
369170
369171
369627
369628
369629
369630
369631
369632
369633
369636
369637
369638
369639
369640
369641
369645
369646
370106
370107
370108
370109
370110
370111
370112
370113
370114
370115
370116
370117
370118
370119
370120
370121
370126
370127
370600
370601
370602
370603
370604
370605
370606
370607
370608
370609
370610
370617
370618
370619
371100
371101
371102
371103
371104
371105
371106
371107
371109
371113
371114
371117
371118
371119
371120
371612
371613
371614
371615
371616
371618
371619
371622
371623
371625
371626
371627
371628
371629
371630
372124
372125
372126
372130
372131
372132
372133
372134
372135
372136
372137
372139
372140
372141
372142
372630
372631
372635
372637
372638
372639
372640
372641
372642
372643
372644
372645
372646
372647
372648
373142
373147
373148
373150
373151
373152
373153
373154
373156
373157
373158
373159
373682
373683
373685
373686
373687
373688
373689
373690
373691
373694
373699
373700
373701
374234
374235
374238
374239
374243
374244
374245
374246
374248
374249
374250
374251
374252
374816
374817
374818
374819
374820
374825
374826
374827
374832
374833
374834
375397
375398
375399
375400
375401
375402
375986
375987
375988
375989
376592
376593
376594