142073
142640
142641
142645
142646
142647
143192
143193
143194
143196
143197
143198
143199
143200
143201
143203
143204
143755
143756
143757
143758
143759
143760
143761
143762
143763
143764
143765
143766
143767
143768
143769
143770
144276
144277
144278
144279
144280
144281
144282
144283
144284
144285
144286
144287
144288
144289
144290
144825
144826
144827
144828
144829
144830
144831
144832
144833
144834
144836
144837
144838
144839
145395
145396
145397
145398
145399
145400
145401
145402
145403
145404
145405
145406
145407
145408
145410
145411
145952
145953
145954
145955
145956
145957
145958
145959
145960
145961
145962
145963
145964
145965
145966
145967
145968
145969
145970
145976
146515
146516
146517
146518
146519
146520
146521
146522
146523
146524
146525
146526
146527
146528
146529
146530
146531
146532
146533
146534
146535
146536
146537
146538
146539
146540
146541
147058
147059
147060
147061
147062
147063
147064
147065
147066
147067
147068
147069
147070
147071
147072
147073
147074
147075
147076
147077
147078
147079
147080
147081
147082
147083
147610
147611
147612
147613
147614
147615
147616
147617
147618
147619
147620
147621
147622
147623
147624
147625
147626
147627
147628
147629
147630
147631
147632
147633
148138
148139
148140
148141
148142
148143
148144
148145
148146
148147
148148
148149
148150
148151
148152
148153
148154
148155
148156
148157
148158
148159
148160
148161
148162
148163
148697
148698
148699
148700
148701
148702
148703
148704
148705
148706
148707
148708
148709
148710
148711
148712
148713
148714
148715
148716
148717
148718
148719
148720
149216
149217
149218
149219
149220
149221
149222
149223
149224
149225
149226
149227
149228
149229
149230
149231
149232
149234
149754
149755
149756
149757
149758
149759
149760
149761
149762
149763
149764
149765
150294
150295
150296
150297
150298
150299
150300
150301
150302
150303
150304
150305
150306
150307
150308
150825
150826
150827
150828
150829
150830
150831
150832
150833
150836
150837
150838
150839
150840
150841
151367
151368
151369
151370
151371
151377
151378
151379
151380
151381
151382
151383
151384
151385
151938
151939
151940
151941
151942
151943
151949
151950
151951
151952
151953
151954
151955
151956
151957
152507
152508
152509
152510
152511
152519
152520
152521
152522
152523
152524
152525
153044
153045
153046
153047
153048
153053
153054
153055
153056
153057
153058
153059
153060
153577
153578
153579
153580
153581
153585
153586
153587
153588
153589
153590
153591
153592
153593
153594
153595
153596
153597
154091
154092
154093
154094
154095
154096
154097
154098
154099
154100
154101
154102
154103
154104
154105
154106
154107
154108
154109
154110
154111
154112
154113
154114
154115
154116
154607
154608
154609
154610
154611
154612
154613
154614
154615
154616
154617
154618
154619
154620
154621
154622
154623
154624
154625
154626
154627
154628
155106
155107
155108
155109
155110
155111
155112
155113
155114
155115
155116
155117
155118
155119
155583
155584
155585
155586
155587
155588
155589
155590
155591
155592
155593
155594
155595
155596
155597
156041
156042
156043
156044
156045
156046
156047
156048
156049
156050
156051
156052
156053
156054
156055
156056
156510
156511
156512
156513
156514
156515
156516
156517
156518
156519
156520
156521
156522
156523
156524
156525
156526
156527
156528
156999
157000
157001
157002
157003
157004
157005
157006
157007
157008
157009
157010
157011
157492
157493
157494
157495
157496
157497
157498
157499
157500
157501
157502
157503
157978
157979
157980
157981
157982
157983