108716
108717
108718
109359
109360
109361
109366
109367
109992
109993
109994
109995
109996
110002
110003
110004
110611
110612
110613
110614
110615
110616
110617
110618
110619
110620
110624
110625
110626
110627
110628
111259
111260
111261
111263
111264
111265
111266
111267
111268
111269
111270
111272
111273
111274
111275
111276
111277
111278
111877
111878
111879
111880
111882
111883
111884
111885
111886
111887
111888
111889
111890
111891
111893
111894
111895
111896
111897
111898
112478
112479
112480
112482
112483
112484
112485
112486
112487
112488
112489
112490
112491
112492
112493
112494
112495
112496
112497
112498
113078
113080
113081
113082
113083
113084
113086
113087
113088
113089
113090
113091
113092
113093
113094
113643
113644
113645
113654
113655
113656
113657
113658
113659
113660
113662
113663
113664
113665
113666
113667
113668
114190
114191
114194
114210
114212
114213
114214
114217
114220
114221
114224
114225
114226
114227
114229
114230
114744
114745
114746
114747
114748
114762
114765
114766
114767
114768
114769
114770
114771
114772
114773
114774
114775
114785
114786
115309
115310
115311
115320
115321
115322
115323
115324
115325
115326
115327
115328
115329
115330
115331
115332
115333
115334
115335
115346
115347
115861
115862
115863
115864
115865
115867
115868
115869
115874
115875
115876
115877
115878
115879
115880
115882
115883
115884
115885
115886
115887
115888
115900
116418
116419
116420
116421
116422
116423
116424
116425
116426
116435
116437
116438
116439
116440
116441
116442
116443
116444
116448
116449
116450
116451
116967
116968
116969
116970
116971
116972
116973
116974
116975
116976
116977
116986
116987
116988
116989
116990
116991
116992
116993
116994
116998
116999
117000
117531
117532
117533
117534
117535
117536
117537
117538
117542
117544
117545
117546
117547
117548
117549
117550
117551
117552
117553
117554
117555
117559
118067
118068
118069
118070
118071
118072
118073
118074
118075
118078
118079
118080
118081
118082
118083
118084
118085
118086
118087
118088
118089
118090
118091
118092
118093
118094
118095
118096
118097
118098
118615
118616
118617
118618
118619
118620
118621
118623
118624
118625
118626
118627
118628
118629
118630
118631
118632
118634
118635
118636
118637
118638
118639
118640
118641
118642
119151
119152
119153
119154
119155
119156
119157
119158
119160
119161
119167
119168
119169
119170
119172
119173
119174
119175
119176
119178
119179
119180
119181
119699
119700
119701
119702
119703
119704
119705
119706
119707
119708
119709
119710
119717
119718
119719
119720
119721
119722
119723
119724
119725
119726
119727
119728
119729
119730
120245
120246
120247
120248
120249
120250
120251
120252
120263
120264
120265
120266
120267
120268
120269
120270
120271
120272
120782
120783
120785
120786
120787
120788
120795
120796
120797
120798
120799
120800
120801
120802
120803
120804
120805
120806
120807
120808
120809
120810
120811
121320
121321
121322
121323
121324
121328
121329
121330
121331
121332
121333
121334
121335
121336
121337
121338
121339
121340
121341
121342
121343
121344
121834
121835
121836
121837
121842
121843
121844
121845
121846
121847
121848
121849
121850
121851
121852
121853
121854
121855
121856
121857
121858
122358
122359
122360
122361
122363
122364
122365
122366
122367
122368
122369
122370
122371
122372
122373
122893
122896
122897
122898
122899
122900
122901
122902
122903
123449
123450
123451
123452
123453
124020
124021
124022
124023
124588
124589
124590
124591
124592
125140
125142
125143
125144
125699
125700