177168
177169
177811
177812
177813
178461
178462
178463
178464
178465
178466
178468
178469
179087
179088
179089
179090
179091
179092
179093
179094
179095
179096
179097
179098
179099
179100
179731
179732
179733
179734
179735
179736
179737
179740
179742
179743
179744
179745
179746
180378
180379
180380
180381
180382
180383
180384
180385
180386
180387
180388
180389
180390
180391
180392
180393
181041
181042
181043
181044
181045
181046
181047
181048
181049
181050
181051
181052
181053
181054
181055
181056
181705
181706
181707
181708
181709
181710
181711
181712
181713
181714
181715
181716
182358
182359
182360
182361
182362
182363
182364
182365
182994
182995
182996
182997
182998
182999
183000
183001
183002
183003
183004
183005
183610
183611
183612
183613
183614
183615
183616
183617
183618
183619
183620
183621
183622
183623
183624
183625
183626
184186
184187
184188
184189
184190
184191
184193
184194
184195
184196
184197
184198
184199
184200
184201
184202
184203
184204
184206
184790
184791
184792
184793
184794
184795
184797
184798
184799
184800
184801
184802
184803
184804
184805
184806
184807
184808
184809
184810
185422
185423
185424
185425
185426
185427
185428
185429
185430
185431
185432
185433
185434
185435
185436
185437
185438
185439
185440
185441
185442
186064
186065
186066
186067
186068
186069
186070
186071
186072
186073
186074
186075
186076
186077
186078
186079
186080
186081
186082
186083
186702
186703
186704
186705
186706
186707
186708
186709
186710
186711
186712
186713
186714
186715
186716
186717
186718
186719
186720
186721
187324
187325
187326
187327
187328
187329
187330
187331
187332
187333
187334
187335
187336
187337
187338
187339
187340
187341
187342
187343
187344
187927
187928
187929
187930
187931
187932
187933
187934
187935
187936
187937
187938
187939
187940
187941
187942
187943
187944
187945
187946
187947
187948
187949
188538
188539
188540
188541
188542
188543
188544
188545
188546
188547
188548
188549
188550
188551
188552
188553
188554
188555
189155
189156
189157
189158
189159
189160
189161
189162
189164
189166
189167
189168
189169
189170
189171
189172
189750
189751
189752
189753
189754
189755
189756
189757
189758
189759
189760
189761
189763
189764
189765
189766
189767
189768
190326
190327
190328
190329
190330
190331
190332
190333
190334
190335
190336
190337
190338
190339
190892
190893
190894
190895
190896
190897
190898
190899
190900
190901
190902
190903
190904
191454
191455
191456
191457
191458
191459
191460
191461
191462
191463
191464
191465
191466
191467
191468
192023
192024
192025
192026
192027
192028
192029
192030
192031
192032
192033
192034
192035
192577
192578
192579
192580
192581
192582
192583
192584
192585
192586
192587
192588
192589
192590
192591
192592
193138
193139
193140
193141
193142
193143
193144
193145
193146
193147
193148
193149
193150
193151
193152
193153
193697
193698
193699
193700
193701
193702
193703
193704
193705
193706
193707
193708
194256
194257
194258
194259
194260
194261
194262
194263
194264
194265
194266
194267
194268
194269
194270
194271
194272
194817
194818
194819
194820
194821
194822
194823
194824
194825
194826
194827
194828
194829
194830
194831
194832
194833
194834
194835
195358
195359
195360
195361
195362
195363
195364
195365
195366
195367
195368
195899
195900
195901
195902
195903
195904
195905
195906
195907
196425
196426
196427
196428
196429
196430
196431
196432
196433
196434
196946
196947
196948
196949
196950
196951
196952
196953
197468
197469
197470
197471
197472
197473
197474
198029
198030
198031