336544
336545
337030
337031
337032
337547
338080
338081
338082
338083
338623
338624
338625
339153
339155
339156
339157
339158
339159
339160
339677
339678
339681
339682
339683
339684
339685
340203
340204
340207
340208
340209
340210
340211
340212
340740
340741
340742
340743
340744
340745
340746
340747
340748
340749
340750
340751
341287
341288
341289
341290
341291
341294
341295
341296
341795
341796
341797
341798
341799
341800
341804
341805
341806
342323
342324
342325
342326
342327
342328
342329
342331
342332
342333
342334
342335
342336
342337
342338
342345
342346
342861
342862
342863
342864
342865
342866
342867
342868
342869
342870
342871
342872
342873
342874
342875
342876
342877
342878
342885
342886
342887
342888
343423
343424
343425
343426
343427
343428
343429
343430
343431
343432
343433
343434
343435
343436
343437
343438
343439
343440
343445
343446
343447
343448
343449
343987
343988
343989
343990
343991
343992
343993
343994
343995
343996
343997
343998
343999
344000
344001
344005
344006
344007
344544
344545
344546
344547
344548
344549
344550
344551
344552
344553
344554
344555
344556
344557
344558
344561
344562
345078
345079
345080
345081
345082
345083
345084
345085
345086
345087
345088
345089
345090
345091
345092
345093
345094
345095
345096
345097
345640
345641
345642
345643
345644
345645
345646
345647
345648
345649
345650
345651
345652
345653
345654
345655
345656
345657
345658
345659
345660
345664
346180
346181
346182
346183
346184
346185
346186
346187
346188
346189
346190
346191
346192
346193
346194
346195
346196
346197
346198
346199
346203
346723
346724
346725
346726
346727
346728
346729
346730
346731
346732
346733
346734
346735
346736
346737
346738
346739
346740
346741
346742
346743
346744
346748
346749
346750
347279
347280
347281
347282
347283
347284
347285
347286
347287
347288
347289
347290
347291
347292
347293
347294
347295
347297
347298
347301
347302
347303
347304
347309
347848
347849
347850
347851
347852
347853
347855
347856
347857
347858
347859
347860
347861
347862
347863
347864
347865
347866
347867
347868
347869
347870
347871
347872
347873
347874
347875
347878
347879
347880
347881
348424
348425
348426
348427
348428
348430
348431
348432
348433
348434
348435
348436
348437
348438
348439
348440
348441
348442
348443
348444
348445
348446
348447
348448
348449
348450
348451
348452
348453
348454
348455
348456
348457
348458
349026
349027
349028
349029
349031
349032
349033
349034
349035
349036
349037
349038
349039
349040
349041
349042
349043
349044
349045
349046
349047
349048
349049
349050
349051
349052
349053
349054
349055
349056
349057
349647
349650
349651
349652
349653
349654
349655
349656
349657
349658
349659
349660
349661
349662
349663
349664
349665
349666
349667
349668
349669
349671
350248
350249
350250
350251
350253
350254
350255
350256
350257
350258
350259
350260
350261
350262
350263
350264
350265
350266
350267
350268
350829
350830
350831
350833
350834
350835
350836
350837
350838
350839
350840
350841
350842
350843
351401
351402
351403
351404
351405
351406
351407
351408
351409
351410
351411
351412
351965
351966
351967
351968
351969
351970
351971
351972
351973
351974
352528
352529
352530
352531
352532
352533
352534
352535
352536
353090
353091
353092
353093
353094
353095
353096
353677
353678
353679
353680
353681
353682
353683
353685
354247
354249
354250
354251
354252
354836
354837
354838
355438
355439
355440
355441
355443
356031
356032
356033
356034
356035
356036
356620
356621
356622
356623
357180
357181
357182
357183
357184
357735