480172
480489
480490
480491
480492
480796
480797
480798
480799
480800
481110
481111
481112
481113
481114
481423
481424
481425
481426
481427
481428
481429
481430
481755
481757
481758
481759
481760
481763
481764
481765
481766
481767
481768
481769
481770
481771
481772
481773
481774
482096
482097
482098
482099
482102
482103
482104
482105
482106
482107
482108
482109
482110
482111
482112
482113
482114
482431
482432
482433
482434
482435
482436
482437
482438
482439
482440
482441
482442
482443
482444
482445
482446
482447
482448
482449
482450
482761
482762
482763
482764
482765
482766
482767
482768
482769
482770
482771
482772
482773
482774
482775
482776
482777
482778
482779
482780
482781
482782
482783
482784
482785
483111
483112
483113
483114
483115
483116
483117
483118
483119
483120
483121
483122
483123
483124
483125
483126
483127
483128
483129
483130
483131
483132
483133
483134
483135
483136
483137
483138
483139
483471
483472
483473
483474
483475
483476
483477
483478
483479
483480
483481
483482
483483
483484
483485
483486
483487
483488
483489
483490
483491
483492
483493
483494
483495
483823
483824
483825
483826
483827
483828
483829
483830
483831
483832
483833
483834
483835
483836
483837
483838
483839
483840
483841
483842
483843
483844
483845
483846
483847
483848
484160
484161
484162
484163
484164
484165
484166
484167
484169
484170
484171
484172
484173
484174
484175
484176
484177
484178
484179
484180
484181
484182
484183
484184
484488
484489
484490
484491
484492
484493
484494
484495
484496
484497
484498
484499
484500
484501
484502
484503
484504
484505
484506
484507
484508
484509
484510
484511
484512
484513
484514
484814
484815
484816
484817
484818
484819
484820
484821
484822
484823
484824
484825
484826
484827
484828
484829
484830
484831
484832
484833
484834
484835
484836
484837
484838
484839
484840
484841
485145
485146
485147
485148
485149
485150
485151
485152
485153
485154
485155
485156
485157
485158
485159
485160
485161
485162
485163
485164
485165
485166
485167
485168
485169
485490
485491
485492
485493
485494
485495
485496
485497
485498
485499
485500
485501
485502
485503
485504
485505
485506
485507
485508
485509
485510
485511
485512
485513
485828
485829
485830
485831
485832
485833
485834
485835
485836
485837
485838
485839
485840
485841
486140
486141
486142
486145
486146
486147
486148
486149
486150
486151
486152
486457
486458
486459
486460
486461
486462
486463
486464
486465
486466
486467
486468
486469
486795
486796
486797
486798
486799
486801
486802
486803
486804
486805
486806
486807
486808
486809
487162
487163
487164
487165
487166
487167
487168
487171
487172
487173
487174
487175
487524
487525
487526
487527
487528
487529
487530
487531
487532
487533
487535
487536
487537
487538
487539
487540
487541
487542
487543
487910
487911
487912
487913
487914
487915
487916
487917
487918
487919
487920
487921
487922
487923
487924
487925
487926
487927
488288
488289
488290
488291
488292
488293
488294
488295
488296
488297
488298
488299
488300
488301
488302
488303
488304
488305
488306
488307
488308
488309
488692
488693
488694
488695
488696
488697
488698
488699
488700
488701
488702
488703
488704
488705
488706
488707
488708
488709
488710
488711
488712
489088
489089
489091
489092
489093
489094
489095
489096
489097
489098
489099
489100
489101
489102
489103
489104
489105
489106
489107
489509
489512
489513
489514
489515
489518
489519
489520
489521
489522
489523
489524
489527
489528
489944
489946
489947
489948
489949
489950
489951
490363
490364
490365
490366
490367
490368