231043
231594
231595
231600
232159
232160
232163
232164
232165
232168
232169
232170
232171
232720
232721
232722
232723
232724
232725
232726
232727
232728
232729
232731
232732
232733
232734
233312
233313
233314
233315
233316
233317
233319
233320
233321
233322
233323
233324
233325
233894
233895
233896
233897
233898
233899
233900
233901
233902
233903
233904
233905
233906
233907
233908
233909
233910
233911
234450
234454
234457
234459
234460
234461
234462
234463
235012
235020
235021
235022
235023
235024
235574
235575
235576
235577
235578
235579
235580
236154
236155
236156
236157
236158
236159
236160
236161
236162
236757
236758
236759
236760
236761
236762
236763
236764
236765
236766
237377
237378
237379
237380
237381
237382
237383
237384
237385
237386
237387
237991
237992
237993
237994
237995
237996
237997
237998
237999
238000
238001
238002
238003
238004
238005
238601
238602
238603
238604
238605
238606
238607
238608
238609
238610
238611
238612
238613
238614
239219
239220
239221
239222
239223
239224
239225
239226
239227
239228
239229
239230
239838
239839
239840
239841
239842
239843
239844
239845
239846
239847
239848
240449
240450
240451
240452
240453
240454
240455
240456
240457
240458
240459
241029
241030
241031
241032
241033
241034
241035
241036
241037
241038
241039
241040
241600
241601
241602
241603
241604
241605
241606
241607
241608
241609
241610
242187
242188
242189
242190
242191
242192
242193
242194
242195
242775
242776
242777
242778
242779
242780
242781
242782
242783
243381
243382
243383
243384
243385
243386
243982
243983
243984
243985
243986
243987
243988
244568
244569
244570
244571
244572
245180
245181
245182
245183
245184
245785
245786
246364
246365
246366
246367
246368
246369
246370
246965
246966
246967
246968
246969
246970
246971
247552
247553
247554
247555
247556
247557
248108
248109
248110
248111
248112
248113
248114
248115
248116
248117
248681
248682
248683
248684
248685
248686
248687
248688
248689
248692
249238
249239
249240
249241
249242
249243
249244
249245
249246
249247
249789
249790
249791
249792
249793
249794
249795
249796
249797
249798
249799
250338
250339
250341
250342
250344
250345
250346
250347
250348
250349
250350
250881
250882
250883
250884
250887
250888
250889
250890
250891
250892
250893
250894
251429
251430
251431
251432
251433
251434
251435
251436
251437
251438
251439
251440
251441
251447
251449
251995
251996
251997
251999
252000
252001
252002
252003
252004
252005
252006
252007
252009
252010
252011
252013
252014
252015
252016
252017
252018
252019
252020
252021
252593
252594
252595
252596
252597
252598
252599
252600
252601
252602
252603
252604
252605
252606
252607
252608
252609
252610
252611
252612
252613
252614
252615
253163
253164
253165
253166
253167
253168
253169
253170
253171
253172
253173
253174
253175
253176
253177
253178
253179
253180
253181
253182
253183
253184
253185
253186
253187
253742
253743
253746
253747
253748
253749
253750
253751
253752
253753
253754
253755
253756
253757
253758
253759
253760
253761
253762
253763
253764
253765
253766
253767
254315
254316
254317
254318
254319
254320
254321
254322
254323
254324
254325
254326
254327
254328
254329
254330
254331
254332
254333
254334
254335
254336
254337
254338
254339
254340
254341
254943
254944
254945
254946
254947
254948
254949
254950
254951
254952
254953
254956
254957
254958
254959
254960
254961
254962
255568
255569
255570
255571
255572
255573
255574
255575
255579
255580
255581
255582
255583
255584
256175
256176
256177
256178
256179
256180
256181
256182