91
92
93
96
98
99
100
101
102
103
104
105
106
107
111
112
113
114
554
555
556
557
563
564
565
566
567
569
570
571
572
573
574
576
1010
1011
1012
1013
1014
1015
1016
1017
1018
1019
1020
1022
1023
1024
1025
1026
1027
1028
1029
1030
1438
1439
1440
1441
1442
1443
1444
1445
1446
1447
1448
1449
1450
1452
1453
1454
1455
1456
1457
1458
1459
1460
1461
1462
1463
1464
1847
1848
1849
1850
1851
1852
1853
1854
1855
1856
1857
1858
1859
1860
1861
1862
1863
1864
1865
1866
1867
1868
1871
1872
1873
1874
2259
2260
2261
2262
2263
2264
2265
2266
2267
2268
2269
2270
2271
2273
2274
2277
2278
2280
2281
2282
2283
2284
2665
2666
2667
2668
2669
2670
2671
2672
2673
2674
2675
2676
2677
2678
2679
2680
2681
2682
2686
2687
2688
2689
2690
2691
2692
2693
3083
3084
3085
3086
3087
3088
3089
3090
3091
3092
3093
3094
3095
3097
3098
3099
3100
3101
3103
3108
3109
3110
3111
3112
3113
3114
3115
3469
3470
3471
3472
3473
3474
3475
3476
3477
3478
3479
3480
3481
3482
3485
3486
3487
3488
3489
3494
3496
3497
3498
3499
3500
3501
3841
3842
3843
3844
3845
3846
3847
3848
3854
3855
3856
3857
3858
3859
3866
3867
3868
3870
3871
4209
4210
4211
4212
4213
4214
4215
4216
4217
4221
4224
4226
4227
4233
4234
4237
4238
4239
4623
4624
4625
4626
4627
4628
4629
4630
4631
4632
4633
4634
4639
4640
4645
4646
4647
4650
4652
5032
5033
5034
5035
5036
5037
5038
5039
5040
5041
5042
5043
5044
5060
5463
5464
5465
5466
5467
5468
5469
5470
5471
5472
5473
5474
5475
5899
5900
5901
5902
5903
5904
5905
5906
5907
5908
5909
5910
5911
5912
5913
5914
6351
6352
6353
6354
6355
6356
6357
6358
6359
6360
6361
6362
6822
6823
6824
6825
6826
6827
6828
6829
6830
6831
7325
7326
7327
7328
7329
7330
7331
7332
7333
7334
7335
7336
7839
7840
7841
7842
7843
7844
7845
8343
8344
8345
498279
498780
498781
499294
499295
499296
499297
499299
499300
499813
499814
499815
499816
499817
499818
499819
499820
499821
499823
500346
500347
500348
500349
500350
500351
500352
500353
500354
500358
500359
500360
500361
500881
500882
500883
500884
500885
500886
500887
500888
500889
500890
500892
500894
500895
501395
501396
501397
501398
501399
501400
501401
501402
501403
501408
501409
501410
501411
501412
501413
501416
501417
501418
501419
501420
501907
501908
501909
501911
501912
501914
501915
501916
501917
501918
501919
501920
501922
501923
501924
501925
501926
501928
501929
501930
501931
501932
502374
502376
502377
502378
502379
502380
502381
502383
502384
502385
502386
502388
502389
502390
502391
502392
502393
502394
502395
502396
502397
502835
502836
502837
502839
502841
502842
502843
502844
502845
502846
502847
502850
502851
502852
502853
502854
502855
502856
502857
502858
503300
503301
503302
503303
503304
503306
503307
503308
503309
503310
503311
503312
503314
503315
503316
503317
503318
503319
503321
503322
503323
503324