145540
145541
146105
146679
146681
146682
146683
147229
147230
147232
147233
147234
147792
147793
147794
147795
147796
148333
148334
148335
148336
148337
148338
148874
148875
148876
148881
148882
148883
148884
148885
148886
149412
149413
149414
149420
149421
149422
149423
149941
149942
149943
149944
149945
149946
149947
149948
149949
149950
149951
149952
149953
149954
149955
149956
149957
149958
150477
150478
150479
150480
150481
150482
150483
150484
150486
150487
150488
150489
150490
150491
150492
150493
150494
150495
150496
151005
151006
151007
151008
151009
151010
151011
151018
151019
151020
151021
151022
151026
151027
151028
151547
151548
151549
151550
151551
151552
151553
151560
151561
151562
151563
151564
151566
151567
151568
151569
151570
151571
152113
152114
152115
152116
152117
152118
152119
152126
152127
152128
152129
152130
152131
152132
152133
152134
152135
152136
152137
152673
152674
152675
152676
152677
152678
152679
152680
152681
152682
152683
152690
152691
152692
152693
152694
152695
152696
152697
152698
152699
152700
153200
153201
153202
153203
153204
153205
153206
153207
153208
153209
153210
153218
153219
153220
153221
153222
153223
153224
153225
153226
153227
153228
153229
153721
153722
153723
153724
153725
153726
153727
153728
153729
153730
153731
153732
153733
153734
153737
153738
153739
153740
153741
153742
153743
153744
153745
153746
153747
153748
153749
153750
153751
153752
154242
154243
154244
154245
154246
154247
154248
154249
154250
154251
154252
154253
154254
154255
154256
154257
154258
154259
154260
154261
154262
154263
154264
154265
154266
154267
154268
154269
154270
154271
154272
154273
154274
154275
154276
154277
154278
154755
154756
154758
154759
154760
154761
154762
154763
154764
154765
154766
154767
154768
154769
154770
154771
154772
154773
154774
154775
154776
154777
154778
154779
154780
154781
154782
154783
154784
154785
154786
154787
155239
155240
155241
155242
155243
155244
155245
155246
155247
155248
155249
155250
155251
155252
155253
155254
155255
155256
155257
155258
155259
155260
155261
155262
155263
155264
155265
155266
155267
155268
155269
155270
155715
155716
155717
155718
155719
155720
155722
155723
155724
155725
155726
155727
155728
155729
155730
155731
155732
155733
155734
155735
155736
155737
155738
155739
155740
155741
155742
155743
155744
156179
156182
156183
156184
156185
156186
156187
156188
156189
156190
156191
156192
156193
156194
156195
156196
156197
156198
156199
156659
156660
156661
156662
156663
156664
156665
156666
156667
156668
156669
156670
156671
156672
156673
156674
156675
156676
156677
157150
157151
157152
157153
157154
157155
157156
157157
157158
157159
157160
157161
157162
157163
157164
157165
157166
157167
157168
157169
157170
157171
157628
157632
157633
157634
157635
157636
157637
157638
157639
157640
157641
157642
157643
157644
157645
157646
157647
157648
157649
158111
158115
158116
158117
158118
158119
158121
158122
158123
158124
158125
158126
158127
158128
158129
158130
158131
158132
158133
158602
158603
158604
158608
158609
158610
158611
158612
158613
158614
158615
158616
158617
158618
158619
159060
159061
159062
159066
159067
159068
159069
159070
159071
159072
159073
159074
159075
159076
159490
159491
159492
159493
159494
159496
159497
159498
159499
159500
159501
159502
159503
159504
159505
159934
159935
159936
159937
159939
159940
159941
159943
159944
159945
159946
160363
160364
160365
160366
160371
160372
160373
160376
160377
160378
160794
160795
160796
160797