261059
261060
261061
261062
261672
261673
261674
262286
262287
262288
262289
262889
262890
262891
263493
263494
263495
264097
264098
264099
264725
264726
265347
265348
265349
265350
265351
265352
265353
265354
265355
265356
265978
265979
265980
265981
265982
265983
265984
265985
265986
265987
266592
266593
266594
266595
266596
266597
266598
266599
266600
266601
266602
266603
267200
267201
267202
267203
267204
267205
267206
267207
267208
267209
267210
267823
267824
267825
267826
267827
267828
267829
267830
267831
267832
267833
267834
267835
268445
268446
268447
268448
268449
268450
268451
268452
268453
268454
268455
268456
269080
269081
269082
269083
269084
269085
269086
269087
269088
269713
269714
269715
269716
269717
269718
269719
269720
269721
270364
270365
270366
270367
270368
270369
270370
270371
270372
271006
271007
271008
271009
271010
271011
271012
271013
271014
271015
271016
271017
271018
271019
271659
271660
271661
271662
271663
271664
271665
271666
271667
271668
271669
271670
271671
271672
272309
272310
272313
272314
272315
272316
272317
272318
272319
272320
272321
272322
272323
272948
272949
272950
272954
272955
272956
272957
272958
272959
272960
272961
272962
272963
272964
272965
272966
272967
272968
273612
273613
273614
273615
273619
273620
273621
273622
273623
273624
273625
273626
273627
273628
273629
273630
273631
273632
273633
273634
274270
274271
274272
274276
274277
274278
274279
274280
274281
274282
274283
274284
274285
274286
274287
274288
274289
274290
274291
274292
274293
274896
274897
274898
274899
274903
274904
274905
274906
274907
274908
274909
274910
274911
274912
274913
274914
274915
274916
274917
274918
274919
275518
275519
275523
275524
275525
275526
275527
275528
275529
275530
275531
275532
275533
275534
275535
275536
275537
275538
275539
275540
275541
276146
276147
276148
276149
276150
276151
276152
276153
276154
276155
276156
276157
276158
276159
276160
276161
276162
276164
276165
276166
276167
276168
276169
276170
276779
276780
276781
276782
276783
276784
276785
276786
276787
276788
276789
276790
276791
276792
276793
276794
276795
276796
276797
276798
276799
277395
277396
277397
277398
277399
277400
277401
277403
277404
277405
277406
277407
277408
277409
277410
277411
277412
277415
278012
278013
278014
278015
278016
278017
278018
278019
278020
278021
278023
278024
278025
278026
278027
278621
278623
278624
278626
278627
278628
278629
278630
278631
278632
278633
278634
278635
278636
278637
278638
278639
279222
279223
279224
279225
279226
279227
279228
279229
279230
279231
279232
279233
279234
279235
279236
279237
279238
279240
279241
279242
279243
279829
279830
279831
279832
279833
279834
279835
279836
279837
279838
279839
279840
279841
279842
279843
279844
279845
279846
279847
279848
280426
280427
280428
280429
280430
280431
280432
280433
280434
280435
280436
280437
280438
280439
280440
280441
280442
280443
281015
281016
281017
281018
281019
281020
281021
281022
281023
281024
281025
281026
281027
281028
281029
281030
281031
281032
281033
281034
281035
281036
281037
281613
281614
281615
281616
281617
281618
281619
281620
281621
281622
281623
281624
281625
281626
281627
281628
281629
282213
282214
282215
282216
282217
282218
282219
282220
282221
282222
282223
282224
282225
282226
282227
282228
282795
282796
282797
282798
282799
282800
282801
282802
282803
282804
282805
282806
282807
282808
283410
283413
283414
283415
283416
283417
283418
284015
284016
284017
284018
284624
284625
284626
284627
284628
284629