6015
6016
6474
6475
6941
6942
6948
6949
6950
6951
7445
7446
7447
7448
7449
7450
7451
7452
7453
7454
7455
7948
7949
7950
7951
7952
7953
7954
7955
7956
7957
7958
7959
7960
8444
8449
8450
8451
8452
8453
8928
8936
8937
8938
9460
9984
10529
10530
10531
11064
11065
11067
11069
11070
11071
11072
11073
11074
11075
11076
11085
11086
11626
11627
11628
11629
11630
11631
11632
11633
11634
11635
11636
11637
11648
11649
11650
12215
12216
12217
12218
12219
12220
12221
12222
12223
12224
12225
12226
12227
12238
12239
12240
12241
12799
12800
12801
12802
12803
12804
12805
12806
12807
12808
12809
12810
12811
12812
12822
12823
12824
12825
12826
12827
13400
13401
13402
13403
13404
13405
13406
13407
13408
13409
13410
13411
13417
13418
13419
13420
13421
13422
13423
13424
13991
13992
13993
13994
13995
13996
13997
13998
14000
14001
14002
14003
14007
14008
14009
14010
14011
14012
14013
14014
14015
14016
14017
14582
14583
14584
14585
14586
14587
14588
14589
14590
14591
14593
14594
14595
14596
14597
14598
14599
14600
14601
14602
14603
14604
15173
15174
15175
15176
15177
15178
15179
15180
15181
15182
15183
15184
15185
15186
15187
15188
15189
15190
15191
15192
15193
15194
15754
15755
15756
15757
15758
15759
15760
15761
15762
15763
15764
15765
15766
15767
15768
15769
15770
15771
15772
15773
15774
15775
16327
16328
16329
16330
16331
16332
16333
16334
16335
16336
16337
16338
16339
16340
16341
16342
16343
16344
16345
16346
16900
16901
16902
16904
16905
16906
16907
16908
16909
16910
16911
16912
16913
16914
16915
16916
16917
16918
16919
16920
16921
16922
16923
16924
17485
17486
17487
17488
17489
17490
17491
17492
17493
17494
17495
17496
17497
17498
17499
17500
17501
17502
17503
17504
17505
17506
17507
17508
17509
17510
17511
17512
17513
17514
18045
18046
18047
18048
18049
18050
18051
18052
18053
18054
18055
18056
18057
18058
18059
18060
18061
18062
18063
18064
18065
18066
18067
18068
18069
18070
18071
18072
18073
18577
18578
18579
18580
18581
18582
18583
18584
18585
18586
18587
18588
18589
18590
18591
18592
18593
18594
18595
18596
18597
18598
18599
18600
18601
18602
18603
19119
19120
19121
19122
19123
19124
19126
19128
19129
19130
19131
19132
19133
19134
19135
19136
19137
19138
19139
19140
19141
19142
19143
19144
19145
19656
19657
19658
19659
19660
19663
19664
19665
19666
19667
19668
19669
19670
19671
19672
19673
19674
19675
19676
19677
19678
19679
19680
19681
20192
20193
20194
20195
20196
20197
20198
20199
20200
20201
20202
20203
20204
20205
20206
20207
20208
20209
20210
20211
20212
20213
20214
20215
20216
20217
20758
20759
20760
20761
20762
20763
20764
20765
20766
20767
20768
20769
20770
20771
20772
20773
20774
20775
20776
20777
21315
21316
21317
21318
21319
21320
21321
21322
21323
21324
21325
21326
21327
21328
21329
21867
21868
21869
21870
21871
21872
21873
21874
22396
22397
22398
22399
22400
22401
22402
22403
22404
22920
22921
22922
22923
22924
22925
22926
22927
23454
23455
23456
23457
23458
23459
23982
23983
23984
23985
24492
24493