123811
123812
124376
124928
124929
124930
124931
124932
125477
125478
125479
125480
125481
125482
126027
126028
126029
126030
126031
126032
126033
126034
126587
126588
126589
126590
126591
126592
126593
126594
127133
127134
127135
127136
127137
127138
127139
127140
127141
127142
127143
127144
127145
127146
127670
127671
127672
127673
127674
127675
127676
127677
127678
127679
127680
127681
127682
128194
128195
128196
128197
128198
128199
128200
128201
128202
128203
128204
128205
128206
128207
128208
128693
128694
128695
128696
128697
128698
128699
128700
128701
128702
128703
128704
128705
128706
128707
128708
128709
129192
129193
129194
129195
129196
129197
129198
129199
129200
129201
129202
129203
129204
129205
129206
129207
129208
129209
129210
129211
129704
129705
129706
129707
129708
129709
129710
129711
129712
129713
129714
129715
129716
129717
129718
129719
129720
129721
130214
130215
130216
130217
130218
130219
130220
130221
130222
130223
130224
130225
130226
130227
130228
130229
130230
130231
130232
130234
130235
130236
130237
130238
130239
130737
130738
130739
130740
130741
130742
130743
130744
130745
130746
130747
130748
130749
130750
130751
130752
130753
130754
130755
130756
130757
130758
130759
130760
130761
130762
130763
131248
131249
131250
131251
131252
131253
131254
131255
131256
131257
131258
131259
131260
131261
131262
131263
131264
131265
131266
131267
131268
131269
131270
131271
131272
131273
131770
131771
131772
131773
131774
131775
131776
131777
131778
131779
131780
131781
131782
131783
131784
131785
131786
131787
131788
131789
131790
131791
131792
131793
132294
132295
132296
132297
132298
132299
132300
132301
132302
132304
132305
132306
132307
132308
132309
132310
132311
132312
132313
132816
132817
132818
132819
132820
132821
132822
132824
132825
132826
132827
132828
132829
132830
133369
133370
133371
133372
133373
133375
133376
133377
133378
133379
133380
133381
133946
133947
133948
133949
133953
133954
133955
133956
133957
133958
133959
133960
133962
133963
134544
134545
134546
134547
134548
134549
134550
134551
134552
134553
134554
134555
134556
134557
134558
134559
134560
134561
135131
135132
135133
135138
135139
135140
135141
135142
135143
135144
135145
135146
135147
135148
135733
135734
135735
135736
135739
135740
135741
135742
135743
135744
135745
135746
135747
135748
136335
136336
136338
136339
136340
136341
136342
136343
136344
136345
136346
136347
136348
136349
136350
136351
136932
136933
136934
136935
136936
136937
136938
136939
136940
136942
136943
136944
136945
136946
136947
136948
136949
136950
137527
137528
137529
137530
137531
137532
137533
137534
137535
137536
137537
137538
137539
137540
137541
137546
137547
137548
137549
138095
138096
138097
138098
138099
138100
138101
138102
138103
138104
138105
138106
138107
138108
138109
138110
138111
138119
138120
138121
138122
138123
138124
138687
138688
138689
138690
138691
138692
138693
138694
138695
138696
138698
138699
138701
138702
138703
138710
138711
138712
138713
139278
139280
139281
139282
139283
139284
139285
139286
139290
139298
139299
139887
139888
139889
139890
139895
139896
139897
139898
140495
140496
140497
140498
141097
141098
141099
141100
141101
141676
141677
141678
141679
141680
142240
142241
142242
142243
142807
142808
142809
142810
142811
142812
143369
143370
143371
143372
143373
143374
143918
143919
143920
143921
143922
143923
144444
144445
144446
144447
144448
144993
144994
144995
144996
145551
145552
145553
146118
146119
146120
146121