44294
44826
44827
45354
45355
45356
45357
45358
45359
45869
45870
45871
45872
46380
46381
46382
46383
46384
46396
46861
46862
46863
46864
46865
46877
46878
46879
46880
46882
46883
46884
47327
47328
47329
47330
47331
47332
47343
47344
47345
47346
47347
47348
47349
47350
47356
47357
47358
47764
47765
47766
47767
47769
47770
47777
47778
47779
47780
47781
47782
47783
47785
47786
47787
47788
48220
48221
48222
48226
48227
48228
48232
48233
48234
48235
48236
48237
48238
48239
48240
48241
48242
48243
48244
48245
48246
48247
48248
48249
48692
48693
48694
48695
48697
48698
48699
48700
48703
48704
48705
48706
48707
48708
48709
48710
48711
48712
48713
48714
48715
48716
48717
48718
48719
48720
49152
49153
49154
49155
49156
49158
49159
49160
49161
49162
49163
49164
49165
49166
49167
49168
49169
49170
49171
49172
49173
49174
49175
49176
49177
49178
49179
49629
49630
49631
49632
49633
49634
49635
49636
49637
49638
49639
49640
49641
49642
49643
49644
49645
49646
49647
49648
49649
49650
49651
49652
49653
50117
50118
50119
50120
50121
50122
50123
50124
50125
50126
50127
50128
50129
50130
50131
50132
50133
50134
50135
50136
50137
50138
50139
50140
50141
50142
50584
50585
50586
50587
50588
50589
50590
50591
50592
50593
50594
50595
50596
50597
50598
50599
50600
50601
50604
50605
50606
50607
50608
50609
50610
50611
50612
50613
50614
50615
51047
51048
51049
51050
51051
51052
51053
51054
51055
51056
51057
51058
51059
51060
51061
51062
51066
51067
51068
51069
51070
51071
51072
51073
51074
51075
51076
51510
51511
51512
51513
51514
51515
51516
51517
51518
51519
51520
51521
51522
51523
51525
51526
51527
51528
51529
51530
51531
51532
51533
51534
51972
51973
51974
51975
51976
51977
51978
51979
51980
51981
51982
51983
51984
51985
51986
51987
51988
52438
52439
52440
52441
52442
52443
52444
52445
52446
52447
52448
52449
52450
52451
52452
52899
52900
52901
52902
52903
52904
52905
52906
52907
52908
52909
52910
52911
52912
52913
52914
52915
53353
53354
53355
53356
53357
53358
53359
53360
53361
53362
53363
53364
53365
53366
53367
53368
53369
53806
53807
53808
53809
53810
53811
53812
53813
53814
53815
53816
53817
53818
53819
53820
53821
54279
54280
54281
54282
54283
54284
54285
54286
54287
54288
54289
54290
54291
54292
54293
54294
54295
54755
54756
54757
54758
54759
54760
54761
54762
54763
54764
54765
54766
54767
54768
54769
54770
54771
54772
54773
55226
55227
55228
55229
55230
55231
55232
55233
55234
55235
55236
55237
55238
55239
55240
55241
55242
55243
55244
55720
55721
55722
55723
55724
55725
55726
55727
55728
55729
55730
55731
55732
55733
56203
56204
56205
56206
56207
56208
56209
56210
56211
56212
56213
56214
56215
56216
56703
56704
56705
56706
56710
56711
56712
56713
56714
56715
56716
56717
56718
56719
57229
57230
57231
57232
57233
57234
57235
57236
57237
57238
57792
57793
57794
57795
57796
57797
57798
58348
58349
58350
58351
58352
58353
58354
58904
58905
58906
58907
58910
59484
59486
59487
59488
59489
60082
60083
60084
60085
60086
60694
60695
60696
60697
60698
60699
61293
61294