207322
207847
207859
207860
207861
208355
208356
208357
208367
208368
208369
208370
208371
208376
208377
208378
208379
208861
208862
208863
208864
208873
208874
208875
208876
208877
208878
208879
208881
208882
208883
208884
209342
209343
209344
209345
209346
209347
209348
209350
209351
209352
209353
209354
209355
209356
209357
209360
209361
209362
209841
209842
209843
209844
209845
209846
209847
209848
209849
209850
209851
209852
209853
209855
209856
209857
209858
209863
209864
209865
209866
209867
210334
210335
210336
210337
210338
210339
210340
210341
210343
210344
210345
210350
210351
210352
210353
210834
210835
210836
210837
210838
210839
210840
210841
210842
210843
210844
210845
210846
210847
210848
210849
210850
210852
210853
210854
210855
210856
211365
211366
211367
211368
211370
211371
211372
211373
211374
211375
211376
211377
211378
211379
211380
211891
211892
211893
211894
211895
211896
211897
211898
211899
211900
211901
211902
212411
212412
212413
212415
212915
212916
212917
212918
212920
213427
213428
213430
213436
213956
213957
213958
213960
213964
213966
214521
214523
214524
214529
214530
214531
215108
215109
215110
215111
215112
215113
215114
215115
215116
215117
215118
215120
215121
215122
215123
215673
215674
215675
215676
215677
215678
215679
215680
215681
215682
215683
215684
215685
215686
215687
215688
215689
215690
215691
216242
216243
216244
216245
216246
216247
216248
216249
216250
216251
216252
216253
216254
216255
216256
216257
216258
216259
216808
216809
216810
216811
216812
216813
216814
216815
216816
216817
216819
216820
216821
216822
216823
216824
216826
216827
217376
217377
217378
217379
217380
217381
217382
217383
217384
217385
217386
217387
217389
217390
217391
217392
217393
217394
217395
217396
217397
217932
217937
217938
217939
217940
217941
217942
217943
217944
217945
217946
217947
217948
217949
217950
217951
217952
217953
217956
217957
217958
217959
217960
217961
217962
218484
218485
218486
218487
218488
218489
218490
218493
218494
218495
218496
218497
218498
218499
218500
218501
218502
218503
218504
218505
218506
218507
218508
218509
218510
218511
218512
218513
218514
218515
218519
218520
218521
218522
218523
218524
219033
219034
219035
219036
219037
219038
219039
219041
219042
219043
219044
219045
219046
219047
219048
219049
219050
219051
219052
219053
219054
219055
219056
219057
219058
219059
219060
219061
219062
219063
219064
219065
219066
219067
219070
219546
219547
219548
219549
219550
219552
219553
219554
219555
219556
219557
219558
219559
219560
219561
219562
219563
219564
219565
219566
219567
219568
219569
219570
219571
219572
219573
219574
219575
219576
219577
219578
219579
219580
219581
219584
219585
220079
220080
220081
220082
220083
220084
220085
220086
220087
220088
220089
220090
220091
220092
220093
220094
220095
220096
220097
220100
220101
220102
220103
220104
220105
220106
220107
220108
220109
220110
220111
220113
220116
220117
220652
220653
220654
220655
220656
220657
220658
220659
220660
220661
220662
220663
220664
220665
220666
220667
220668
220669
220672
220673
220674
220675
220676
220677
220678
220679
220680
220681
220682
220683
220684
220686
221221
221222
221223
221224
221225
221226
221227
221228
221229
221230
221231
221233
221234
221235
221238
221239
221240
221241
221242
221243
221244
221245
221246
221247
221248
221771
221774
221775
221776
221777
221778
221779
221780
221781
221788
221789
221790
221791
221792
222305
222306
222307
222308
222315
222317
222318
222830
222831
222832