461366
461688
461689
461690
461693
462018
462019
462020
462023
462024
462025
462341
462342
462343
462344
462345
462347
462350
462655
462656
462657
462658
462660
462661
462662
462663
462664
462665
462666
462667
462668
462669
462670
462671
462672
462979
462980
462981
462982
462983
462985
462986
462987
462988
462989
462990
462991
462992
462993
462994
462995
462996
463293
463294
463295
463296
463302
463303
463304
463305
463306
463307
463308
463309
463310
463311
463312
463313
463314
463315
463316
463317
463318
463319
463320
463321
463322
463621
463622
463623
463624
463625
463626
463630
463631
463632
463633
463634
463635
463636
463637
463638
463639
463640
463641
463642
463643
463644
463645
463646
463647
463648
463937
463938
463939
463940
463947
463948
463950
463951
463952
463953
463954
463955
463956
463957
463958
463959
463960
463961
463962
463963
463964
463965
464263
464264
464265
464266
464267
464276
464277
464278
464279
464280
464281
464282
464283
464284
464285
464286
464287
464288
464289
464290
464291
464603
464606
464614
464615
464616
464617
464619
464620
464621
464622
464623
464624
464625
464626
464627
464628
464629
464630
464631
464954
464955
464956
464957
464958
464960
464961
464962
464963
464964
464965
464966
464967
464968
464969
464970
464971
465279
465280
465281
465285
465286
465287
465288
465289
465290
465291
465292
465293
465294
465599
465600
465605
465606
465607
465608
465609
465610
465611
465612
465613
465614
465615
465950
465951
465952
465953
465954
465955
465956
465957
465958
465959
465960
465961
465962
465963
466289
466290
466291
466292
466293
466294
466295
466296
466297
466300
466301
466616
466617
466618
466619
466620
466621
466625
466627
466628
466629
466630
466947
466948
466949
466950
466951
466952
466955
466956
466957
466958
466959
466960
466961
466962
467273
467274
467275
467276
467277
467278
467279
467281
467282
467283
467284
467285
467286
467287
467288
467590
467591
467592
467593
467594
467595
467596
467597
467598
467599
467600
467601
467602
467603
467604
467605
467912
467913
467914
467915
467916
467917
467918
467919
467920
467921
467922
467923
467924
467926
467927
468229
468230
468231
468232
468233
468234
468235
468236
468237
468238
468239
468240
468241
468245
468246
468247
468523
468524
468525
468526
468527
468528
468529
468530
468531
468532
468533
468534
468535
468536
468537
468540
468541
468542
468543
468544
468829
468830
468831
468832
468833
468834
468835
468836
468837
468838
468839
468840
468841
468842
468843
468844
468845
468846
469125
469126
469127
469128
469129
469130
469131
469133
469135
469136
469137
469138
469139
469140
469141
469142
469420
469421
469422
469426
469427
469428
469429
469430
469431
469432
469433
469708
469709
469710
469711
469712
469713
469714
469715
469716
469717
469718
469985
469986
469987
469988
469989
469990
469991
469992
469993
469994
470242
470243
470244
470245
470246
470247
470248
470249
470250
470488
470489
470490
470491
470492
470493
470494
470495
470496
470497
470741
470742
470743
470744
470745
470746
470747
470748
470749
470750
470751
470752
470753
470754
471015
471016
471017
471018
471019
471020
471021
471022
471023
471024
471025
471026
471027
471028
471029
471290
471291
471292
471293
471294
471295
471296
471297
471298
471299
471300
471301
471302
471568
471569
471570
471571
471572
471573
471574
471575
471576
471577
471578
471579
471580
471581
471829
471830
471831
471832
471833
471834
471835
471836
472107
472108
472109
472110
472111
472403
472404
472405
472406
472407
472711
473007