14893
14894
14895
14896
14897
14898
14899
14900
15484
15485
15486
15487
15488
15489
15490
16046
16047
16048
16049
16050
16053
16054
16629
16636
16637
16638
17208
17215
17216
17217
17790
17798
17799
17800
18333
18343
18346
18878
18879
18886
18889
18890
18891
18893
19425
19426
19427
19428
19429
19433
19434
19435
19436
19437
19438
19439
19440
19441
19969
19970
19971
19972
19973
19974
19975
19979
19980
19981
19982
19983
19984
19985
20535
20536
20537
20538
20539
20540
20546
20547
20548
20549
20550
20551
20552
20553
21094
21095
21096
21097
21105
21106
21107
21108
21109
21110
21111
21112
21113
21637
21638
21645
21646
21647
21648
21649
21650
21651
22164
22165
22166
22173
22174
22175
22176
22177
22178
22179
22180
22181
22182
22183
22682
22683
22686
22687
22697
22698
22699
22700
22701
22702
22703
22704
22705
23205
23206
23207
23208
23209
23210
23211
23212
23220
23221
23222
23223
23224
23225
23226
23227
23228
23229
23734
23735
23736
23737
23738
23739
23740
23741
23742
23743
23744
23745
23747
23748
23749
23750
23751
23752
23753
23754
23755
23756
23757
23758
24250
24251
24252
24253
24254
24255
24256
24257
24258
24260
24261
24267
24268
24269
24270
24271
24272
24273
24274
24275
24744
24745
24746
24747
24751
24752
24754
24756
24757
24763
24764
24765
24766
24767
24768
24769
24770
24771
24772
24773
24774
25243
25247
25248
25249
25250
25251
25252
25253
25256
25261
25262
25263
25264
25265
25266
25751
25752
25753
25754
25755
25756
25757
25758
25759
25760
25761
25767
25768
25769
25770
25771
25772
26239
26240
26241
26245
26246
26247
26248
26249
26250
26251
26253
26254
26255
26264
26265
26266
26267
26268
26269
26270
26271
26272
26273
26736
26738
26739
26740
26742
26743
26744
26745
26746
26747
26748
26749
26750
26751
26752
26766
26767
26768
26769
26770
26771
26772
26773
26774
27222
27223
27224
27225
27226
27227
27228
27229
27230
27231
27232
27233
27234
27235
27236
27237
27238
27239
27240
27241
27252
27253
27254
27255
27256
27257
27258
27259
27260
27261
27262
27724
27725
27726
27727
27728
27729
27730
27731
27732
27733
27736
27754
27756
27757
27758
27759
27760
27761
27762
27763
27764
27765
28238
28239
28240
28241
28242
28243
28244
28245
28246
28247
28248
28249
28250
28251
28265
28266
28267
28268
28269
28270
28271
28272
28273
28274
28275
28276
28277
28278
28718
28719
28720
28721
28722
28723
28724
28725
28726
28727
28728
28729
28730
28742
28744
28745
28746
28747
28748
28750
29178
29179
29180
29181
29182
29183
29184
29185
29186
29202
29203
29204
29205
29206
29207
29208
29209
29210
29211
29655
29656
29657
29658
29679
29680
29681
29682
29683
29684
29685
29686
30124
30125
30126
30147
30148
30149
30150
30151
30152
30153
30154
30155
30156
30157
30636
30637
30638
30639
30640
30641
30642
30643
30644
30645
31136
31137
31138
31139
31140
31141
31142
31143
31634
31635
31636
31637
31638
31639
31640
31641
32157
32158
32159
32160
32161
32162
32692
32693
32694
32695
32696
32697
32698
33191
33192
33193
33194
33195
33196
33197
33198
33705
33706
33707
33708
33709
34218
34219
34220
34737
34738