136390
136391
136392
136990
136991
136992
136993
137582
137584
137585
137586
137587
137588
137589
138156
138157
138158
138159
138160
138161
138162
138163
138164
138165
138166
138167
138748
138750
138751
138752
138753
138754
138755
138756
139333
139334
139335
139336
139337
139338
139339
139340
139934
139935
139936
139937
139938
139939
139940
139941
140535
140536
140537
140538
140539
140540
140541
140542
141138
141139
141140
141141
141142
141143
141144
141145
141146
141147
141710
141711
141712
141713
141714
141715
141716
141719
141720
142278
142279
142280
142281
142282
142283
142284
142285
142848
142849
142850
143409
143410
143411
143412
143413
143414
143952
143959
143960
143961
144470
144471
144472
144473
144476
144477
144478
144479
144480
144481
144487
144488
144489
144490
145016
145017
145018
145019
145020
145021
145022
145023
145024
145025
145026
145027
145028
145029
145030
145034
145035
145036
145578
145579
145580
145581
145582
145583
145584
145585
145586
145587
145588
145589
145590
145591
145592
145593
145594
145595
145596
145597
145598
146143
146144
146145
146146
146147
146148
146149
146150
146151
146152
146153
146154
146155
146156
146157
146158
146159
146160
146161
146162
146711
146712
146713
146714
146715
146716
146717
146718
146719
146720
146721
146722
146723
146724
146725
146726
146727
146728
146729
146730
146731
147259
147260
147261
147262
147263
147264
147265
147266
147267
147268
147270
147271
147272
147273
147274
147275
147276
147277
147278
147279
147280
147281
147282
147283
147811
147812
147813
147814
147815
147816
147818
147819
147820
147821
147822
147825
147826
147827
147828
147829
147830
147831
148354
148355
148356
148357
148358
148359
148360
148361
148362
148367
148368
148370
148371
148372
148373
148374
148375
148903
148904
148905
148906
148908
148914
148915
148916
148917
149441
149442
149443
149444
149447
149448
149451
149452
149456
149457
149458
149459
149460
149461
149973
149974
149975
149976
149977
149983
149984
149986
149987
149988
149989
149990
149994
149995
149996
149997
150507
150508
150510
150511
150512
150515
150517
150518
150519
150520
150521
150522
150523
150524
150525
150526
150527
150528
150529
150530
150531
150532
151035
151036
151037
151038
151039
151040
151041
151042
151043
151044
151045
151046
151047
151048
151049
151050
151054
151055
151056
151057
151058
151059
151577
151578
151579
151580
151581
151582
151583
151584
151585
151586
151587
151588
151589
151590
151591
151592
151593
151594
151595
151596
151597
151598
151599
151600
151601
152146
152147
152148
152149
152150
152151
152152
152153
152154
152155
152156
152157
152158
152159
152160
152161
152162
152163
152164
152165
152166
152167
152168
152169
152170
152707
152708
152709
152710
152711
152712
152713
152714
152715
152716
152717
152718
152719
152720
152721
152722
152723
152724
152726
153237
153238
153239
153240
153241
153242
153243
153244
153245
153246
153247
153248
153249
153250
153251
153252
153253
153254
153255
153256
153763
153764
153765
153766
153767
153768
153769
153770
153771
153772
153773
153774
153775
153776
153777
153778
153779
153780
154289
154290
154291
154292
154293
154294
154295
154296
154297
154298
154299
154300
154301
154302
154303
154798
154799
154800
154801
154802
154803
154804
154805
154807
154808
154809
154810
154811
154812
154813
155283
155284
155286
155287
155288
155289
155290
155291
155292
155293
155294
155295
155296
155756
155758
155759
155760
155761
155762
156210
156211
156212
156688
156689
156690
157180
157181
157656
157657