257867
258480
258481
258482
259116
259117
259118
259119
259120
259121
259122
259764
259765
259766
259767
259768
259769
260399
260402
260403
260404
260405
260406
260407
260408
260409
261030
261031
261032
261033
261034
261035
261036
261037
261038
261639
261640
261641
261642
261643
261644
261645
261646
261647
261648
261649
261650
262247
262248
262249
262250
262251
262252
262253
262254
262255
262256
262257
262849
262850
262851
262852
262853
262854
262855
262856
262857
262858
262859
263452
263453
263454
263455
263456
263457
264046
264047
264048
264049
264050
264051
264052
264053
264669
264670
264671
264672
264673
264674
264675
264677
264678
265290
265291
265292
265293
265294
265295
265296
265297
265298
265299
265300
265301
265302
265913
265914
265915
265916
265917
265918
265921
265922
265923
265924
265925
265926
265927
266530
266531
266532
266533
266534
266535
266536
266537
266538
266540
267134
267135
267136
267137
267138
267139
267140
267141
267142
267143
267144
267148
267753
267754
267755
267756
267757
267758
267759
267760
267761
267762
267763
267764
267767
267768
267769
267770
267771
268381
268382
268383
268384
268385
268386
268387
268388
268389
268390
268391
268392
268393
268394
268395
268396
268397
269010
269011
269012
269013
269014
269015
269016
269017
269018
269019
269020
269021
269022
269023
269638
269639
269640
269641
269642
269643
269644
269645
269646
269649
270284
270285
270286
270287
270288
270289
270290
270291
270292
270295
270296
270926
270927
270928
270929
270930
270931
270932
270933
270934
270935
270936
270937
270938
270939
270940
271572
271573
271574
271575
271576
271577
271578
271579
271580
271581
271582
271583
271584
271585
271586
271587
271588
271589
271590
272225
272226
272227
272228
272229
272230
272231
272232
272233
272234
272235
272236
272237
272238
272239
272240
272241
272242
272858
272859
272860
272861
272862
272863
272864
272865
272866
272867
272868
272869
272870
272871
272872
272873
272874
272875
272876
272877
273509
273510
273511
273512
273513
273514
273515
273516
273517
273518
273519
273520
273521
273522
273523
273524
274177
274178
274179
274180
274181
274182
274183
274185
274806
274807
274808
274809
274810
274811
274812
275438
275439
275440
275441
275442
276067
276068
276069
276070
276071
276072
276073
276708
276709
276710
276711
276712
276713
277318
277319
277320
277321
277322
277323
277932
277933
277934
277935
277936
277937
278536
278537
278538
278539
278540
278541
279127
279128
279129
279130
279131
279132
279133
279742
279743
279744
279745
279746
279747
279748
279749
279750
279751
279752
279753
279757
279758
280340
280341
280342
280343
280344
280345
280346
280347
280348
280349
280350
280351
280352
280353
280354
280356
280357
280937
280938
280939
280940
280941
280942
280943
280944
280945
280946
280947
280948
280949
280950
280951
280952
280953
281529
281530
281531
281532
281533
281534
281535
281536
281537
281538
281539
281540
281541
281542
281543
281544
282127
282129
282130
282131
282132
282133
282134
282135
282136
282137
282138
282139
282140
282141
282142
282143
282705
282706
282707
282708
282709
282710
282711
282712
282713
282714
282715
282716
282717
282718
282719
282720
282721
283321
283322
283323
283324
283325
283326
283327
283328
283329
283330
283331
283332
283333
283334
283932
283933
283934
283935
283936
283937
283938
284546
284547
284548
284549
284550
284551
284552
284553
285147
285148
285149
285150
285151
285720
285721
285722
285723
285724
286258
286259
286260
286261
286787
286788
287306
287307
287308