108070
108071
108072
108073
108692
108693
108694
108695
109330
109331
109332
109333
109964
109965
109966
109967
109968
109969
109970
110579
110580
110581
110582
110583
110584
110585
110586
111229
111230
111231
111232
111233
111851
111852
111853
111854
111855
111856
112451
112452
112453
112454
112455
112456
113047
113048
113049
113050
113051
113052
113623
113624
113625
113627
114190
114191
114192
114745
114746
115309
115861
115862
115863
115864
115865
116418
116419
116421
116969
116970
116971
117533
117534
118069
118070
118615
118616
118617
119149
119152
119153
119697
119698
119699
119700
119701
119702
120234
120240
120241
120242
120243
120244
120245
120246
120772
120773
120776
120777
120778
120779
120780
120781
121307
121308
121309
121310
121311
121313
121314
121315
121316
121317
121318
121319
121818
121819
121820
121821
121822
121823
121824
121825
121826
121827
121828
121829
121830
121831
121832
122332
122333
122334
122335
122336
122337
122338
122339
122340
122341
122342
122343
122344
122345
122346
122349
122350
122351
122352
122353
122362
122868
122870
122872
122873
122874
122875
122876
122877
122878
122879
122880
122881
122883
122884
122885
122886
122887
122888
122889
122890
122891
122892
122894
122895
123424
123425
123426
123427
123428
123429
123430
123431
123432
123433
123434
123435
123436
123437
123438
123439
123440
123441
123442
123443
123444
123445
123446
123447
123448
123996
123997
123998
123999
124000
124001
124002
124003
124004
124005
124006
124008
124009
124010
124011
124012
124013
124014
124015
124016
124017
124018
124019
124566
124567
124568
124569
124570
124571
124572
124573
124574
124575
124578
124579
124580
124581
124582
124583
124584
124585
124586
124587
125114
125115
125116
125117
125118
125119
125120
125121
125122
125123
125124
125125
125126
125127
125128
125129
125130
125131
125132
125133
125134
125135
125136
125137
125138
125139
125141
125666
125667
125668
125669
125670
125671
125672
125673
125674
125675
125676
125677
125678
125679
125680
125681
125682
125683
125684
125685
125686
125687
125688
125689
125690
125691
125692
125693
125694
125695
125696
125697
126210
126211
126212
126213
126214
126215
126216
126217
126218
126219
126220
126221
126222
126223
126224
126225
126226
126227
126228
126229
126230
126231
126232
126233
126234
126235
126236
126755
126756
126757
126758
126759
126761
126762
126763
126764
126765
126766
126767
126768
126769
126770
126771
126772
126773
126774
126775
127306
127307
127308
127309
127310
127311
127312
127313
127314
127315
127316
127317
127318
127319
127831
127832
127833
127834
127835
127836
127837
127838
127839
127840
127841
127842
127843
128347
128348
128349
128350
128351
128352
128353
128354
128355
128356
128357
128358
128359
128360
128361
128362
128842
128843
128844
128845
128846
128847
128848
128849
128850
128851
128852
128853
128854
128855
128856
128857
128858
129353
129354
129355
129356
129357
129358
129359
129360
129361
129362
129363
129364
129365
129366
129367
129863
129864
129865
129866
129867
129868
129869
129870
129871
129872
129873
129874
129875
129876
129877
129878
129879
129880
129881
130377
130378
130379
130380
130381
130382
130383
130384
130385
130386
130389
130390
130391
130392
130891
130892
130893
130894
130895
130896
130897
130898
130899
130900
130903
131402
131403
131404
131405
131406
131919
131920
131921
131922
131923
132438
132439
132440
132441
132442
132443
132444
132445
132969
132970
132971
132972
132973
132974
132975
133529
133530
133531
133532
134106
134107
134700