307915
307916
307917
307918
307919
307920
308453
308454
308456
308457
308458
308463
308464
308465
308466
308467
308468
308469
308470
309003
309004
309005
309006
309007
309008
309009
309010
309012
309013
309014
309015
309016
309017
309018
309019
309020
309546
309547
309548
309549
309550
309551
309552
309553
309554
309555
309556
309557
309558
310085
310086
310087
310088
310089
310090
310091
310092
310094
310095
310096
310097
310098
310099
310637
310638
310639
310640
310641
310642
310643
310644
310645
310646
310647
310648
310649
310650
310651
310652
310653
310654
310655
311174
311175
311176
311178
311179
311180
311181
311182
311183
311184
311185
311186
311187
311188
311189
311190
311191
311192
311193
311717
311718
311724
311725
311726
311727
311728
311729
311730
311731
311732
311733
311734
311735
311736
312243
312244
312249
312250
312251
312252
312253
312254
312255
312256
312257
312258
312259
312260
312742
312748
312749
312750
312751
312752
312753
312754
312755
312756
312757
312758
313219
313220
313221
313222
313223
313224
313225
313226
313696
313697
313698
313699
313700
313701
313702
314157
314158
314159
314160
314161
314617
314619
314620
315059
315060
315061
315062
315063
315064
315065
315066
315067
315070
315071
315072
315504
315505
315506
315507
315508
315509
315510
315511
315512
315513
315514
315515
315516
315517
315518
315519
315520
315521
315522
315523
315524
315970
315971
315972
315973
315974
315975
315976
315977
315978
315979
315980
315981
315982
315983
315984
315985
315986
315987
315988
316433
316434
316435
316436
316437
316438
316440
316441
316442
316443
316444
316445
316446
316447
316448
316449
316450
316451
316452
316453
316890
316892
316893
316894
316895
316896
316897
316898
316899
316900
316901
316902
316903
316904
316905
316906
316909
316910
316911
316913
316914
316915
316916
316917
317375
317376
317377
317378
317379
317380
317381
317382
317383
317384
317385
317386
317387
317388
317389
317390
317391
317392
317400
317401
317402
317403
317404
317406
317407
317863
317864
317866
317867
317868
317869
317870
317871
317872
317873
317874
317875
317876
317877
317878
317884
317885
317886
317887
317888
317889
317890
317891
318375
318376
318377
318378
318379
318380
318381
318382
318383
318384
318385
318386
318387
318388
318389
318390
318391
318392
318393
318394
318395
318396
318397
318398
318892
318893
318895
318896
318897
318898
318899
318900
318901
318902
318903
318904
318905
318906
318907
318908
319385
319386
319387
319388
319389
319390
319391
319392
319393
319394
319395
319396
319397
319398
319399
319400
319401
319402
319403
319404
319405
319406
319407
319874
319875
319876
319877
319878
319879
319880
319881
319882
319883
319884
319885
319886
319887
319888
319889
319890
319891
319892
319893
320363
320364
320365
320366
320367
320368
320369
320370
320371
320372
320373
320374
320375
320376
320377
320839
320840
320841
320842
320843
320844
320845
320846
320847
320848
320849
320850
320851
320852
321304
321305
321306
321307
321308
321310
321311
321312
321313
321314
321315
321768
321769
321770
321771
321772
321773
321774
321775
321776
321777
322236
322237
322238
322239
322240
322241
322242
322243
322713
322714
322715
322716
322717
322718
322719
322720
323213
323214
323215
323685
323686
323687
324174
324175
324176
324177
324178
324180
324694
324695
324696
324697
324698
324700
324701
324702
325216
325217
325218
325219
325220
325221
325222
325743
325744
325745
325746
326251
326252
326253
326254
326255
326256
326759
326760
327272
327808
327809