347821
348401
348402
348403
348404
348405
348406
348994
348995
348997
348999
349000
349001
349002
349608
349609
349610
349611
349612
349613
349614
349615
349616
349617
350206
350207
350208
350209
350210
350211
350212
350213
350214
350215
350216
350217
350218
350219
350787
350788
350789
350790
350791
350792
350793
350794
350795
350796
350797
350798
350799
350800
350801
351341
351342
351356
351357
351358
351359
351360
351362
351363
351364
351365
351366
351367
351368
351369
351370
351897
351898
351899
351900
351901
351906
351909
351916
351917
351918
351919
351920
351921
351922
351923
351924
351925
351926
351927
351928
352449
352450
352451
352452
352453
352454
352455
352456
352457
352458
352459
352460
352461
352462
352463
352464
352470
352471
352472
352473
352474
352475
352477
352478
352479
352480
352481
353009
353010
353011
353012
353013
353014
353015
353016
353017
353018
353019
353020
353021
353022
353023
353024
353032
353033
353034
353597
353598
353599
353600
353601
353602
353603
353604
353605
353606
353607
353608
353618
353619
353620
353621
354171
354172
354173
354174
354175
354176
354177
354178
354179
354180
354181
354182
354191
354192
354193
354194
354195
354196
354197
354199
354768
354769
354770
354771
354772
354773
354774
354775
354776
354777
354778
354779
354780
354786
354787
354790
354791
354792
354793
355375
355376
355377
355378
355379
355380
355381
355382
355384
355396
355397
355398
355960
355962
355963
355964
355965
355966
355967
355968
355969
355970
355971
355972
355973
355975
355977
355986
356546
356547
356548
356549
356550
356551
356552
356553
356554
356555
356556
356557
356558
356559
356560
356561
356563
356565
356566
356567
356574
356575
356576
357104
357105
357106
357107
357108
357109
357110
357111
357112
357113
357114
357115
357116
357117
357118
357119
357120
357121
357122
357124
357125
357126
357131
357132
357133
357134
357135
357659
357660
357661
357662
357663
357664
357665
357666
357667
357668
357669
357673
357674
357675
357676
357677
357682
357683
357684
357685
357686
357687
357688
358210
358211
358212
358213
358214
358215
358216
358220
358221
358222
358223
358224
358225
358226
358227
358228
358229
358230
358231
358232
358233
358234
358235
358752
358753
358754
358755
358756
358757
358761
358762
358763
358764
358765
358767
358768
358769
358771
358772
358773
358774
358775
358776
359287
359288
359289
359290
359292
359293
359296
359297
359298
359299
359300
359301
359302
359303
359304
359305
359306
359815
359816
359817
359818
359819
359820
359821
359822
359823
359826
359827
359828
359830
359831
359832
359833
359834
359835
359836
359837
360320
360321
360322
360323
360324
360326
360327
360328
360329
360331
360332
360333
360334
360336
360337
360339
360340
360341
360342
360820
360821
360823
360824
360830
360831
360832
360833
360834
360837
360838
360839
360840
360841
361314
361315
361326
361327
361328
361329
361330
361331
361333
361334
361335
361839
361840
361841
361850
361851
361852
361853
361855
362378
362379
362380
362381
362382
362383
362384
362902
362904
362905
362906
362907
362908
362909
363412
363413
363414
363415
363416
363417
363418
363419
363420
363421
363423
363424
363940
363941
363942
363943
363944
363945
363946
363947
363948
363949
363950
364460
364461
364462
364463
364464
364465
364466
364467
364468
364469
364470
364471
364472
364473
364967
364968
364969
364970
364971
364972
364973
364974
364975
364976
364977
364978
364979
365466
365467
365468
365469
365471
365472
365473
365474
365949
365950
365954
365955
366421