157209
157678
157683
157684
158159
158160
158161
158162
158166
158167
158168
158169
158170
158171
158640
158641
158642
158643
158645
158646
158647
158648
158649
158650
158651
158652
158653
158654
158655
159094
159097
159099
159100
159101
159102
159103
159104
159105
159106
159107
159108
159109
159110
159111
159112
159113
159526
159527
159528
159529
159530
159531
159532
159533
159534
159535
159536
159537
159538
159539
159540
159541
159542
159543
159544
159545
159970
159971
159972
159973
159974
159975
159976
159977
159978
159979
159980
159981
159982
159983
159984
159985
159986
159987
159988
159989
159990
159991
160402
160403
160404
160405
160406
160407
160408
160409
160410
160411
160412
160413
160414
160415
160416
160834
160835
160836
160837
160838
160839
160840
160841
160842
160843
160844
160845
160846
160847
160848
160849
160850
160851
160852
160853
161289
161290
161291
161292
161293
161294
161295
161296
161297
161298
161299
161300
161301
161302
161303
161305
161306
161307
161308
161309
161759
161760
161762
161763
161764
161765
161766
161767
161768
161769
161770
161771
161772
161773
161774
161775
161777
161778
161779
162249
162253
162254
162255
162256
162257
162258
162259
162260
162261
162262
162263
162264
162265
162266
162267
162268
162269
162732
162733
162734
162735
162736
162737
162738
162739
162740
162741
162742
162743
162744
162745
163187
163188
163189
163190
163191
163192
163193
163194
163195
163196
163197
163198
163635
163636
163637
163638
163639
163640
163641
163642
163643
163644
163645
164077
164078
164079
164080
164081
164082
164083
164084
164085
164086
164525
164526
164527
164528
164529
164530
164532
164533
164534
165017
165018
165019
165020
165493
165494
165495
165496
165497
165498
165499
165971
165972
165973
165974
165975
165976
165977
166457
166458
166459
166460
166461
166462
166463
166464
166945
166946
166947
166948
166949
166950
166951
166952
166953
166954
166955
166956
167442
167443
167444
167445
167446
167447
167448
167449
167450
167451
167958
167960
167961
167962
167963
167964
167965
167966
167967
167968
168487
168489
168490
168491
168492
168493
168494
168495
168999
169000
169001
169002
169003
169004
169005
169006
169510
169511
169512
169513
169514
169515
169516
169517
170025
170026
170027
170028
170029
170030
170031
170032
170033
170034
170555
170556
170557
170558
170559
170560
170561
170562
170563
170564
171108
171109
171110
171111
171112
171626
171627
171628
171629
171630
172146
172147
172148
172149
172150
172657
172658
172659
172660
172661
172662
172663
172664
172665
172666
173164
173165
173166
173167
173168
173169
173170
173171
173172
173688
173689
173690
173691
173692
173695
173696
173697
173698
173699
173700
173701
174211
174212
174213
174214
174215
174216
174217
174218
174219
174220
174221
174222
174752
174754
174756
174757
174758
174759
174760
174761
174762
174763
174764
175273
175274
175275
175277
175278
175279
175280
175281
175282
175283
175284
175285
175286
175804
175805
175806
175807
175808
175809
175810
175811
175812
175813
175814
175815
175816
175817
175818
175819
176400
176401
176402
176403
176404
176405
176406
176407
176408
176410
176411
176412
176413
176414
177014
177015
177016
177017
177018
177019
177021
177022
177023
177025
177026
177027
177028
177029
177030
177031
177032
177033
177664
177665
177667
177668
177674
177675
177676
177677
177678
177679
177680
177681
178311
178313
178314
178315
178316
178322
178323
178324
178325
178326
178327
178328
178948
178949
178950
178951
178960
178962
179600
179601