142959
143514
143515
143516
143517
143518
143519
144055
144056
144057
144058
144059
144060
144061
144062
144063
144064
144065
144066
144067
144068
144596
144597
144598
144599
144600
144601
144602
144603
144604
144605
144606
144607
144608
144609
144610
144611
144612
144620
145154
145155
145156
145157
145158
145159
145160
145161
145162
145163
145164
145165
145166
145167
145168
145169
145170
145174
145178
145715
145716
145717
145718
145722
145723
145724
145725
145726
145727
145728
145729
145730
145731
145732
145733
145734
145735
145736
145737
145738
145739
145740
145741
145742
145743
146279
146282
146283
146284
146285
146286
146287
146288
146289
146290
146291
146292
146293
146294
146296
146297
146298
146299
146300
146301
146302
146303
146852
146853
146854
146855
146856
146857
146858
146859
146860
146861
146864
146865
146866
146868
146869
147393
147394
147395
147396
147399
147400
147401
147402
147403
147404
147928
147934
147935
147936
147939
147940
147941
147942
147943
147944
147945
148474
148475
148476
148477
148478
148479
148480
148481
148482
148483
148484
148485
148486
148488
148489
148490
148491
148492
148493
148494
149009
149010
149011
149012
149013
149014
149015
149016
149017
149018
149019
149020
149021
149022
149026
149027
149030
149032
149033
149546
149547
149548
149549
149550
149551
149552
149553
149554
149555
149556
149557
149558
149559
149560
149563
149564
149567
149568
149569
149570
150080
150081
150082
150083
150084
150085
150086
150087
150088
150089
150090
150091
150092
150093
150094
150095
150096
150097
150098
150099
150100
150101
150106
150107
150617
150618
150619
150620
150621
150622
150623
150624
150625
150626
150627
150628
150629
150630
150631
150632
150633
150634
150635
150636
150637
150638
150639
150642
150643
150644
150645
151161
151162
151163
151164
151165
151166
151167
151168
151169
151170
151171
151173
151174
151175
151176
151177
151178
151179
151180
151181
151182
151183
151184
151185
151186
151187
151190
151191
151192
151193
151704
151705
151706
151707
151708
151709
151710
151711
151712
151713
151714
151717
151718
151719
151720
151721
151722
151723
151724
151725
151726
151727
151733
151734
151735
152264
152265
152266
152267
152268
152269
152270
152271
152272
152276
152277
152278
152279
152280
152282
152283
152284
152288
152289
152290
152814
152815
152816
152817
152818
152819
152820
152821
152822
152823
152824
152828
152829
152830
152833
152835
152836
152837
152838
152839
152840
152841
152842
152843
152844
153350
153351
153352
153353
153354
153355
153356
153357
153362
153363
153364
153366
153367
153368
153369
153370
153373
153374
153375
153864
153866
153867
153868
153869
153870
153875
153876
153877
153878
153879
153880
153881
153882
153883
153884
153885
153886
153887
154384
154385
154386
154387
154388
154389
154390
154394
154395
154396
154397
154398
154399
154400
154401
154402
154403
154404
154405
154406
154886
154887
154888
154889
154890
154891
154892
154893
154894
154895
154900
154901
154902
154903
154904
154905
154906
154907
154908
154909
154910
154911
155366
155367
155372
155373
155374
155375
155376
155377
155378
155379
155380
155381
155382
155383
155384
155825
155830
155831
155832
155833
155834
155835
155836
155837
155838
155839
155841
155842
156285
156287
156288
156289
156290
156291
156292
156293
156294
156295
156296
156785
156786
156787
156788
156789
156790
156791
156792
156793
156794
157286
157287
157288
157289
157290
157758
157759
157760
157763
158240
158241
158242
158243
158244
158245
158709
158710
158711