463833
463836
464160
464161
464162
464163
464503
464504
464505
464506
464507
464843
464844
464845
465170
465171
465172
465173
465174
465486
465487
465488
465489
465490
465491
465492
465819
465820
465821
465822
465823
465824
465825
466158
466159
466160
466161
466162
466163
466164
466165
466166
466490
466491
466492
466493
466494
466495
466496
466497
466498
466817
466818
466819
466820
466821
466822
466823
466824
466825
467146
467147
467148
467149
467150
467151
467152
467153
467154
467155
467468
467469
467474
467475
467476
467477
467792
467793
467794
467795
467797
467798
467799
467800
467801
467802
467806
468114
468115
468116
468119
468120
468121
468122
468123
468124
468125
468127
468128
468425
468426
468427
468428
468429
468430
468431
468728
468729
468730
468731
468732
468733
468735
469021
469022
469023
469024
469025
469026
469314
469315
469316
469317
469318
469319
469609
469610
469611
469612
469613
469889
469890
469891
469892
469893
469894
469895
469896
470160
470161
470162
470163
470164
470165
470166
470167
470168
470171
470406
470407
470408
470409
470410
470411
470412
470413
470414
470415
470418
470419
470656
470657
470658
470659
470660
470661
470662
470663
470664
470666
470667
470923
470924
470925
470926
470927
470928
470929
470930
470931
470932
470933
470934
470935
471195
471196
471197
471198
471199
471200
471201
471202
471203
471204
471205
471206
471207
471208
471209
471210
471211
471472
471473
471474
471475
471476
471477
471478
471479
471480
471481
471482
471483
471484
471485
471486
471487
471738
471739
471740
471741
471742
471743
471744
471745
471746
471747
471748
471749
472007
472011
472012
472013
472014
472015
472017
472018
472019
472020
472021
472302
472303
472304
472305
472306
472307
472308
472309
472311
472602
472603
472604
472605
472606
472607
472608
472609
472610
472611
472612
472613
472614
472615
472616
472617
472618
472905
472906
472907
472908
472914
472915
472916
472917
472918
472919
472920
472921
472922
473207
473208
473209
473210
473215
473216
473217
473218
473219
473220
473221
473222
473223
473224
473225
473227
473509
473510
473515
473516
473517
473518
473519
473520
473521
473522
473523
473524
473525
473526
473527
473528
473836
473837
473838
473843
473845
473846
473847
473848
473849
473850
473851
473852
473853
473854
473855
474167
474172
474173
474174
474175
474176
474177
474178
474179
474180
474181
474182
474183
474184
474185
474497
474498
474499
474500
474501
474502
474503
474504
474505
474506
474508
474509
474826
474827
474828
474829
474830
474831
474832
475155
475156
475157
475158
475159
475160
475161
475164
475165
475166
475493
475494
475495
475496
475497
475498
475499
475500
475501
475502
475503
475504
475505
475829
475830
475831
475832
475833
475834
475835
475836
475837
475838
475839
476164
476165
476166
476167
476168
476169
476170
476171
476172
476173
476492
476493
476494
476495
476496
476497
476498
476499
476500
476853
476854
476855
476856
476857
476858
476859
477209
477211
477212
477213
477214
477215
477216
477217
477218
477571
477572
477573
477574
477575
477576
477577
477578
477579
477580
477581
477582
477583
477584
477956
477957
477958
477959
477960
477961
477962
477963
477964
477965
477966
477967
478317
478318
478319
478320
478321
478322
478323
478324
478663
478664
478665
478666
478667
478668
478669
478670
479002
479003
479004
479005
479006
479007
479008
479009
479010
479011
479337
479338
479339
479340
479341
479342
479343
479344
479662
479663
479664
479665
479666
479667
479668
479991
479992
479993
479994