228548
228549
229060
229065
229066
229571
229573
229574
229575
229579
229580
230100
230101
230102
230103
230104
230105
230106
230107
230110
230111
230112
230638
230639
230640
230641
230642
230643
230648
230649
230650
230651
231174
231175
231176
231177
231178
231181
231182
231183
231184
231185
231721
231722
231723
231724
231725
231726
231728
231729
231730
231731
231732
231733
231734
231735
231736
231737
232298
232299
232300
232301
232302
232303
232304
232305
232306
232307
232308
232309
232310
232311
232312
232313
232314
232315
232316
232317
232323
232862
232863
232864
232865
232866
232867
232868
232869
232870
232871
232872
232873
232874
232875
232876
232877
232878
232879
232880
232881
232882
232883
232884
232885
232887
232888
233449
233450
233451
233452
233453
233454
233455
233456
233457
233458
233459
233460
233461
233462
233463
233464
233465
233466
233467
233468
233469
233471
233472
233473
233474
233475
234031
234032
234033
234034
234035
234036
234037
234038
234039
234040
234041
234042
234043
234044
234045
234046
234047
234048
234049
234050
234051
234052
234053
234054
234055
234056
234057
234058
234059
234587
234588
234589
234590
234591
234592
234593
234594
234595
234596
234597
234598
234599
234600
234601
234602
234603
234604
234605
234606
234607
234608
234609
234610
234611
234612
234613
234615
234616
234617
235141
235142
235143
235144
235145
235146
235147
235148
235149
235150
235151
235152
235153
235154
235155
235156
235157
235158
235159
235160
235161
235162
235163
235164
235165
235166
235167
235168
235169
235697
235698
235699
235700
235701
235702
235703
235704
235705
235706
235707
235708
235709
235710
235711
235712
235713
235714
235715
235716
235720
235721
235722
235723
235724
235725
235726
235727
235728
235729
235732
235733
235734
236284
236285
236286
236287
236288
236289
236290
236291
236292
236293
236294
236295
236296
236297
236298
236299
236300
236301
236302
236303
236308
236309
236310
236311
236312
236313
236314
236315
236316
236318
236319
236320
236321
236322
236900
236901
236902
236903
236904
236905
236906
236907
236908
236909
236910
236911
236912
236913
236914
236915
236916
236917
236918
236919
236922
236923
236924
236925
236926
236927
236928
236929
236930
236931
236932
236933
236934
236935
236936
236937
236938
236939
236940
236941
236942
237525
237526
237527
237528
237529
237530
237531
237532
237533
237537
237538
237539
237540
237541
237542
237543
237544
237545
237546
237547
237548
237549
237550
237551
237552
237553
237554
237555
237556
237557
237558
237559
237560
237561
237562
237563
237564
237565
237566
238151
238152
238153
238154
238155
238156
238157
238158
238159
238164
238165
238166
238167
238170
238171
238172
238173
238174
238175
238176
238177
238178
238179
238180
238181
238182
238183
238184
238185
238741
238742
238743
238744
238745
238746
238747
238748
238749
238750
238756
238760
238761
238762
238763
238764
238765
238766
238767
238768
238769
238770
238771
239359
239360
239361
239362
239363
239364
239365
239366
239379
239380
239381
239382
239383
239384
239385
239386
239387
239388
239389
239390
239391
239392
239393
239995
239996
239997
239998
239999
240000
240001
240027
240028
240029
240030
240031
240032
240033
240034
240035
240036
240594
240595
240596
240597
240598
240626
240627
240628
241159
241160
241161
241162
241163
241190
241191
241192
241736
241737
241763
242324
242913
242914
243517
243518
243519
243520
243521
244120
244121
244122
244123
244124
244125
244709
244710
244711
244713
244714
245322
245323
245324
245325