137990
137991
137992
137993
137995
137996
138579
138581
138582
138583
138584
138585
138586
138587
139177
139178
139179
139180
139181
139182
139183
139184
139785
139786
139787
139789
139790
139791
139792
139793
139794
139795
140395
140396
140397
140398
140399
140402
140403
140404
140405
140406
140407
140408
141009
141010
141011
141012
141013
141014
141015
141016
141017
141018
141019
141020
141021
141588
141589
141590
141591
141592
141593
141594
141595
141596
141597
141598
141599
141600
141601
141602
141603
141604
141605
142150
142151
142152
142153
142154
142155
142156
142157
142158
142159
142160
142161
142162
142163
142164
142165
142166
142713
142714
142715
142716
142717
142718
142719
142720
142721
142722
142723
142724
142725
142726
142727
142728
143271
143272
143273
143274
143275
143276
143277
143278
143279
143280
143281
143282
143283
143284
143285
143286
143820
143821
143822
143823
143824
143825
143826
143827
143828
143829
143830
143831
143832
143833
143834
143835
144341
144342
144343
144344
144345
144346
144347
144348
144349
144350
144351
144352
144353
144354
144355
144356
144357
144887
144889
144890
144892
144893
144894
144895
144896
144897
144898
144899
144900
144901
144902
144903
144904
144905
144906
144907
145448
145449
145450
145451
145452
145453
145454
145455
145456
145457
145458
145459
145460
145461
145462
145463
145464
145465
146014
146015
146016
146017
146019
146020
146021
146022
146023
146024
146025
146026
146027
146028
146576
146577
146578
146579
146580
146582
146583
146584
146585
146586
146587
146588
146589
146590
146591
146592
147121
147122
147123
147124
147125
147126
147127
147128
147129
147130
147131
147132
147133
147134
147135
147136
147137
147669
147670
147671
147672
147673
147674
147675
147676
147677
147678
147681
147682
147683
147684
147685
148196
148197
148198
148199
148204
148205
148206
148207
148209
148210
148211
148212
148213
148214
148751
148752
148753
148761
148762
148763
148764
148765
148766
148767
149275
149287
149288
149289
149807
149808
149809
149810
149811
149812
149825
150346
150347
150348
150349
150350
150878
150879
150880
150881
151418
151419
151420
151985
151986
151987
152550
152551
152552
152553
153084
153085
153086
153618
153619
153620
154137
154138
154649
154650
154651
154652
154653
155139
155140
155141
155142
155143
155144
155145
155614
155615
155617
155618
155619
155620
155621
155622
156072
156073
156074
156075
156076
156077
156078
156080
156539
156540
156541
156542
156543
156544
156545
156546
156547
156548
156549
157024
157025
157026
157027
157028
157029
157030
157031
157032
157033
157034
157035
157036
157037
157515
157516
157517
157518
157519
157520
157521
157522
157523
157524
157997
157998
157999
158000
158001
158002
158003
158004
158005
158006
158489
158490
158491
158492
158493
158494
158495
158496
158497
158498
158957
158958
158959
158960
158961
158962
158963
158964
158965
159395
159396
159397
159398
159399
159400
159401
159402
159403
159404
159405
159406
159407
159826
159827
159828
159829
159830
159831
159832
159833
159834
159835
159836
159837
159838
160262
160263
160264
160265
160266
160267
160268
160269
160270
160271
160686
160687
160688
160689
160690
160691
160692
160693
160694
160695
160696
160697
160698
161126
161127
161128
161129
161130
161131
161132
161133
161134
161135
161136
161137
161138
161581
161582
161583
161584
161585
161586
161587
161588
161589
161590
161591
161592
161593
162061
162062
162063
162064
162065
162066
162067
162068
162069
162070
162071
162553
162554
162555
163015