426371
426372
426373
426888
426889
426890
426891
426892
427425
427426
427430
427431
427432
427433
427434
427942
427943
427944
427945
427946
427947
427948
427949
427950
427951
427952
427953
427954
427956
427957
427958
427959
427960
427961
427962
427963
427964
427965
428462
428463
428464
428465
428466
428467
428468
428469
428470
428471
428472
428473
428474
428475
428476
428477
428478
428479
428480
428481
428482
428483
428484
428485
428486
428487
428967
428968
428969
428970
428971
428972
428973
428974
428975
428976
428977
428978
428979
428980
428981
428982
428983
428984
428985
428986
428987
428988
428989
428990
428991
428992
428993
428994
428995
429505
429508
429509
429510
429511
429512
429513
429514
429515
429516
429517
429518
429519
429520
429521
429522
429523
429524
429525
429526
429527
429528
430069
430070
430071
430072
430073
430074
430075
430076
430077
430078
430079
430080
430081
430082
430083
430084
430085
430086
430087
430088
430089
430090
430091
430606
430607
430608
430609
430610
430611
430612
430613
430614
430615
430616
430617
430618
430619
430620
430621
430622
430623
430624
431142
431143
431144
431145
431146
431147
431148
431149
431150
431151
431152
431153
431154
431155
431156
431157
431158
431159
431160
431161
431162
431666
431667
431668
431669
431670
431671
431672
431673
431674
431675
431676
431677
431678
431679
432170
432171
432172
432173
432174
432175
432176
432177
432178
432179
432180
432181
432182
432681
432682
432683
432684
432685
432686
432687
432688
432690
432691
432693
433211
433212
433213
433214
433215
433216
433217
433218
433219
433220
433221
433222
433223
433724
433725
433726
433727
433728
433729
433730
433731
433732
433733
433734
433735
433736
434227
434228
434229
434230
434231
434232
434233
434234
434235
434236
434237
434238
434239
434240
434718
434719
434720
434721
434722
434723
434724
434725
434726
434727
434728
434729
434730
434731
434732
435216
435217
435218
435219
435220
435221
435222
435223
435224
435225
435226
435227
435228
435229
435230
435231
435232
435233
435234
435703
435704
435706
435707
435708
435709
435710
435711
435712
435713
435714
435715
435716
435717
435718
435719
435720
435721
435722
435723
435724
435725
436175
436176
436177
436178
436179
436180
436181
436182
436183
436184
436185
436186
436187
436188
436189
436190
436191
436192
436193
436194
436195
436196
436197
436633
436634
436635
436636
436637
436638
436639
436640
436641
436642
436643
436644
436645
436646
436647
436648
436649
436650
436651
436652
436653
437061
437062
437063
437064
437065
437066
437067
437068
437069
437070
437071
437072
437073
437074
437075
437076
437077
437078
437079
437080
437081
437082
437083
437084
437522
437523
437524
437525
437526
437527
437528
437529
437530
437531
437532
437533
437534
437535
437536
437537
437538
437539
437540
437541
437542
437543
437544
437545
437546
437968
437969
437970
437971
437972
437973
437974
437975
437976
437977
437978
437979
437980
437981
437982
437983
437984
437985
437986
437987
437988
437989
437990
437991
437992
438426
438427
438428
438429
438430
438431
438432
438433
438434
438435
438436
438437
438438
438439
438440
438441
438442
438443
438444
438445
438446
438447
438448
438449
438450
438451
438877
438878
438879
438880
438881
438882
438883
438884
438885
438886
438887
438888
438889
438890
438891
438892
438893
438894
438895
438896
438897
438900
438901
439322
439323
439324
439325
439326
439327
439328
439329
439330
439331
439332
439333
439334
439335
439336
439337
439338
439740
439743
439744
439745