123396
123397
123398
123399
123401
123971
123972
123973
123974
123975
123976
123977
124524
124525
124526
124527
124532
124533
124534
124535
124538
124539
124540
124541
124542
124543
124544
124545
125073
125074
125075
125076
125079
125080
125081
125082
125083
125084
125085
125087
125088
125089
125090
125091
125092
125093
125094
125095
125096
125625
125626
125627
125628
125629
125630
125631
125632
125633
125634
125635
125636
125638
125639
125640
125641
125642
125643
125644
125645
125646
126175
126176
126178
126179
126180
126181
126182
126183
126184
126185
126186
126187
126188
126190
126191
126192
126193
126728
126729
126731
126732
126733
126734
126735
126736
126737
126738
126739
126740
126741
126742
126743
126744
126745
127270
127271
127272
127273
127274
127279
127280
127281
127282
127283
127284
127285
127286
127288
127800
127801
127802
127805
127806
127807
127808
127809
127810
127811
127812
127813
127816
127817
128318
128320
128321
128322
128324
128325
128326
128327
128328
128809
128810
128811
128812
128813
128814
128815
128816
128817
128818
128819
128820
129315
129316
129317
129318
129319
129320
129321
129322
129323
129324
129325
129326
129327
129328
129329
129330
129829
129830
129833
129834
129835
129836
129837
129838
129839
129840
129841
129842
130336
130337
130338
130339
130341
130342
130344
130345
130346
130347
130348
130349
130350
130855
130856
130857
130859
130860
130861
130862
130863
130864
130865
130866
130867
130868
130869
131365
131366
131367
131368
131369
131370
131371
131372
131373
131374
131375
131376
131377
131378
131379
131380
131381
131880
131881
131882
131883
131884
131885
131886
131887
131888
131889
131890
131891
131892
131893
131894
131895
131897
132397
132398
132399
132400
132401
132402
132403
132404
132405
132406
132407
132408
132409
132410
132411
132412
132934
132935
132936
132937
132938
132939
132940
132941
132942
132943
132944
132945
132946
132947
133492
133493
133494
133495
133496
133497
133498
133499
133500
133501
133502
133503
133504
134063
134064
134065
134066
134067
134068
134069
134070
134071
134072
134073
134074
134075
134076
134077
134078
134079
134080
134651
134652
134653
134654
134655
134656
134657
134658
134659
134660
134661
134662
134663
134664
134665
134666
134667
134668
134669
135256
135257
135258
135259
135260
135261
135262
135263
135264
135265
135266
135269
135270
135271
135272
135273
135864
135865
135866
135867
135868
135869
135870
135871
135872
135873
135874
135875
135876
135878
136467
136468
136469
136470
136471
136472
136473
136474
136475
136476
136477
136478
136479
136480
137070
137071
137072
137073
137074
137075
137076
137077
137078
137079
137080
137081
137082
137083
137084
137652
137653
137654
137655
137656
137657
137658
137659
137660
137661
137662
137663
137664
138229
138230
138231
138232
138233
138234
138235
138236
138237
138238
138239
138240
138241
138242
138820
138821
138822
138823
138824
138825
138826
138827
138828
138829
138830
138831
138832
139425
139426
139427
139428
139429
139430
139431
139432
139433
139434
139435
139436
140030
140031
140032
140033
140034
140035
140036
140037
140038
140039
140040
140041
140042
140043
140639
140640
140641
140642
140643
140644
140645
140646
140647
140648
140649
140650
140651
141235
141236
141237
141238
141239
141240
141241
141242
141243
141244
141813
141814
141815
141816
141817
141818
141819
142384
142385
142386
142387
142388
142389
142390
142391
142947
142948
142949
142950
142951
142952
142953
142954
143506
143507
143508
143509
143510
143511
144049