115918
115919
116484
116485
116486
117038
117039
117040
117041
117582
117585
117590
117591
117592
117593
118111
118112
118113
118114
118119
118120
118121
118652
118653
118654
118655
118656
118658
118659
118660
119185
119190
119192
119193
119194
119195
119196
119197
119198
119735
119736
119737
119738
119739
119740
119741
119742
119743
119744
119745
119746
119747
119748
119749
119750
119751
120277
120278
120279
120280
120281
120282
120283
120284
120285
120286
120287
120288
120289
120290
120291
120292
120293
120294
120295
120296
120297
120298
120299
120300
120814
120815
120816
120817
120818
120819
120820
120821
120822
120823
120824
120825
120826
120827
120828
120829
120830
120831
120832
120833
121347
121348
121349
121350
121351
121352
121353
121354
121355
121356
121357
121358
121359
121360
121361
121363
121364
121365
121366
121367
121862
121863
121864
121865
121866
121869
121870
121871
121872
121873
121874
121875
121876
121877
121878
121879
121880
121881
121882
121883
121884
122375
122376
122377
122378
122379
122381
122383
122384
122385
122386
122387
122388
122390
122391
122392
122393
122904
122905
122906
122908
122909
122910
122911
122912
122918
122919
122920
122921
123457
123458
123459
123460
123461
123462
123463
123464
123465
123472
124024
124028
124029
124030
124031
124032
124033
124034
124035
124036
124037
124038
124039
124040
124041
124042
124593
124595
124596
124597
124598
124599
124600
124601
124602
124603
124604
124605
124606
124607
124608
124609
125145
125146
125147
125148
125149
125150
125151
125152
125153
125154
125155
125156
125157
125158
125159
125160
125161
125162
125163
125164
125165
125166
125167
125168
125701
125702
125703
125704
125705
125706
125707
125708
125709
125710
125711
125712
125713
125714
125715
125716
125717
125718
125719
125720
125721
125722
125723
125724
125725
125726
125727
125728
126238
126239
126240
126241
126242
126243
126244
126245
126246
126247
126248
126249
126250
126251
126252
126253
126254
126255
126256
126257
126258
126259
126260
126261
126262
126263
126264
126265
126266
126267
126268
126269
126270
126271
126272
126273
126779
126780
126781
126782
126783
126784
126785
126786
126787
126788
126789
126790
126791
126792
126793
126794
126795
126796
126797
126798
126799
126800
126801
126802
126803
126804
126805
126806
126807
126808
126809
126810
126811
126812
126813
126814
126815
126816
127322
127323
127324
127325
127326
127327
127328
127329
127330
127331
127332
127333
127334
127335
127336
127337
127338
127339
127340
127341
127342
127343
127344
127345
127346
127347
127348
127349
127350
127351
127352
127353
127354
127355
127356
127357
127846
127847
127848
127849
127850
127851
127852
127853
127854
127855
127856
127857
127858
127859
127860
127861
127862
127863
127864
127865
127866
127867
127868
127869
127870
127871
127872
127873
127874
127875
127876
127877
127878
128365
128366
128367
128368
128369
128370
128371
128372
128373
128374
128375
128376
128377
128378
128379
128380
128381
128382
128383
128384
128385
128386
128387
128388
128389
128390
128393
128861
128863
128864
128865
128866
128867
128868
128869
128870
128871
128872
128873
128874
128876
128877
128878
128879
128880
128881
128882
128884
128885
129370
129372
129373
129374
129375
129376
129377
129378
129379
129380
129381
129385
129386
129387
129388
129391
129884
129885
129886
129887
129888
129889
129890
129894
129895
129896
129897
130393
130394
130395
130396
130397
130398
130399
130400
130907
130909
130910
131416
131417
131418
131419
131420
131933
131936