69681
69687
69688
69689
70210
70211
70212
70216
70217
70218
70219
70220
70223
70224
70225
70226
70227
70760
70761
70762
70766
70767
70768
70769
70770
70771
70772
70773
70774
70775
70776
71308
71309
71310
71311
71312
71313
71315
71316
71317
71318
71319
71320
71321
71322
71323
71324
71325
71326
71327
71328
71329
71330
71869
71870
71871
71872
71873
71874
71875
71876
71877
71878
71879
71880
71882
71883
71884
71885
71886
71887
71888
71889
71890
71891
72439
72440
72441
72442
72443
72445
72446
72447
72448
72449
72450
72451
72452
72453
72454
72455
72456
72993
72994
72995
72996
72997
72998
72999
73000
73002
73007
73008
73009
73010
73011
73012
73013
73014
73558
73559
73560
73561
73562
73563
73564
73565
73566
73567
73568
73569
73570
73577
73578
73579
73580
73581
73582
73583
73584
74129
74130
74131
74132
74133
74134
74135
74136
74137
74138
74139
74140
74141
74142
74143
74151
74152
74153
74154
74155
74156
74157
74678
74679
74680
74681
74682
74683
74684
74685
74686
74687
74688
74689
74690
74691
74692
74693
74694
74695
74696
74697
74701
74702
74703
74704
74705
74706
74707
74708
74709
75255
75256
75257
75258
75259
75260
75261
75262
75263
75264
75265
75266
75267
75268
75269
75270
75271
75272
75273
75281
75282
75283
75284
75285
75286
75287
75288
75289
75854
75855
75856
75857
75858
75859
75860
75861
75862
75864
75865
75866
75867
75868
75869
75870
75871
75872
75873
75874
75875
75876
75883
75884
75885
75886
75887
75888
75889
75890
76433
76434
76435
76436
76437
76438
76439
76447
76448
76449
76450
76451
76452
76453
76454
76455
76462
76463
76464
76465
76466
76467
77010
77011
77015
77016
77023
77024
77025
77026
77027
77028
77029
77030
77031
77032
77038
77039
77040
77041
77042
77043
77044
77045
77046
77571
77572
77583
77584
77585
77586
77587
77588
77593
77594
77595
77596
77597
77598
77599
77600
77601
77602
77603
77604
77605
78140
78142
78143
78144
78155
78156
78157
78158
78159
78164
78165
78166
78167
78168
78169
78170
78171
78172
78173
78722
78725
78726
78727
78735
78736
78737
78738
78739
78740
78746
78747
78748
78749
78750
78751
78752
78753
78754
78755
79313
79314
79315
79316
79317
79318
79324
79325
79326
79327
79328
79329
79334
79335
79336
79337
79338
79339
79340
79341
79342
79903
79904
79905
79908
79909
79910
79914
79915
79916
79917
79919
79920
79921
79922
79923
79925
79926
80496
80497
80503
80504
80505
80506
80507
80508
80509
80510
80511
80512
80513
81086
81087
81088
81089
81090
81091
81092
81093
81094
81095
81096
81097
81098
81099
81635
81636
81637
81638
81639
81640
81641
81642
81643
81644
81645
81646
81647
82225
82226
82227
82228
82229
82230
82231
82232
82233
82234
82235
82236
82237
82238
82822
82823
82824
82825
82826
82827
82828
82829
82830
82831
82832
82833
82834
82835
82836
82837
82838
82839
83409
83410
83411
83412
83413
83414
83415
83416
83417
83418
83419
83420
83421
83422
83423
83424
83978
83979
83980
83983
83984
83985
83986
83987
83988
83989
83990
84548
84549
84550
85123
85124
85699
85700
85701
85702
85703
85704
85705
85706
86257
86258
86259
86260
86261
86819