1163
1183
1588
1591
1592
1608
1997
1999
2000
2001
2013
2014
2017
2404
2405
2406
2407
2408
2409
2410
2411
2420
2421
2422
2423
2424
2425
2426
2427
2821
2822
2823
2824
2825
2826
2827
2833
2838
2839
2840
2841
2842
2843
3240
3241
3242
3243
3244
3248
3249
3250
3251
3252
3253
3254
3255
3256
3257
3258
3259
3612
3613
3614
3615
3616
3617
3618
3624
3625
3626
3627
3628
3629
3630
3631
3990
3991
3992
3993
3999
4000
4001
4002
4003
4004
4376
4377
4378
4379
4380
4381
4382
4388
4389
4390
4391
4392
4393
4394
4395
4396
4397
4787
4788
4789
4790
4791
4792
4793
4794
4795
4796
4797
4798
4799
4800
4801
4802
4803
4804
4805
5209
5210
5211
5212
5213
5214
5215
5216
5217
5218
5219
5220
5221
5222
5223
5639
5640
5641
5642
5643
5644
5645
5646
5647
5648
5649
5650
5651
5652
5653
5654
5655
5656
5657
5658
5659
5660
5661
6079
6080
6081
6082
6083
6084
6085
6086
6087
6088
6089
6090
6091
6092
6093
6094
6095
6096
6097
6098
6099
6100
6539
6540
6541
6542
6543
6544
6545
6546
6547
6548
6549
6550
6551
6552
6553
6554
6555
6556
6557
6558
7018
7020
7021
7022
7023
7024
7025
7026
7027
7028
7029
7030
7521
7522
7523
7524
7526
7527
7528
7529
7532
7533
8022
8023
8024
8025
8026
8027
8028
8029
8030
8514
8515
8516
8517
8518
8519
8520
8521
8522
8523
9005
9006
9008
9009
9010
9011
9012
9013
9014
9015
9016
9017
9018
9020
9021
9022
9536
9537
9538
9539
9540
9541
9542
9543
9544
9545
9546
9547
9548
9549
9550
9551
9552
9553
9554
9555
9556
9557
9558
9559
9560
10054
10055
10056
10057
10058
10059
10060
10061
10062
10063
10064
10065
10066
10067
10068
10069
10070
10071
10072
10073
10074
10075
10076
10077
10078
10079
10603
10604
10605
10606
10607
10608
10609
10610
10611
10612
10613
10614
10615
10616
10617
10618
10619
10620
10621
10622
10623
10624
10625
10626
10627
10628
10629
10630
10631
10632
10633
11143
11144
11145
11146
11147
11148
11149
11150
11151
11152
11153
11154
11155
11156
11157
11158
11159
11160
11161
11162
11163
11164
11165
11166
11167
11168
11169
11170
11701
11702
11703
11704
11705
11706
11707
11708
11709
11710
11711
11712
11713
11714
11715
11716
11717
11718
11719
11720
11721
11722
11723
11724
11725
11726
11727
11728
11729
11730
12288
12289
12290
12291
12292
12293
12294
12295
12296
12297
12298
12299
12300
12301
12302
12303
12304
12305
12306
12307
12308
12309
12310
12311
12312
12313
12314
12315
12316
12873
12874
12875
12876
12877
12878
12879
12880
12881
12882
12883
12884
12885
12886
12887
12889
12890
12891
12892
12893
12894
12895
12896
13471
13472
13473
13474
13475
13476
13477
13478
13480
13481
13482
13483
13484
13485
13486
13487
13488
13489
14060
14061
14062
14063
14064
14068
14069
14070
14071
14072
14073
14074
14075
14076
14646
14647
14654
14655
14656
14657
14658
15241
15242
15243
15244
15820
15821
16399
16400
16401
16973
16974