371523
371524
371525
371526
371527
372039
372040
372041
372042
372539
372540
372541
372542
372543
373051
373052
373053
373054
373055
373056
373057
373588
373589
373590
373591
373592
373593
373594
373595
373596
373597
373598
373599
373600
373601
373602
374134
374135
374136
374137
374138
374139
374140
374141
374142
374143
374144
374145
374146
374147
374148
374149
374150
374707
374708
374709
374710
374711
374712
374713
374714
374715
374716
374717
374718
374719
374720
374721
375284
375285
375286
375287
375288
375289
375292
375293
375294
375295
375296
375297
375879
375880
375881
375882
375885
375886
375887
375888
376485
376486
376487
376488
376489
376490
376491
376492
377085
377086
377087
377088
377089
377090
377091
377092
377093
377676
377677
377678
377679
377680
377681
377682
377683
377684
377685
377686
378225
378226
378227
378228
378229
378230
378231
378232
378233
378234
378235
378236
378237
378238
378754
378755
378756
378757
378758
378760
378761
378762
378763
378764
378765
378766
378767
378768
378769
378770
378771
378772
378773
379295
379296
379297
379298
379299
379300
379301
379302
379303
379304
379305
379306
379307
379308
379309
379310
379311
379317
379318
379862
379863
379864
379865
379866
379867
379868
379869
379870
379871
379872
379873
379874
379875
379876
379877
379878
379880
379881
379882
379883
379884
380432
380433
380434
380435
380436
380437
380438
380439
380440
380441
380442
380443
380444
380445
380446
380447
380448
380449
380450
380455
380456
380457
381002
381003
381004
381005
381006
381007
381008
381009
381010
381011
381012
381013
381014
381015
381016
381017
381018
381019
381020
381021
381025
381026
381027
381579
381580
381581
381582
381584
381585
381586
381587
381588
381589
381590
381591
381592
381593
381594
381595
381596
381597
381598
381599
381600
381601
381603
381604
381605
382129
382130
382131
382134
382137
382138
382139
382140
382141
382142
382143
382144
382145
382146
382147
382148
382149
382150
382151
382152
382153
382154
382155
382156
382157
382161
382162
382163
382164
382670
382671
382675
382679
382680
382681
382682
382683
382684
382685
382686
382687
382688
382689
382690
382691
382692
382693
382694
382695
382696
382702
382703
383255
383256
383257
383258
383259
383260
383261
383262
383263
383264
383265
383266
383267
383268
383269
383270
383271
383272
383273
383274
383275
383276
383277
383278
383279
383280
383281
383286
383287
383288
383289
383824
383825
383826
383827
383829
383830
383831
383832
383833
383834
383835
383836
383837
383838
383839
383840
383841
383842
383843
383844
383845
383846
383847
383848
383849
383850
383851
383852
383853
383854
383857
383858
383859
383860
383861
384407
384408
384409
384410
384411
384412
384413
384414
384415
384416
384417
384418
384419
384420
384421
384422
384423
384424
384425
384427
384428
384429
384430
384431
384432
384433
384975
384976
384977
384978
384979
384980
384981
384982
384983
384984
384985
384986
384987
384988
384989
384990
384991
384992
384993
384995
384996
384997
384998
384999
385520
385521
385522
385523
385524
385525
385526
385527
385528
385529
385530
385531
385532
385533
385534
385535
385536
385537
385538
385539
385543
386081
386082
386083
386084
386085
386086
386087
386088
386089
386090
386091
386092
386093
386094
386095
386096
386097
386099
386626
386627
386628
386629
386630
386631
386632
386633
386634
386635
386636
386637
386638
386639
386640
386641
387178
387179
387180
387181
387182
387183
387184
387185
387186
387729
387730
387731
387732
387733
388282
388286
388287