190747
191307
191308
191309
191310
191875
191876
191877
191878
191879
191880
191881
191882
191883
192427
192428
192429
192430
192431
192432
192433
192434
192974
192975
192976
192977
192978
192979
192980
192981
192995
192997
192998
192999
193000
193001
193535
193536
193537
193538
193539
193540
193541
193542
193543
193544
193552
193553
193555
193556
193557
193558
193559
193560
193561
194086
194087
194088
194089
194090
194091
194092
194093
194094
194095
194096
194097
194098
194099
194106
194109
194110
194111
194112
194113
194114
194115
194649
194650
194651
194652
194653
194654
194655
194656
194657
194658
194659
194660
194661
194662
194663
194664
194665
194666
194667
194668
194675
194676
194677
194678
194679
194680
194681
194682
194683
194684
194685
194686
195204
195205
195206
195207
195208
195209
195210
195211
195212
195213
195214
195215
195216
195217
195218
195219
195220
195221
195222
195223
195224
195225
195230
195231
195232
195233
195234
195235
195236
195237
195238
195239
195240
195241
195743
195744
195745
195746
195747
195748
195749
195750
195751
195752
195753
195754
195755
195756
195757
195758
195759
195760
195761
195762
195763
195764
195765
195766
195767
195770
195771
195772
195773
195774
195775
195776
195777
196270
196271
196272
196273
196274
196275
196276
196277
196278
196279
196280
196281
196282
196283
196284
196285
196286
196287
196288
196289
196290
196291
196292
196293
196294
196295
196296
196297
196298
196299
196300
196301
196302
196303
196304
196305
196793
196794
196795
196796
196797
196798
196799
196800
196801
196802
196803
196804
196805
196806
196807
196808
196809
196810
196811
196812
196813
196814
196815
196816
196817
196818
196819
196820
196821
196822
196823
196824
196825
196826
196827
196828
197311
197312
197313
197314
197315
197316
197317
197320
197321
197322
197323
197324
197325
197326
197327
197328
197329
197330
197331
197332
197333
197334
197335
197336
197337
197338
197339
197340
197341
197342
197343
197344
197345
197859
197860
197861
197862
197863
197864
197865
197869
197870
197872
197873
197874
197875
197876
197877
197878
197879
197880
197881
197882
197883
197884
197885
197886
197887
197888
197889
197890
197891
197892
198412
198413
198414
198415
198416
198417
198418
198429
198430
198431
198432
198433
198434
198435
198436
198437
198438
198439
198440
198441
198442
198443
198444
198445
198446
198447
198448
198983
198984
198986
198987
198988
198989
198999
199000
199001
199002
199003
199004
199005
199006
199007
199008
199009
199010
199011
199012
199013
199014
199015
199016
199017
199018
199580
199581
199582
199583
199584
199594
199595
199596
199597
199598
199599
199600
199601
199602
199603
199604
199605
199606
199607
199608
200178
200179
200180
200190
200191
200192
200193
200194
200195
200196
200197
200198
200199
200200
200201
200759
200760
200761
200771
200772
200773
200774
200775
200776
200777
201313
201314
201315
201316
201322
201323
201324
201325
201326
201327
201328
201885
201886
201887
201888
201895
201896
201897
201898
201899
201900
201901
202454
202455
202456
202463
202464
202465
202466
202467
202468
203034
203035
203036
203037
203042
203043
203044
203045
203046
203048
203049
203050
203051
203616
203617
203618
203621
203622
203623
203624
203626
203628
203629
203630
203631
204181
204182
204183
204186
204187
204188
204189
204190
204191
204192
204193
204194
204741
204742
204743
204744
204745
204746
204747
204748
204749
204750
205287
205288
205289
205290
205291
205292
205293
205294
205844
205846
205847
206397
206943