296365
296366
296367
296845
296846
296847
297354
297355
297356
297357
297358
297359
297360
297361
297362
297863
297864
297865
297866
297867
297871
298390
298391
298393
298394
298395
298396
298899
298900
298901
298902
298903
298904
298906
298908
298909
298910
299415
299417
299418
299419
299420
299421
299422
299424
299425
299426
299914
299928
299929
299930
299931
299932
299934
299935
299936
299937
300438
300439
300455
300456
300457
300458
300459
300460
300465
300466
300978
300979
300980
300996
300997
300998
300999
301000
301001
301008
301009
301518
301519
301540
301541
301542
301543
301544
301545
301546
301547
301554
301555
302042
302043
302044
302045
302046
302067
302068
302069
302071
302072
302073
302074
302075
302080
302081
302574
302575
302576
302577
302596
302597
302602
302607
302608
303124
303125
303126
303127
303128
303135
303137
303138
303145
303146
303147
303148
303149
303660
303661
303662
303663
303664
303665
303666
303667
303674
303675
303676
303677
303688
303689
303690
304204
304205
304206
304207
304208
304209
304210
304215
304216
304217
304218
304230
304760
304762
304763
304768
304769
304770
304771
304772
304783
305316
305317
305319
305320
305321
305322
305323
305324
305332
305333
305334
305873
305874
305875
305876
305877
305878
305879
305880
305881
305882
305883
305884
306418
306419
306420
306421
306422
306423
306424
306425
306426
306427
306428
306429
306430
306431
306432
306433
306434
306435
306436
306966
306967
306968
306969
306970
306971
306972
306973
306974
306975
306976
306977
306978
306979
306980
306981
306982
306983
306984
306985
306986
306987
306988
306989
307521
307522
307523
307524
307525
307526
307527
307528
307529
307530
307531
307532
307533
307534
307535
307536
307537
307538
307539
307540
307541
307542
307543
307544
307545
307546
308068
308069
308070
308071
308072
308073
308074
308075
308076
308077
308078
308079
308080
308081
308082
308083
308084
308085
308086
308087
308088
308089
308090
308091
308092
308093
308094
308617
308618
308619
308620
308621
308622
308623
308624
308625
308626
308627
308628
308629
308630
308631
308632
308633
308634
308635
308636
308637
308638
308639
308640
308641
308642
308643
309171
309172
309173
309174
309175
309176
309177
309178
309179
309180
309181
309182
309183
309184
309185
309186
309187
309188
309189
309190
309191
309192
309193
309194
309195
309196
309705
309706
309707
309708
309709
309710
309711
309712
309713
309714
309715
309716
309717
309718
309719
309720
309721
309722
309723
309724
309725
309726
310244
310245
310246
310247
310248
310249
310250
310251
310252
310253
310254
310255
310256
310257
310258
310259
310260
310261
310262
310263
310264
310789
310791
310792
310793
310794
310795
310796
310797
310798
310799
310800
310801
310802
310803
310804
310805
310806
310807
310808
310809
310810
311316
311317
311318
311319
311320
311321
311322
311323
311324
311325
311326
311327
311328
311329
311330
311331
311851
311852
311853
311854
311855
311856
311857
311858
311859
311860
311861
311862
311863
311864
312360
312361
312362
312363
312364
312365
312366
312367
312368
312369
312370
312371
312372
312842
312843
312844
312845
312846
312847
312848
312849
312850
312851
313313
313314
313315
313316
313317
313318
313319
313320
313321
313322
313323
313324
313325
313795
313796
313797
313798
313799
313800
313801
313802
313803
313804
313805
313806
313807
314257
314258
314259
314260
314261
314262
314263
314264
314265
314266
314267
314268
314269
314270
314714
314715
314716
314717
314718
314719
314720
314721