162378
162857
163304
163305
163306
163307
163744
163745
163746
163747
163749
163750
163751
163752
163755
163756
164176
164177
164178
164179
164180
164181
164182
164183
164187
164188
164189
164190
164191
164192
164193
164194
164195
164196
164632
164634
164635
164636
164644
164645
164646
164647
164648
164649
164650
164651
164652
164653
164654
165104
165105
165106
165107
165108
165116
165117
165118
165119
165120
165121
165122
165123
165124
165125
165578
165579
165580
165581
165586
165588
165589
165590
165591
165592
165593
165594
165595
165596
165597
166058
166059
166060
166061
166062
166063
166065
166068
166069
166070
166071
166072
166073
166074
166075
166076
166077
166078
166079
166544
166545
166546
166547
166548
166549
166550
166551
166552
166553
166554
166555
166556
166557
166558
166559
166560
166561
167031
167032
167033
167034
167035
167036
167037
167038
167039
167040
167041
167042
167043
167044
167045
167535
167537
167538
167540
167541
167542
167543
167544
167545
167546
167547
167548
167549
167550
167551
167552
167553
167554
167555
167556
167557
167558
168049
168050
168051
168052
168053
168054
168055
168056
168057
168058
168059
168060
168062
168063
168064
168065
168066
168067
168068
168069
168070
168071
168072
168073
168074
168575
168576
168577
168578
168579
168580
168581
168582
168583
168584
168585
168586
168587
168588
168589
168590
168591
168592
168593
168594
168595
168596
168597
168598
168599
168600
168601
168602
168603
168604
169081
169083
169084
169085
169086
169087
169088
169089
169090
169091
169092
169093
169096
169097
169098
169099
169100
169101
169102
169103
169104
169108
169109
169110
169111
169112
169591
169592
169593
169594
169595
169596
169597
169598
169599
169600
169606
169607
169608
169609
169610
169611
169616
169617
170114
170115
170116
170117
170118
170119
170120
170121
170128
170129
170130
170131
170132
170133
170134
170135
170138
170139
170140
170656
170657
170658
170659
170660
170662
170663
170664
170665
170673
170674
170675
170676
170677
170678
170679
170680
170681
170682
170683
170684
171210
171211
171212
171213
171214
171215
171216
171217
171218
171226
171227
171228
171229
171230
171231
171232
171235
171730
171731
171734
171735
171736
171737
171738
171739
171740
171741
171742
171743
171744
171756
171758
171759
171760
171761
171763
171764
171765
171766
172247
172248
172249
172250
172253
172254
172255
172256
172257
172258
172259
172260
172275
172276
172277
172278
172279
172281
172282
172762
172763
172764
172765
172766
172767
172768
172769
172770
172771
172772
172787
172788
172789
173269
173270
173271
173272
173273
173274
173275
173276
173277
173278
173279
173280
173799
173800
173801
173802
173803
173804
173805
173806
173807
173808
173809
173810
174332
174333
174334
174335
174336
174337
174338
174339
174340
174341
174342
174871
174872
174873
174874
174875
174876
174877
174878
174879
174880
174881
175391
175392
175393
175394
175396
175397
175947
175948
175949
175950
175951
175952
175953
175954
175955
175956
175957
175958
176538
176539
176540
176541
176542
176543
176544
176545
176546
176547
176548
176549
176550
177161
177162
177163
177164
177165
177166
177167
177168
177169
177170
177171
177172
177173
177174
177175
177804
177805
177806
177807
177808
177809
177810
177811
177812
177813
177814
177816
177817
177818
178457
178458
178459
178460
178461
178462
178463
178464
178465
178466
179092
179093
179094
179095
179096
179736
179737
179740
179741
180384
180385
180386
180387
180388
181048
181049
181050
181708
181709
181710