384788
384789
384790
384791
385348
385349
385350
385351
385910
385911
385912
386449
386450
386451
386452
386453
386454
386455
386456
386457
386458
386993
386994
386995
386996
386997
386998
386999
387000
387001
387002
387003
387546
387547
387550
387551
387552
387553
388112
388113
388114
388664
388665
388677
388678
388679
389209
389215
389216
389217
389218
389219
389754
389755
389764
389765
389766
389767
389768
389769
390302
390303
390313
390314
390315
390316
390317
390318
390319
390853
390854
390855
390856
390860
390861
390865
390866
390867
390868
390869
390870
391410
391411
391412
391413
391414
391415
391416
391417
391418
391419
391420
391421
391422
391423
391966
391967
391968
391969
391970
391971
391972
391973
391974
391975
391976
391977
391978
391979
392516
392517
392518
392519
392520
392521
392522
392523
392524
392525
392526
392527
392528
392529
392530
393037
393038
393039
393040
393041
393042
393043
393044
393045
393046
393047
393048
393049
393050
393051
393052
393053
393562
393563
393564
393565
393566
393567
393568
393569
393570
393571
393572
393573
393574
393575
393576
393577
393578
393579
393580
393581
394096
394097
394098
394099
394100
394101
394102
394103
394104
394105
394106
394107
394108
394109
394110
394111
394112
394621
394622
394623
394624
394625
394626
394627
394628
394629
394630
394631
394632
394633
394634
394635
394636
394637
395148
395153
395154
395155
395156
395157
395158
395159
395160
395161
395162
395163
395164
395695
395696
395697
395700
395701
395702
395703
395704
395707
395708
395709
395710
396256
396257
396258
396259
396260
396264
396265
396266
396271
396272
396273
396274
396275
396784
396785
396786
396788
396793
396794
396795
396798
396799
396801
396803
396804
396805
396806
396807
397307
397308
397309
397310
397311
397312
397313
397316
397317
397318
397319
397323
397324
397325
397327
397328
397329
397330
397331
397332
397333
397838
397839
397840
397841
397842
397846
397847
397851
397852
397853
397854
397855
397856
397857
397858
397859
398376
398377
398378
398379
398380
398381
398382
398383
398384
398385
398386
398387
398390
398391
398392
398393
398394
398395
398396
398397
398398
398399
398400
398401
398943
398944
398945
398946
398947
398948
398949
398950
398951
398952
398953
398954
398955
398956
398958
398959
398960
398962
398963
398964
398965
398966
398967
398968
398969
398970
399495
399496
399497
399498
399499
399500
399501
399502
399503
399504
399505
399506
399507
399508
399509
399510
399511
399512
399513
400022
400023
400024
400025
400026
400027
400028
400029
400030
400031
400032
400033
400034
400036
400037
400517
400518
400519
400520
400521
400522
400523
400524
400525
400526
400527
400528
400529
400530
401005
401006
401007
401008
401009
401010
401011
401012
401013
401014
401015
401016
401017
401018
401019
401509
401510
401511
401512
401513
401514
401515
401516
401517
401518
401519
401520
401996
401997
401998
401999
402000
402001
402002
402003
402004
402005
402006
402007
402502
402503
402504
402505
402506
402507
402508
402509
402510
402511
402512
402513
402514
402515
402516
402999
403000
403001
403002
403003
403004
403005
403006
403007
403008
403009
403010
403479
403480
403481
403482
403483
403484
403485
403486
403487
403488
403489
403490
403960
403961
403962
403963
403964
403965
403966
403967
403968
403969
403970
403971
404430
404431
404432
404433
404434
404435
404436
404437
404890
404891
404892
404893
404894
404895
405345
405346
405347
405348
405349
405350
405801
405802
405803
406262
406263
406264
406712