144279
144280
144830
145395
145396
145397
145398
145399
145400
145403
145404
145405
145952
145953
145954
145955
145956
145957
145958
145959
145960
145961
145962
145963
145964
145965
145966
145967
145968
146515
146516
146517
146518
146519
146520
146521
146522
146523
146524
146525
146526
146527
146528
146529
146530
147058
147059
147060
147061
147062
147063
147064
147065
147066
147067
147068
147069
147070
147071
147072
147073
147074
147610
147611
147612
147613
147614
147615
147616
147617
147618
147619
147620
147621
147622
147623
147624
148134
148135
148138
148139
148140
148141
148142
148143
148144
148145
148146
148147
148148
148149
148150
148151
148152
148153
148692
148693
148694
148695
148696
148697
148698
148699
148700
148701
148702
148703
148704
148705
148706
148707
148708
148709
148710
148711
148712
149212
149213
149214
149215
149216
149217
149218
149219
149220
149221
149222
149223
149224
149225
149226
149751
149752
149753
149754
149755
149756
149757
149758
149759
149760
150287
150288
150289
150290
150291
150292
150293
150294
150295
150296
150297
150298
150299
150300
150301
150814
150815
150816
150817
150818
150819
150820
150821
150822
150823
150824
150825
150826
150827
150828
150829
150830
150831
150832
151360
151361
151362
151363
151364
151365
151366
151367
151368
151369
151370
151371
151925
151926
151927
151928
151929
151930
151931
151932
151933
151934
151935
151936
151937
151938
151939
151940
151941
151942
151943
152494
152495
152496
152497
152498
152499
152500
152501
152502
152503
152504
152505
152506
152507
152508
152509
152510
152511
152517
152518
153031
153032
153033
153034
153035
153036
153037
153038
153039
153040
153041
153042
153043
153044
153045
153046
153047
153048
153053
153060
153563
153564
153565
153566
153567
153568
153569
153570
153571
153572
153573
153574
153575
153576
153577
153578
153579
153580
153581
153585
153586
153587
153588
153591
153592
153593
153594
153595
153596
153597
154076
154077
154078
154079
154080
154081
154082
154083
154084
154085
154086
154087
154088
154089
154090
154091
154092
154093
154094
154095
154096
154097
154098
154099
154100
154101
154102
154103
154104
154105
154106
154107
154108
154109
154110
154111
154112
154113
154114
154115
154116
154590
154591
154592
154593
154594
154595
154596
154597
154598
154599
154600
154601
154602
154603
154604
154605
154606
154607
154608
154609
154610
154611
154612
154613
154614
154615
154616
154617
154618
154619
154620
154621
154622
154623
154624
154625
154626
154627
154628
155095
155096
155097
155098
155099
155100
155101
155102
155103
155104
155105
155106
155107
155108
155109
155110
155111
155112
155113
155114
155115
155116
155117
155118
155119
155576
155577
155578
155579
155580
155581
155582
155583
155584
155585
155586
155587
155588
155589
155590
155591
155592
155593
155594
155595
155596
155597
156035
156036
156037
156038
156039
156040
156041
156042
156043
156044
156045
156046
156047
156048
156049
156050
156051
156052
156053
156054
156055
156056
156506
156507
156508
156509
156510
156511
156512
156513
156514
156515
156516
156517
156518
156519
156520
156521
156522
156523
156524
156528
156994
156995
156996
156997
156998
156999
157000
157001
157002
157003
157004
157005
157006
157007
157008
157009
157010
157487
157488
157489
157490
157491
157492
157493
157494
157495
157496
157497
157498
157499
157500
157501
157502
157975
157976
157977
157978
157979
157980
157981
157982
157983
158474
158475
158941
158942
158943
159383
159384
159385
159811
159812
159813
159814
160248