409989
410441
410442
410443
410444
410445
410886
410887
410888
410889
410890
410891
410892
410893
410894
411341
411342
411343
411344
411345
411346
411347
411348
411801
411802
411803
411804
411805
411806
411807
411808
412281
412282
412283
412284
412285
412286
412287
412288
412289
412290
412291
412292
412764
412765
412766
412767
412768
412769
412770
412771
412772
412773
412774
412775
412776
413240
413241
413242
413243
413244
413245
413246
413247
413248
413249
413250
413251
413252
413253
413738
413739
413740
413741
413742
413744
413745
413746
413747
413748
413749
413750
413751
414240
414241
414246
414247
414248
414249
414250
414735
414736
414737
414738
414739
414742
414743
414744
414748
414749
414750
414751
414752
415264
415265
415266
415267
415268
415270
415271
415272
415273
415274
415275
415276
415277
415279
415280
415281
415282
415283
415284
415794
415795
415796
415797
415798
415799
415800
415803
415804
415805
415806
415807
415808
415809
415810
415811
415812
415813
415814
415815
416330
416331
416332
416333
416334
416335
416336
416337
416338
416340
416341
416342
416343
416344
416345
416346
416347
416348
416349
416350
416351
416849
416850
416853
416854
416855
416856
416857
416858
416859
416860
416861
416862
416863
416864
416865
416866
416867
417318
417319
417320
417321
417322
417326
417327
417328
417329
417330
417331
417332
417333
417789
417790
417791
417792
417793
417794
417795
417796
417797
417798
417799
417800
417801
417802
417803
418262
418263
418264
418265
418267
418268
418269
418272
418273
418274
418275
418276
418277
418278
418279
418281
418756
418757
418760
418761
418762
418764
418765
418766
418767
418768
418769
418770
418771
418772
418773
418774
418775
418776
418777
418778
418779
418780
419270
419271
419272
419274
419275
419276
419277
419278
419279
419280
419281
419283
419284
419285
419286
419287
419288
419289
419744
419745
419746
419750
419751
419752
419753
419754
419755
419756
419757
419758
419759
419760
419761
419763
419764
419765
419766
419767
419768
420243
420244
420245
420246
420247
420248
420252
420253
420254
420255
420256
420257
420258
420259
420260
420261
420262
420263
420264
420265
420266
420267
420737
420738
420739
420740
420741
420748
420749
420750
420751
420752
420753
420754
420755
420756
420757
420758
420759
420760
420761
420762
420763
420764
421225
421226
421227
421228
421229
421230
421231
421232
421233
421234
421235
421236
421237
421238
421239
421240
421241
421693
421694
421695
421696
421697
421698
421699
421700
421701
421702
421703
421704
421706
421707
421708
421709
421710
421711
422164
422165
422166
422167
422168
422169
422170
422171
422172
422177
422178
422179
422180
422181
422614
422615
422616
422617
422618
422619
422620
422621
422622
422623
422630
422631
423093
423094
423095
423096
423097
423098
423099
423106
423569
423570
423571
423572
423573
423583
424038
424039
424040
424041
424042
424043
424044
424045
424056
424521
424522
424523
424524
424525
424526
424527
424528
424538
424539
424540
424541
424996
424997
424998
425011
425012
425013
425014
425015
425016
425017
425018
425019
425480
425493
425494
425495
425496
425497
425498
425499
425500
425501
425502
425503
425972
425973
425974
425975
425976
425977
425978
425979
425980
425981
425982
425983
425984
425985
426471
426472
426473
426474
426475
426476
426477
426478
426479
426480
426481
426482
426483
427004
427005
427006
427007
427008
427009
427010
427012
427535
427536
427537
427538
428053
428054
428055
428056
428575
428576
428577
428578
429099
429100
429101
429102