400251
400252
400747
400749
400750
400752
400753
401240
401244
401247
401248
401249
401250
401251
401252
401253
401254
401255
401256
401257
401743
401744
401746
401747
401748
401749
401750
401751
401752
401753
401754
401755
401756
401757
401758
401759
401760
401761
401762
401763
401764
401765
401766
401767
402238
402239
402240
402241
402242
402243
402244
402245
402246
402247
402248
402249
402250
402251
402252
402253
402254
402255
402256
402257
402258
402259
402260
402261
402262
402263
402264
402265
402266
402749
402750
402751
402752
402753
402754
402755
402756
402757
402758
402759
402760
402761
402762
402763
402764
402765
402766
402767
402768
402769
402770
402771
403236
403237
403238
403239
403240
403241
403242
403243
403244
403245
403246
403247
403248
403249
403250
403251
403252
403253
403256
403710
403711
403712
403713
403714
403715
403716
403717
403718
403719
403720
403721
403722
403723
403724
403725
403726
403727
404189
404190
404191
404192
404193
404194
404195
404196
404197
404198
404199
404647
404648
404649
404650
404651
404652
404653
404654
404655
404656
404657
405110
405111
405112
405113
405114
405115
405116
405117
405118
405119
405561
405562
405563
405564
405565
405566
405567
405568
405569
405570
406019
406020
406021
406022
406023
406024
406025
406026
406475
406476
406477
406478
406479
406480
406481
406482
406912
406913
406914
406915
406916
406917
406918
406919
406920
407345
407346
407347
407348
407349
407350
407351
407352
407353
407354
407779
407780
407781
407782
407783
407784
407785
407786
407787
407788
407789
407790
407791
408232
408233
408234
408235
408236
408237
408238
408239
408240
408241
408242
408243
408244
408245
408246
408681
408682
408683
408684
408685
408686
408687
408688
408689
408690
408691
409112
409113
409114
409115
409116
409117
409118
409119
409120
409121
409122
409123
409126
409584
409585
409586
409587
409588
409589
409590
409591
409592
409593
409594
409595
409596
409597
410054
410055
410056
410057
410058
410059
410060
410061
410062
410063
410064
410065
410066
410067
410068
410069
410074
410514
410515
410516
410517
410518
410519
410520
410522
410523
410524
410526
410961
410962
410963
410964
410965
410966
410967
410972
410973
410974
410975
410976
410977
410978
410979
410980
410981
410982
411420
411421
411422
411424
411425
411426
411432
411433
411434
411435
411436
411437
411438
411439
411440
411441
411442
411443
411444
411880
411881
411882
411888
411889
411890
411891
411892
411893
411894
411895
411896
411897
411898
411899
411900
411901
412377
412378
412379
412380
412381
412382
412383
412384
412385
412386
412387
412388
412389
412390
412391
412392
412863
412864
412865
412866
412867
412868
412869
412870
412871
412872
412873
412874
412875
412876
413347
413348
413349
413350
413351
413352
413353
413354
413355
413356
413357
413358
413359
413360
413839
413840
413841
413842
413843
413844
413845
413846
413847
413848
413849
413850
413851
414339
414340
414341
414342
414343
414344
414345
414346
414347
414348
414349
414350
414351
414352
414841
414842
414843
414844
414845
414846
414847
414848
414849
414850
414851
414852
414853
414854
414855
414856
414857
415370
415371
415373
415374
415375
415376
415377
415378
415379
415380
415381
415382
415383
415384
415893
415894
415896
415897
415898
415899
415900
415901
415902
415903
415904
415905
415906
415907
415908
415909
415910
416419
416422
416423
416424
416425
416426
416427
416428
416429
416430
416431
416432
416433
416930
416931
416932
416939
417399
417407
417882
418360
418361
418861