84471
84472
85043
85620
85621
86178
86179
86737
86738
87280
87281
87282
87289
87290
87802
87803
87804
87805
87806
87812
87813
88319
88320
88321
88322
88328
88329
88330
88840
88841
88842
88843
88847
88848
88849
88850
89347
89348
89349
89350
89351
89352
89353
89354
89356
89882
89883
89884
89885
89886
89887
89888
90404
90409
90410
90411
90412
90413
90414
90415
90955
90956
90957
90960
90961
90962
90963
90964
90965
90966
90967
90968
91524
91525
91526
91527
91528
91529
91530
91531
91532
91533
91534
91535
91536
91537
92091
92092
92093
92094
92095
92096
92097
92098
92099
92100
92101
92102
92103
92104
92105
92106
92670
92671
92672
92673
92674
92675
92676
92677
92678
92679
92680
92681
92682
92683
92684
93249
93251
93252
93253
93254
93255
93256
93257
93258
93259
93260
93261
93262
93263
93264
93869
93870
93871
93872
93873
93874
93875
93876
93877
93878
93879
93880
93881
93882
93883
93884
93885
94488
94489
94490
94491
94492
94493
94494
94495
94496
94497
94498
94499
94500
94501
95109
95110
95111
95112
95113
95114
95115
95116
95117
95118
95119
95120
95121
95122
95771
95772
95773
95774
95775
95776
95777
95778
95779
95780
95781
95782
95783
96409
96410
96411
96412
96413
96415
96416
96417
96418
96420
96421
96422
97056
97057
97058
97059
97060
97061
97062
97064
97065
97068
97069
97070
97071
97072
97073
97685
97686
97687
97688
97689
97690
97691
97692
97695
97698
97699
97700
97701
97702
97703
97704
98298
98299
98300
98301
98302
98303
98304
98305
98306
98307
98308
98309
98311
98312
98313
98314
98315
98316
98317
98925
98926
98927
98928
98929
98930
98931
98932
98933
98934
98935
98936
98937
98938
98939
98941
99558
99559
99560
99561
99562
99563
99564
99565
99566
99567
99568
99569
99570
99571
99572
99573
99574
99575
99576
99577
99579
99580
100214
100215
100216
100217
100218
100219
100220
100221
100222
100223
100224
100227
100228
100229
100230
100874
100875
100876
100877
100878
100879
100880
100881
100882
100883
100884
100885
100887
100888
100889
100890
100891
100892
100893
100894
100895
100896
100897
101556
101557
101558
101559
101560
101561
101563
101564
101565
101566
101567
101568
101569
101570
101571
101572
101573
101574
101575
101576
101577
101578
101579
102217
102218
102219
102220
102221
102222
102223
102224
102225
102226
102227
102228
102229
102230
102231
102232
102233
102235
102236
102824
102825
102826
102827
102828
102829
102830
102831
102832
102833
102834
102835
102836
102837
102838
102839
102842
103444
103445
103446
103447
103448
103449
103451
103452
103455
103456
103457
103458
103459
103460
103461
104071
104072
104073
104074
104075
104076
104077
104084
104085
104086
104087
104088
104089
104090
104091
104092
104694
104695
104696
104697
104698
104699
104700
104701
104702
104709
104710
104711
104712
104713
104714
104715
104716
104717
105324
105325
105334
105335
105336
105337
105338
105339
105923
105924
105937
105938
105939
105940
105941
105942
105946
105947
106553
106554
106555
106556
106557
106558
106559
106560
106561
106562
106563
106564
107153
107154
107155
107156
107157
107158
107159
107160
107161
107163
107748
107749
107750
107751
107752
107753
108356
108357
108358
108359
108360
108361
108364
108987
108988
108990
108991
109631
109632
110268
110269
110888
110889
111518