211100
211101
211617
211618
211619
212129
212130
212131
212132
212133
212134
212632
212638
212639
212640
212641
212642
212643
212644
212645
212646
213154
213157
213158
213159
213162
213163
213164
213165
213166
213167
213168
213169
213170
213171
213172
213695
213697
213699
213700
213701
213703
213704
213705
213706
213707
213708
213709
213710
213711
213712
213713
213714
213715
214247
214248
214249
214250
214251
214252
214253
214254
214255
214256
214257
214258
214259
214260
214263
214264
214265
214266
214267
214823
214824
214825
214827
214828
214829
214830
214831
214832
214833
214834
214835
214837
214838
214839
214840
214841
215403
215404
215405
215406
215407
215408
215409
215410
215963
215964
215965
215966
215967
215968
215969
215970
215971
215972
215973
216534
216535
216536
216537
216538
216539
216540
216541
216542
216543
216544
216545
216547
216549
216550
216551
217116
217117
217118
217119
217120
217121
217122
217123
217124
217125
217126
217127
217128
217129
217130
217131
217132
217133
217134
217687
217688
217689
217690
217691
217692
217693
217694
217695
217696
217697
217698
217699
217701
217702
217703
217704
217705
217706
217707
217708
217709
218241
218242
218243
218244
218245
218246
218247
218248
218249
218250
218251
218252
218253
218254
218255
218256
218257
218258
218259
218260
218261
218262
218263
218264
218265
218266
218267
218794
218795
218796
218797
218798
218799
218800
218801
218802
218803
218804
218805
218806
218807
218808
218809
218810
218811
218812
218813
218814
218815
218816
218817
218818
218819
219323
219324
219325
219326
219327
219328
219329
219330
219331
219332
219333
219334
219335
219336
219337
219338
219339
219340
219341
219342
219343
219854
219855
219856
219857
219858
219859
219860
219861
219862
219863
219864
219865
219866
219867
219868
219869
220402
220403
220404
220405
220406
220407
220408
220409
220410
220411
220412
220413
220414
220415
220416
220417
220418
220420
220421
220980
220981
220982
220983
220984
220985
220986
220987
220988
220989
220990
220991
220992
220993
220994
220995
220996
220997
220998
220999
221540
221541
221543
221544
221548
221549
221550
221551
221552
221553
221554
221555
221556
221557
221558
221559
221560
221561
221562
221563
222067
222069
222072
222073
222074
222075
222076
222077
222078
222080
222081
222082
222083
222084
222085
222086
222087
222088
222089
222090
222091
222092
222093
222095
222596
222597
222598
222599
222601
222602
222603
222604
222605
222606
222607
222608
222609
222610
222611
222612
222613
222614
222615
222616
223109
223110
223111
223112
223116
223117
223118
223119
223120
223121
223122
223123
223124
223125
223127
223128
223620
223621
223622
223623
223624
223625
223627
223628
223629
223630
223631
223632
223633
223634
224149
224150
224151
224152
224153
224154
224155
224156
224157
224158
224663
224664
224665
224666
224667
224668
224669
225175
225176
225177
225178
225179
225180
225181
225182
225183
225696
225697
225698
225699
225700
225701
225702
225703
225704
225705
225706
225707
225708
225709
226211
226212
226213
226214
226215
226216
226217
226218
226219
226220
226221
226222
226223
226224
226225
226226
226227
226228
226229
226724
226725
226726
226727
226728
226729
226730
226731
226732
226733
226734
226735
226736
226737
226739
226740
226741
226742
227222
227223
227224
227225
227226
227227
227228
227229
227230
227231
227232
227235
227236
227727
227728
227729
227730
227731
227732
227733
227734
227735
227736
227741
227742
228248
228249
228250
228251
228252
228253
228254
228783
228784