334113
334114
334563
334564
334565
334566
334567
335015
335016
335017
335018
335019
335465
335466
335468
335473
335478
335479
335480
335933
335934
335936
335939
335941
335942
335945
335946
335947
336389
336390
336391
336392
336395
336397
336398
336399
336400
336401
336404
336405
336406
336407
336860
336867
336868
336869
336870
336871
336872
336873
336874
336877
336878
336879
336880
336881
336882
336884
336885
336886
336887
337366
337367
337368
337369
337373
337374
337375
337376
337377
337378
337379
337380
337381
337382
337385
337386
337387
337388
337389
337390
337391
337392
337393
337889
337895
337896
337897
337898
337899
337900
337901
337902
337903
337904
337909
337910
337911
337912
337913
337914
337915
337916
337917
337918
338433
338434
338435
338443
338444
338445
338446
338447
338450
338451
338452
338453
338454
338455
338458
338459
338971
338972
338980
338981
338982
338983
338984
338989
338990
338991
338994
338995
339494
339495
339496
339497
339498
339499
339500
339501
339502
339505
339506
339507
339508
339509
339510
339514
339515
340022
340024
340025
340026
340027
340028
340029
340030
340031
340032
340033
340034
340035
340036
340037
340038
340043
340044
340045
340046
340047
340561
340562
340563
340564
340565
340566
340567
340568
340569
340570
340571
340572
340573
340574
340575
340576
340577
340578
340579
340580
340583
340584
340585
340586
340587
340588
340589
341119
341120
341121
341122
341123
341124
341125
341126
341127
341128
341129
341130
341131
341132
341133
341134
341135
341136
341137
341138
341139
341140
341141
341142
341143
341144
341145
341146
341641
341642
341643
341644
341645
341646
341647
341648
341649
341650
341651
341652
341653
341654
341655
341656
341657
341658
341659
341660
341661
341662
341663
341664
341665
341666
341667
341668
342159
342160
342161
342162
342163
342164
342165
342166
342167
342168
342169
342170
342171
342172
342173
342174
342175
342176
342177
342178
342179
342180
342181
342182
342183
342184
342185
342188
342189
342190
342191
342192
342193
342194
342696
342697
342698
342699
342700
342701
342702
342703
342704
342705
342706
342707
342708
342709
342710
342711
342712
342713
342714
342715
342716
342717
342718
342719
342720
342721
342722
342723
342724
342725
342726
342727
343257
343258
343259
343260
343261
343262
343263
343264
343265
343266
343267
343268
343269
343270
343271
343272
343273
343274
343275
343276
343277
343278
343833
343834
343835
343836
343837
343838
343839
343840
343841
343842
343843
343844
343845
343846
343847
343848
343849
343850
343851
343852
343853
343854
343855
343856
344392
344393
344394
344395
344396
344397
344398
344399
344400
344401
344402
344403
344404
344405
344406
344407
344408
344409
344410
344411
344412
344413
344414
344922
344923
344924
344925
344926
344927
344928
344929
344930
344931
344932
344933
344935
344936
344938
344939
344941
344942
344943
344944
345486
345487
345488
345489
345490
345491
345492
345493
345494
345495
345496
345497
345498
345499
345502
345503
345504
345505
346027
346028
346029
346030
346031
346032
346033
346034
346035
346036
346037
346038
346039
346040
346570
346571
346572
346573
346574
346575
346576
346577
346578
346579
347113
347114
347115
347116
347117
347118
347119
347120
347121
347680
347681
347682
347683
347684
347685
347686
348262
348263
348264
348265
348266
348267
348847
348848
348849
348850
348851
348852
348853
348854
348855
349463
349464
349465
349466
349467
349468
349469
349470
349471
350064
350065
350066
350067
350068
350069
350070
350648
350649