222025
222026
222550
222551
222552
223069
223070
223071
223072
223073
223578
223579
223580
223581
223582
223583
223584
223585
223586
224112
224113
224114
224115
224116
224117
224118
224119
224120
224636
224637
224638
224639
224640
224641
224642
224643
224644
225146
225147
225148
225149
225150
225151
225152
225153
225154
225668
225669
225670
225671
225672
225673
225674
225675
225676
226182
226183
226184
226185
226186
226187
226188
226189
226190
226699
226700
226701
226702
226703
226704
226705
226706
226707
227199
227200
227201
227202
227203
227204
227205
227206
227207
227212
227213
227704
227705
227706
227707
227708
227709
227710
227711
227712
227717
227718
227719
227720
228229
228230
228231
228232
228233
228234
228235
228241
228242
228243
228244
228757
228758
228759
228760
228761
228762
228763
228764
228765
228766
228767
228768
228769
228770
228776
228777
228779
229285
229286
229287
229288
229289
229292
229293
229294
229295
229300
229301
229302
229303
229816
229817
229818
229819
229823
229825
229828
229829
229830
229831
229832
229833
229834
230363
230364
230365
230367
230369
230370
230371
230372
230373
230374
230375
230376
230377
230378
230379
230895
230896
230897
230898
230899
230900
230901
230902
230903
230904
230905
230906
230907
230908
230909
230910
231454
231455
231456
231457
231458
231459
231460
231461
231462
231463
231464
231465
231466
232018
232020
232021
232022
232023
232024
232584
232585
232586
233187
233764
233765
233766
233767
233768
234310
234311
234312
234313
234314
234315
234316
234317
234318
234319
234860
234861
234862
234863
234864
234865
234866
234867
234868
234869
234870
235415
235416
235417
235418
235419
235420
235421
235422
235423
235424
235425
235986
235987
235988
235989
235990
235991
235992
235993
235994
236589
236590
236591
236592
236593
236594
236595
236596
236597
237210
237211
237212
237213
237214
237215
237216
237217
237218
237219
237220
237221
237831
237832
237833
237834
237836
237837
237838
237839
237840
237841
238437
238438
238439
238440
238441
238442
238443
238444
238445
238446
239042
239043
239044
239045
239046
239047
239048
239049
239050
239051
239052
239053
239054
239678
239679
239680
239681
239682
239683
239684
239685
239686
239687
239688
240305
240306
240308
240309
240310
240311
240312
240313
240314
240315
240316
240317
240318
240890
240891
240892
240893
240894
240895
240896
240897
240898
241454
241455
241456
241457
241458
241459
241460
241461
242039
242040
242041
242042
242043
242044
242045
242625
242626
242627
242628
242629
242630
242631
242632
243218
243219
243220
243221
243222
243223
243224
243225
243821
243822
243823
243824
243825
244413
244414
245019
245020
245021
245022
245023
245635
245636
245637
245638
245639
245640
245641
246214
246216
246217
246218
246219
246220
246221
246222
246804
246805
246808
246809
246810
246811
246812
246813
246814
246815
246816
247389
247390
247391
247392
247393
247394
247395
247396
247397
247398
247399
247400
247401
247402
247954
247955
247956
247957
247958
247959
247960
247961
247962
247963
247964
248510
248511
248512
248513
248514
248515
248516
248517
248518
248519
249062
249063
249064
249065
249066
249067
249068
249069
249070
249071
249621
249622
249623
249624
249625
249626
249627
249628
249630
249631
250164
250165
250166
250167
250168
250169
250172
250173
250174
250706
250707
250708
250709
250710
250714
250716
250717
251256
251257
251258
251259
251260
251261
251268
251808
251810
251811
251812
252394
252395
252396
252397
252398
252981
252982
252983
253564
253565