125205
125206
125761
125762
125763
125764
126306
126307
126308
126309
126310
126311
126312
126313
126853
126854
126855
126856
126857
126858
126859
126860
126861
126862
126863
127397
127398
127399
127400
127401
127402
127403
127404
127405
127911
127912
127913
127914
127915
127916
127917
127918
127919
127920
127921
127922
127923
128424
128425
128426
128427
128428
128429
128430
128431
128432
128433
128434
128438
128917
128918
128921
128922
128923
128924
128925
128927
128928
129433
129434
129435
129436
129437
129438
129439
129440
129441
129442
129952
129953
129955
129956
129957
129958
129959
129960
129961
129962
129963
130467
130469
130470
130471
130472
130473
130474
130475
130476
130477
130982
130983
130984
130985
130986
130987
130988
130989
130990
130991
130992
130993
131494
131495
131496
131497
131498
131499
131500
131501
131502
131503
131505
131506
131507
132018
132019
132020
132021
132022
132023
132024
132025
132026
132028
132029
132030
132543
132544
132545
132546
132547
132548
132549
132550
132551
132554
132555
133081
133082
133083
133084
133085
133086
133087
133088
133089
133090
133091
133637
133638
133639
133640
133641
133642
133643
133644
133645
133646
133647
133648
134213
134214
134215
134216
134217
134218
134219
134220
134221
134222
134223
134224
134225
134226
134227
134799
134800
134801
134802
134803
134804
134805
134806
134807
134808
134809
134810
134811
134815
134816
135408
135409
135410
135411
135412
135413
135414
135415
135416
135417
135418
135419
135420
135421
135422
136004
136005
136006
136007
136008
136009
136010
136011
136012
136013
136014
136015
136016
136017
136018
136019
136020
136021
136022
136023
136024
136611
136612
136613
136614
136615
136616
136617
136618
136619
136620
136621
136622
136623
136624
136625
136626
136627
136628
136629
136630
136631
137202
137203
137204
137205
137206
137207
137208
137209
137210
137211
137212
137213
137214
137215
137216
137217
137218
137219
137220
137221
137222
137223
137767
137768
137769
137770
137771
137772
137773
137774
137775
137776
137777
137778
137779
137780
137781
137782
137783
137784
137785
137786
137787
137788
137789
137792
138356
138357
138358
138359
138360
138361
138362
138363
138364
138365
138366
138367
138368
138369
138370
138371
138372
138373
138374
138375
138376
138378
138940
138944
138945
138946
138947
138948
138950
138951
138952
138953
138954
138955
138956
138957
138958
138959
138960
138961
138962
139548
139549
139552
139553
139554
139555
139556
139557
139558
139559
139560
139561
139562
139563
139564
139565
139566
139567
139568
139569
140165
140166
140167
140168
140169
140170
140171
140172
140173
140174
140175
140176
140177
140178
140179
140180
140181
140182
140183
140770
140771
140772
140773
140774
140775
140777
140778
140779
140780
140781
140782
140783
140784
140785
140786
140787
140788
141361
141362
141363
141364
141365
141366
141367
141368
141369
141370
141371
141372
141373
141374
141375
141376
141377
141378
141942
141943
141944
141945
141946
141947
141948
141949
141950
141951
141952
141953
141954
141955
141956
141957
141958
141959
141960
141961
142518
142519
142520
142521
142522
142523
142524
142525
142526
142527
142528
142529
142530
142531
142532
142533
143079
143080
143081
143082
143083
143084
143085
143086
143087
143088
143089
143090
143091
143092
143093
143094
143637
143638
143639
143640
143641
143642
143643
143644
143645
143646
143647
143648
143649
144169
144170
144171
144172
144173
144174
144175
144176
144177
144719
144720
144721
144722
144723
145289
145290