434637
434638
434639
435130
435131
435132
435133
435134
435135
435136
435627
435628
435629
435630
435631
435632
435633
435634
435635
435636
435639
436110
436111
436112
436113
436114
436115
436116
436117
436118
436119
436120
436121
436122
436123
436564
436565
436566
436567
436568
436569
436570
436571
436573
436574
436575
436576
436577
436578
437006
437007
437008
437009
437010
437011
437012
437013
437014
437015
437016
437017
437018
437019
437020
437021
437460
437461
437462
437463
437464
437465
437466
437467
437468
437469
437470
437471
437472
437473
437474
437475
437476
437477
437478
437479
437480
437907
437908
437909
437910
437911
437912
437913
437914
437915
437916
437917
437918
437919
437920
437921
437922
437923
437924
437925
437926
437927
437928
437929
437930
437931
438358
438359
438360
438361
438362
438363
438364
438365
438366
438367
438368
438369
438370
438371
438372
438373
438374
438375
438376
438377
438378
438379
438380
438381
438382
438383
438384
438385
438386
438387
438802
438803
438804
438805
438806
438807
438808
438809
438810
438812
438813
438814
438815
438816
438817
438818
438819
438820
438821
438822
438823
438824
438825
438826
438827
438828
439251
439252
439253
439254
439255
439256
439257
439258
439259
439260
439261
439262
439263
439264
439265
439266
439267
439268
439269
439270
439271
439272
439273
439274
439275
439276
439667
439668
439669
439670
439671
439672
439673
439674
439675
439677
439678
439679
439680
439681
439682
439683
439684
439685
439686
439687
439688
439689
439690
439691
439692
440069
440070
440071
440072
440073
440074
440075
440076
440077
440079
440080
440081
440082
440083
440084
440085
440086
440087
440088
440089
440090
440091
440092
440093
440094
440452
440453
440454
440455
440456
440457
440458
440459
440460
440461
440462
440463
440464
440466
440467
440468
440469
440472
440473
440474
440475
440476
440477
440478
440839
440840
440841
440842
440843
440844
440845
440846
440847
440848
440849
440850
440851
440852
440853
440854
440857
440858
440861
440862
440863
440864
440865
440866
440867
441218
441219
441220
441221
441222
441223
441224
441225
441226
441227
441228
441229
441230
441231
441232
441236
441237
441242
441243
441244
441245
441246
441247
441604
441605
441606
441607
441608
441609
441610
441611
441612
441613
441614
441615
441621
441622
441627
441628
441629
441630
441631
441960
441961
441962
441963
441964
441965
441966
441967
441968
441969
441970
442311
442312
442313
442314
442315
442316
442317
442318
442319
442320
442321
442322
442323
442324
442325
442670
442671
442672
442673
442674
442675
442676
442678
442679
442681
442682
443033
443034
443035
443036
443037
443038
443039
443040
443041
443042
443043
443044
443045
443046
443047
443403
443404
443405
443406
443407
443408
443409
443410
443411
443412
443413
443414
443415
443416
443417
443418
443419
443420
443778
443779
443780
443781
443782
443783
443784
443785
443786
443787
443788
443789
443790
443791
443792
444150
444151
444152
444153
444154
444155
444156
444157
444158
444160
444161
444162
444164
444517
444518
444519
444520
444521
444523
444524
444525
444531
444532
444533
444534
444877
444878
444879
444880
444882
444884
444885
444889
444890
444891
444892
445251
445252
445253
445254
445257
445258
445259
445261
445262
445263
445264
445615
445616
445617
445618
445621
445622
445623
445624
445625
445626
445627
445628
445979
445980
445981
445982
445983
445984
445988
445990
445992
446343
446344
446345
446346
446347
446355
446356
446357
446690
446691
446702
447027
447344