194284
194847
194848
194849
194850
194851
195387
195388
195389
195390
195391
195923
195924
195925
195926
195927
196447
196448
196449
196450
196451
196452
196964
196965
196966
196967
196968
196969
197475
197482
197483
197484
197485
197486
197487
198032
198039
198040
198041
198042
198043
198574
198575
198576
198577
198578
198579
198580
198581
198582
198588
198589
198591
199170
199171
199172
199173
199174
199175
199176
199177
199182
199183
199765
199766
199767
199768
199769
199770
199771
199772
199773
199774
199775
199776
199777
199778
199779
200357
200358
200359
200360
200361
200362
200363
200364
200365
200366
200367
200368
200369
200370
200371
200372
200373
200374
200934
200935
200936
200938
200939
200940
200941
200942
200943
200944
200945
200946
200947
200948
200949
200950
200952
200953
200954
200955
201483
201484
201485
201486
201487
201491
201492
201493
201494
201495
201496
201499
201500
201501
201502
201503
201504
201505
201506
202050
202051
202053
202054
202055
202058
202059
202060
202061
202062
202063
202064
202065
202067
202068
202069
202070
202071
202630
202631
202632
202633
202634
202635
202636
202637
202638
202639
202640
202641
202642
202643
202644
202645
202650
203215
203216
203217
203229
203230
203799
203800
203801
203802
203816
203817
203818
204362
204363
204364
204365
204366
204367
204368
204369
204376
204383
204384
204385
204386
204906
204907
204908
204909
204910
204916
204918
204925
204926
204927
204928
205459
205460
205461
205462
205463
205468
205469
205470
205471
205477
205478
205479
205480
205481
206006
206007
206008
206009
206010
206011
206012
206017
206018
206019
206020
206021
206022
206023
206028
206029
206559
206560
206561
206562
206563
206564
206565
206566
206567
206571
206572
206573
206574
206575
206576
206577
206578
206579
206580
206581
206582
206583
207094
207095
207096
207097
207098
207099
207100
207101
207102
207103
207104
207106
207109
207110
207111
207112
207113
207114
207115
207116
207117
207118
207119
207120
207121
207630
207631
207632
207633
207634
207635
207636
207637
207638
207639
207640
207641
207642
207643
207644
207645
207646
207647
207648
207649
207650
207651
207653
207654
207655
208144
208145
208146
208147
208148
208149
208150
208151
208152
208153
208154
208155
208156
208157
208158
208159
208160
208161
208162
208163
208164
208165
208166
208167
208171
208650
208651
208652
208653
208654
208655
208656
208657
208658
208659
208660
208661
208662
208663
208664
208665
208666
208667
208668
208669
208670
208671
209142
209143
209144
209145
209146
209147
209148
209149
209150
209151
209152
209153
209154
209155
209156
209157
209158
209159
209160
209161
209162
209163
209164
209623
209624
209626
209627
209628
209629
209630
209631
209632
209633
209634
209635
209636
209637
209638
209639
209640
209641
210128
210129
210130
210131
210132
210133
210134
210135
210136
210137
210138
210139
210140
210141
210142
210143
210144
210621
210622
210625
210626
210627
210628
210629
210630
210631
210632
211135
211136
211141
211142
211143
211144
211145
211146
211663
211664
211665
211666
211667
211668
212181
212182
212184
212185
212693
212694
212695
213219
213220
213221
213757
213758
214313
214314
214315
214316
214317
214318
214886
214887
214888
214889
214890
214891
215451
215452
215454
215455
215456
215458
215459
216011
216012
216013
216014
216015
216016
216017
216021
216022
216575
216576
216577
216578
216579
216580
216581
216582
216583
216587
216588
216589
217155
217156
217157
217159
217160
217161
217162
217163
217164
217165
217736