15807
16384
16385
16958
16959
16960
17544
17545
17546
18101
18102
18633
18634
18635
19175
19176
19177
19178
19179
19180
19181
19182
19183
19715
19716
19717
19718
19719
19720
19721
19722
19723
20253
20254
20255
20257
20258
20259
20260
20261
20262
20263
20264
20265
20266
20821
20822
20823
20825
20826
20827
20828
20829
20830
20831
21376
21379
21380
21381
21382
21383
21384
21385
21386
21387
21388
21924
21926
21927
21928
21929
21930
21931
21932
21933
22454
22457
22458
22459
22460
22461
22463
22974
22975
22976
22977
22978
22979
22980
22981
22982
22983
22984
23504
23505
23506
23507
23508
23509
23510
23511
23512
23514
23515
23516
23517
24026
24027
24028
24029
24030
24031
24032
24033
24034
24035
24036
24037
24038
24536
24537
24538
24539
24540
24541
24542
24543
24544
24545
24546
24547
24548
24549
25031
25032
25033
25034
25035
25036
25037
25038
25039
25040
25041
25042
25043
25044
25045
25046
25521
25522
25523
25524
25525
25526
25527
25528
25529
25530
25531
25532
25533
25534
25535
25536
26014
26015
26017
26018
26019
26020
26021
26022
26023
26523
26524
26525
26526
26527
26528
27010
27011
27012
27013
27014
27015
27016
27017
27018
27019
27020
27512
27513
27514
27515
27516
27517
27518
27519
27520
27521
27522
27523
27524
27525
27526
28017
28018
28019
28020
28021
28022
28023
28024
28025
28026
28027
28028
28029
28030
28031
28032
28496
28497
28498
28499
28500
28501
28502
28503
28504
28505
28506
28507
28508
28509
28510
28511
28512
28513
28514
28515
28964
28965
28966
28967
28968
28969
28970
28971
28972
28973
28974
28975
28976
28977
28978
28979
28980
28981
29431
29432
29433
29434
29435
29436
29437
29438
29439
29440
29441
29442
29443
29444
29445
29446
29447
29448
29904
29905
29906
29907
29908
29909
29910
29911
29912
29913
29914
29915
29916
29917
29918
29919
29920
29921
30382
30383
30385
30386
30387
30388
30389
30390
30391
30392
30393
30394
30395
30396
30397
30398
30399
30400
30401
30887
30888
30890
30891
30892
30893
30894
30895
30896
30897
30898
30899
30900
30901
30902
30903
31389
31390
31391
31392
31393
31394
31395
31396
31397
31398
31399
31400
31904
31905
31906
31907
31908
31909
31910
31911
31912
31913
31914
31915
31916
32416
32417
32418
32419
32420
32421
32422
32423
32424
32425
32426
32427
32428
32927
32928
32929
32930
32931
32932
32933
32934
32935
32936
32937
32938
32939
33418
33419
33420
33421
33422
33423
33424
33425
33426
33427
33428
33429
33430
33431
33432
33919
33920
33921
33922
33923
33924
33925
33926
33927
33928
33929
33930
33931
33932
33933
33934
34428
34429
34430
34431
34432
34433
34434
34435
34436
34437
34438
34439
34440
34441
34442
34443
34956
34957
34958
34959
34960
34961
34962
34963
34964
34965
34966
34967
34968
34969
34970
34971
35465
35466
35467
35468
35469
35470
35471
35472
35473
35474
35475
35476
35963
35964
35965
35966
35967
35968
35969
35970
35971
35972
35973
35974
35975
35976
36452
36453
36454
36455
36456
36457
36458
36459
36460
36461
36462
36463
36464
36926
36927
36928
36929
36930
36931
36932
36933
36934
37405
37406
37407
37408
37409
37887
37888