475368
475369
475370
475709
475710
475711
476043
476044
476045
476046
476049
476050
476051
476052
476370
476371
476372
476373
476374
476375
476376
476377
476378
476379
476380
476385
476390
476717
476718
476719
476720
476721
476722
476723
476724
476725
476726
476727
476733
476734
476735
476736
476737
476738
476741
476742
477075
477076
477077
477078
477079
477080
477081
477082
477084
477085
477086
477092
477093
477094
477096
477097
477098
477099
477100
477105
477430
477431
477432
477433
477434
477435
477436
477437
477438
477439
477440
477444
477445
477446
477449
477450
477451
477452
477453
477460
477463
477811
477812
477813
477814
477815
477816
477817
477818
477819
477820
477825
477826
477827
477828
477829
477830
477831
477838
477839
477840
477841
477847
477848
477849
478185
478186
478187
478188
478189
478190
478191
478192
478193
478194
478198
478199
478200
478201
478202
478203
478204
478205
478206
478207
478213
478214
478215
478216
478219
478220
478541
478542
478543
478544
478545
478546
478547
478548
478549
478551
478552
478553
478554
478555
478556
478557
478558
478559
478560
478564
478566
478567
478568
478569
478570
478571
478573
478574
478882
478884
478885
478886
478887
478888
478889
478890
478891
478892
478893
478896
478897
478898
478900
478901
478902
478903
478905
478907
478908
478909
478910
478911
478912
478913
478914
479227
479228
479229
479230
479231
479232
479233
479234
479235
479236
479240
479241
479243
479244
479245
479246
479247
479248
479249
479252
479253
479255
479256
479257
479548
479549
479550
479555
479556
479557
479558
479565
479566
479568
479572
479573
479574
479575
479576
479577
479865
479866
479871
479872
479880
479881
479882
479883
479884
479885
479886
479890
479891
479892
479893
479894
480183
480184
480186
480187
480188
480194
480195
480196
480197
480198
480199
480200
480201
480203
480205
480206
480207
480208
480209
480210
480211
480212
480213
480214
480495
480496
480497
480498
480499
480500
480501
480502
480503
480504
480505
480507
480508
480509
480510
480512
480513
480514
480515
480516
480517
480518
480519
480521
480522
480523
480524
480525
480801
480802
480803
480804
480805
480806
480807
480808
480809
480810
480811
480812
480813
480814
480815
480816
480817
480818
480819
480820
480821
480822
480823
480824
480825
480826
480827
480828
480829
481115
481116
481117
481118
481119
481121
481122
481123
481124
481125
481126
481127
481128
481129
481130
481131
481132
481133
481134
481135
481431
481432
481433
481434
481435
481436
481438
481439
481440
481441
481442
481443
481444
481445
481449
481450
481451
481452
481775
481776
481777
481778
481779
481780
481781
481782
481783
481784
481785
481786
481787
481788
481789
481790
481795
481796
482116
482117
482118
482119
482120
482121
482123
482124
482125
482126
482127
482128
482129
482130
482137
482138
482139
482140
482141
482451
482452
482453
482454
482455
482456
482457
482458
482459
482461
482462
482463
482464
482473
482474
482475
482476
482786
482787
482788
482789
482790
482791
482792
482793
482794
482797
482798
482799
482800
482810
482811
482812
482813
483140
483141
483142
483143
483144
483145
483146
483147
483148
483149
483150
483496
483497
483498
483499
483500
483501
483502
483503
483504
483505
483506
483507
483849
483850
483851
483852
483853
483854
483855
483856
483857
483858
484185
484186
484187
484188
484189
484190
484191
484192
484193
484194
484515
484516
484517
484518
484519
484520
484521
484522
484523
484842
484843
484844
484845
484846
484847
485170
485171
485514
485515