191679
191680
191681
191682
191683
192248
192249
192250
192799
192800
193346
193347
193349
193350
193351
193352
193354
193355
193356
193357
193888
193889
193890
193891
193892
193893
193894
193895
193896
193897
193898
193899
194452
194453
194454
194455
194456
194457
194458
194459
194460
194461
195016
195017
195019
195020
195021
195022
195023
195024
195025
195544
195545
195546
195547
195548
195550
195551
195552
195553
195554
195555
195558
195559
195560
195561
196078
196079
196080
196081
196082
196083
196084
196085
196087
196089
196090
196091
196092
196096
196097
196098
196595
196596
196597
196598
196599
196600
196601
196602
196610
196611
196616
196617
196618
197115
197116
197117
197118
197119
197120
197121
197122
197123
197124
197125
197126
197127
197128
197133
197134
197137
197138
197139
197140
197141
197142
197636
197637
197638
197639
197640
197641
197642
197643
197644
197645
197646
197647
197651
197654
197655
197656
197657
197658
197659
198195
198196
198197
198198
198199
198200
198201
198202
198203
198204
198205
198206
198207
198211
198212
198213
198214
198215
198216
198217
198218
198219
198220
198758
198759
198760
198761
198762
198763
198764
198765
198766
198767
198768
198769
198770
198771
198772
198773
198774
198778
198779
198780
198781
198782
198783
198785
198786
198787
198791
199351
199352
199353
199354
199355
199356
199357
199358
199359
199360
199361
199362
199363
199364
199365
199366
199370
199371
199372
199373
199374
199375
199376
199377
199378
199379
199380
199381
199382
199948
199949
199950
199951
199952
199953
199954
199955
199956
199957
199958
199959
199960
199961
199962
199966
199967
199968
199969
199970
199971
199972
199973
199974
199975
199976
199977
199978
199979
199980
200544
200545
200546
200547
200548
200549
200550
200551
200552
200553
200557
200558
200559
200560
200561
200567
200568
200569
200570
200571
200572
201107
201108
201109
201110
201111
201112
201113
201114
201115
201116
201117
201118
201119
201120
201121
201123
201124
201125
201126
201668
201669
201670
201671
201672
201673
201676
201677
201678
201679
201680
201681
201682
201683
201684
201685
201686
201687
201692
201693
201694
202241
202242
202243
202244
202245
202246
202249
202250
202251
202252
202253
202254
202255
202256
202257
202258
202259
202261
202262
202263
202822
202825
202826
202827
202828
202829
202830
202831
202832
202833
202834
202835
202836
202837
202838
202839
202840
202841
202842
202843
202844
202845
202846
202847
203397
203401
203402
203403
203404
203405
203406
203407
203408
203409
203410
203411
203412
203413
203414
203415
203416
203418
203419
203420
203421
203422
203423
203962
203963
203964
203965
203966
203967
203968
203969
203970
203971
203972
203973
203974
203975
203976
203977
203978
203981
203983
203984
203985
203986
204519
204520
204521
204522
204523
204524
204525
204526
204527
204528
204529
204530
204531
204532
204533
204534
204539
204540
204541
204542
205068
205069
205070
205071
205072
205073
205074
205075
205076
205077
205078
205079
205622
205623
205624
205625
205626
205627
205628
205629
205630
205631
205632
205633
206173
206174
206175
206176
206177
206178
206179
206180
206181
206182
206736
206737
206738
206739
206740
206741
206742
206743
206744
206745
206746
207277
207278
207279
207280
207281
207282
207283
207285
207286
207287
207288
207812
207813
207814
207815
207816
207817
207818
207819
207820
207821
207822
208323
208324
208326
208327
208329
208330
208331
208332
208837
208838
208839
208845
208846
208847
208848
209329
209330
209333