327584
328102
328103
328104
328106
328107
328108
328115
328116
328117
328602
328603
328604
328605
328606
328607
328608
328609
328610
328615
328616
328617
328618
329075
329076
329077
329078
329079
329080
329081
329082
329083
329089
329090
329091
329094
329535
329537
329538
329539
329540
329541
329542
329543
329544
329545
329546
329547
329555
329556
329557
329558
329986
329987
329988
329989
329990
329991
329992
329993
329994
329995
329996
329997
329998
330006
330007
330008
330009
330011
330448
330449
330450
330451
330452
330453
330454
330455
330456
330457
330458
330459
330460
330466
330467
330468
330469
330470
330471
330472
330916
330917
330918
330919
330920
330921
330922
330923
330924
330925
330926
330927
330928
330929
330930
330931
330932
330933
330939
330940
330941
330942
330943
330944
330945
331389
331390
331391
331392
331393
331394
331395
331396
331397
331398
331399
331400
331401
331402
331403
331404
331409
331410
331411
331412
331413
331414
331415
331859
331860
331861
331862
331863
331864
331865
331866
331867
331868
331869
331870
331871
331872
331873
331874
331875
331876
331877
331878
331879
331881
331882
331883
331884
331885
331886
331887
331888
332338
332339
332340
332341
332342
332343
332344
332345
332346
332347
332348
332349
332350
332351
332352
332353
332354
332355
332356
332357
332358
332359
332360
332361
332362
332363
332364
332365
332366
332367
332368
332369
332370
332371
332824
332826
332827
332828
332829
332830
332831
332832
332833
332834
332836
332837
332838
332839
332840
332841
332842
332843
332844
332845
332846
332847
332848
332849
332850
332851
332852
332853
332854
332855
332857
332858
333323
333324
333325
333326
333327
333328
333329
333330
333331
333332
333333
333334
333335
333339
333341
333342
333343
333346
333347
333348
333349
333350
333351
333352
333353
333354
333356
333357
333358
333359
333800
333801
333802
333803
333804
333805
333806
333807
333808
333809
333810
333811
333812
333813
333814
333815
333816
333817
333818
333819
333821
333822
333823
333824
333825
333826
333827
333828
333832
333833
334251
334252
334253
334254
334255
334256
334257
334258
334259
334260
334261
334262
334263
334264
334265
334266
334267
334268
334269
334270
334271
334272
334275
334276
334277
334278
334279
334280
334281
334282
334283
334716
334717
334718
334719
334720
334721
334722
334723
334724
334725
334726
334727
334728
334729
334730
334731
334732
334733
334734
334735
334736
334737
334738
334739
334742
334743
334744
334745
334746
334747
334748
334749
334750
335175
335176
335177
335178
335179
335180
335181
335182
335183
335184
335185
335186
335187
335188
335189
335190
335191
335192
335193
335194
335195
335197
335199
335200
335201
335202
335203
335204
335205
335206
335207
335629
335630
335631
335632
335633
335634
335635
335636
335641
335642
335643
335644
335645
335646
335647
335651
335658
335660
335661
336090
336091
336093
336094
336095
336096
336097
336098
336101
336102
336103
336104
336105
336106
336107
336116
336117
336120
336567
336568
336570
336571
336572
336573
336574
336575
336576
336577
336578
336579
336580
336581
336582
336597
336598
337058
337059
337060
337061
337062
337063
337064
337065
337066
337067
337068
337574
337575
337576
337577
337578
337579
337580
337581
337582
337583
337584
338109
338110
338111
338112
338113
338114
338115
338116
338117
338118
338653
338654
338655
338656
338657
338658
338659
338660
338661
339186
339187
339188
339189
339190
339710
339711
339712
339713
339714
339715
340236
340237
340238
340240
340772
340773