47216
47217
47661
48110
48111
48112
48113
48576
48577
48578
48579
48580
48581
48582
49047
49048
49049
49050
49051
49052
49053
49523
49524
49525
49526
49527
49528
49529
49530
49531
49532
50000
50001
50002
50003
50004
50005
50006
50016
50470
50471
50472
50473
50478
50481
50482
50483
50484
50485
50486
50487
50488
50943
50944
50945
50946
50950
50951
50954
50955
50956
50957
50958
50959
50969
50970
50971
50972
50973
51411
51412
51413
51414
51415
51418
51419
51420
51421
51422
51423
51424
51425
51426
51427
51430
51436
51437
51438
51439
51440
51866
51867
51868
51869
51870
51871
51872
51873
51874
51875
51876
51877
51878
51879
51880
51881
51882
51885
51886
51887
51888
51889
51890
51895
51896
51897
51898
51899
51900
52328
52329
52330
52331
52332
52333
52334
52335
52336
52337
52338
52339
52340
52341
52342
52343
52344
52345
52347
52348
52349
52350
52351
52352
52353
52358
52359
52360
52361
52362
52363
52364
52365
52366
52795
52796
52797
52798
52799
52800
52801
52802
52803
52804
52805
52806
52807
52808
52809
52810
52811
52812
52814
52815
52816
52817
52818
52819
52820
52821
52826
52827
52828
52829
52830
52831
52832
52833
52834
52835
53253
53254
53255
53256
53257
53258
53259
53260
53261
53262
53263
53264
53265
53266
53267
53268
53269
53270
53271
53272
53273
53274
53275
53276
53277
53278
53282
53283
53284
53285
53286
53287
53288
53289
53290
53291
53719
53720
53721
53722
53723
53724
53725
53726
53731
53732
53733
53734
53735
53736
53737
53738
53739
53740
53741
53742
53743
53744
53745
53746
53747
53748
53749
53750
53751
53752
53753
53754
53755
53756
53757
53758
54186
54187
54188
54189
54190
54191
54193
54194
54195
54196
54197
54198
54199
54200
54201
54202
54203
54204
54205
54206
54207
54208
54209
54210
54211
54212
54213
54214
54215
54216
54217
54651
54652
54653
54654
54655
54656
54657
54658
54659
54660
54661
54662
54663
54664
54665
54666
54667
54668
54669
54670
54671
54672
54673
54674
54675
54676
54677
54678
54679
54680
54681
54682
54683
54684
54689
54690
55122
55123
55124
55125
55126
55127
55128
55129
55130
55131
55132
55133
55134
55135
55136
55137
55138
55139
55140
55141
55142
55143
55144
55145
55146
55147
55148
55149
55150
55151
55152
55153
55158
55619
55620
55621
55622
55623
55624
55625
55629
55630
55631
55632
55633
55634
55635
55636
55637
55638
55639
55640
55641
55642
55643
55644
55645
55647
55648
55649
55650
55651
55652
55653
55654
56114
56115
56116
56117
56118
56120
56121
56122
56123
56124
56125
56126
56127
56128
56129
56130
56131
56132
56133
56134
56135
56136
56137
56139
56140
56141
56142
56624
56625
56626
56627
56628
56629
56630
56631
56632
56633
56634
56635
56636
56637
56638
56639
56640
56641
56643
56644
57128
57129
57130
57131
57132
57133
57134
57135
57136
57137
57138
57139
57140
57141
57142
57143
57144
57145
57146
57147
57691
57692
57693
57694
57695
57696
57697
57698
57699
57700
57701
57702
57703
57704
57705
57706
58238
58239
58240
58241
58244
58245
58246
58247
58248
58249
58250
58251
58799
58800
58801
58802
58810
58811
59365
59366
59367
59368
59961
59962