419113
419596
419597
419598
420094
420095
420096
420097
420579
420580
420581
420582
420584
420585
421073
421074
421075
421076
421077
421078
421079
421080
421084
421085
421539
421541
421544
421545
421546
421547
421548
421549
421550
421551
421552
422003
422004
422005
422006
422007
422008
422012
422013
422014
422015
422016
422017
422018
422455
422456
422457
422458
422460
422463
422465
422466
422467
422468
422469
422922
422923
422924
422925
422926
422927
422929
422931
422932
422933
422934
422935
422936
423398
423399
423400
423401
423402
423403
423404
423405
423407
423408
423870
423871
423872
423874
423875
423876
423877
423878
423879
423880
423881
423882
423883
423884
424355
424356
424357
424358
424359
424360
424361
424362
424363
424364
424365
424366
424367
424368
424369
424370
424381
424382
424383
424843
424844
424845
424846
424847
424848
424849
424850
424851
424852
424862
424863
424864
424865
424866
424870
425328
425329
425330
425331
425332
425333
425334
425347
425348
425349
425350
425351
425352
425355
425356
425801
425802
425803
425804
425805
425806
425807
425808
425809
425820
425821
425822
425823
425824
425825
425826
425827
425828
425831
425832
425833
426296
426297
426298
426299
426300
426301
426302
426303
426315
426316
426317
426318
426319
426320
426321
426322
426323
426324
426325
426326
426327
426328
426329
426808
426809
426810
426811
426812
426813
426814
426815
426816
426817
426826
426827
426828
426829
426830
426831
426832
426833
426834
426835
426836
426837
426838
426839
426840
426841
426842
426843
427354
427355
427356
427357
427358
427359
427360
427361
427362
427363
427367
427368
427369
427370
427371
427372
427373
427374
427375
427376
427378
427379
427380
427876
427877
427878
427879
427880
427882
427885
427886
427887
427888
427889
427890
427891
427892
427893
427894
427895
427896
427897
427898
428401
428402
428403
428404
428405
428407
428408
428409
428410
428411
428412
428413
428414
428415
428416
428417
428418
428419
428420
428906
428907
428908
428909
428910
428911
428913
428914
428915
428916
428917
428918
428919
428920
428921
428922
428923
428924
428925
428926
428927
429440
429441
429442
429443
429444
429446
429447
429450
429451
429452
429453
429454
429455
429456
429457
429458
429459
429460
429461
429462
429463
429464
429465
430002
430003
430004
430005
430006
430007
430008
430012
430013
430014
430015
430016
430017
430018
430019
430020
430021
430022
430023
430024
430025
430026
430027
430547
430548
430549
430550
430551
430552
430553
430555
430556
430557
430558
430559
430560
430561
430562
430563
430564
430565
430566
431075
431076
431077
431078
431079
431080
431081
431082
431083
431084
431085
431086
431087
431088
431095
431096
431097
431098
431099
431100
431101
431593
431594
431595
431596
431597
431605
431611
431612
431614
431615
431616
431617
431618
431619
431621
432088
432089
432090
432099
432105
432106
432107
432108
432109
432110
432111
432112
432113
432616
432623
432624
432625
432626
432627
432628
432629
432630
433130
433131
433132
433140
433141
433142
433143
433144
433145
433146
433147
433148
433149
433150
433151
433642
433643
433644
433645
433653
433654
433655
433656
433657
433658
433659
433660
433661
433662
433663
434144
434145
434146
434147
434148
434149
434157
434158
434159
434160
434161
434162
434163
434164
434640
434641
434642
434643
434644
434645
434656
434657
434658
434659
435137
435149
435150
435152
435153
435646
435647
435648
435649
436125
436126
436127
436128
436129
436130
436131
436582
436583
436584
436585
436586
437022