78133
78134
78702
78703
78710
78711
78712
78713
78714
79294
79295
79296
79297
79298
79303
79304
79305
79883
79884
79885
79886
79887
79888
79889
79891
79892
79893
79894
79895
79896
80472
80473
80474
80475
80476
80477
80478
80479
80480
80481
80482
80483
80484
81056
81057
81058
81059
81060
81061
81062
81063
81064
81065
81066
81067
81068
81069
81070
81603
81604
81605
81606
81607
81608
81610
81611
81612
81613
81614
81615
81616
81617
81618
81623
81624
82190
82191
82192
82193
82194
82195
82196
82197
82198
82199
82200
82201
82202
82203
82204
82207
82208
82209
82210
82787
82788
82789
82790
82791
82792
82793
82794
82795
82796
82797
82798
82799
82800
82801
82802
82803
82804
82806
82807
82808
82809
82810
83374
83375
83376
83377
83378
83379
83380
83381
83382
83383
83384
83385
83386
83387
83388
83389
83390
83391
83392
83393
83394
83395
83944
83945
83946
83947
83948
83949
83950
83951
83952
83953
83954
83955
83956
83957
83958
83959
83960
83961
83962
83964
83965
84510
84511
84512
84513
84514
84515
84517
84518
84519
84520
84521
84522
84523
84524
84525
84526
84527
84529
84530
84531
85081
85082
85083
85084
85085
85086
85087
85088
85089
85090
85091
85092
85093
85094
85095
85098
85099
85100
85101
85102
85103
85663
85664
85665
85667
85668
85669
85670
85675
85676
85677
85679
86219
86220
86221
86222
86223
86224
86225
86226
86227
86228
86229
86236
86776
86777
86778
86779
86780
86781
86782
86783
86784
86785
87322
87329
87330
87331
87844
87845
87851
88365
88366
88367
88368
88369
88370
88371
88889
88890
88891
88892
88893
88894
88895
88905
89396
89397
89398
89399
89400
89410
89411
89928
89929
89930
89931
89932
89933
89934
89935
89936
89937
89944
89945
89946
89947
89948
90457
90458
90459
90460
90461
90462
90463
90464
90465
90466
90467
90474
90475
90476
90477
91005
91006
91007
91008
91009
91010
91011
91012
91013
91014
91016
91017
91018
91024
91025
91026
91576
91577
91579
91580
91581
91583
91584
91585
91586
91587
91588
91589
91590
91591
91592
91593
91594
92144
92145
92146
92147
92148
92149
92150
92151
92152
92153
92154
92155
92156
92157
92158
92159
92160
92161
92162
92163
92719
92720
92721
92722
92723
92725
92726
92727
92728
92729
92730
92731
92732
92733
92734
92735
92736
92737
92738
92739
93303
93304
93305
93306
93307
93308
93309
93310
93311
93312
93313
93314
93315
93316
93317
93318
93319
93320
93321
93322
93323
93933
93934
93935
93936
93937
93938
93939
93940
93941
93942
93943
93944
93945
93946
93947
93948
93949
93950
93951
93952
94535
94536
94537
94538
94539
94540
94544
94545
94546
94547
94548
94549
94550
94551
94553
94554
94555
94556
94557
94558
95155
95156
95157
95158
95159
95160
95161
95167
95168
95169
95170
95171
95172
95173
95174
95175
95176
95177
95179
95180
95822
95823
95824
95825
95826
95827
95828
95829
95833
95836
95837
95838
95839
95840
95841
96459
96460
96461
96473
96474
96475
96477
96478
97109
97110
97123
97124
97126
97748
97749
97750
97751
97752
98362
98363
98364
98365
98366
98993
98994
98995
98996
98997
99637
99638
99639
99640
99641
99642
100286
100287
100288
100953