178986
179635
179636
179637
180276
180277
180278
180940
180941
180942
180943
180944
180945
181615
181616
181617
181618
181619
181620
182277
182278
182279
182280
182281
182282
182283
182915
182917
182918
182919
182920
182921
182922
183542
183543
183544
183545
183546
183547
183548
183549
183550
184131
184132
184133
184134
184135
184136
184137
184138
184139
184735
184736
184737
184738
184739
184740
184741
184742
184743
184744
185362
185363
185364
185365
185366
185367
185368
185369
185370
185371
185372
185373
185374
186004
186005
186006
186007
186008
186009
186010
186011
186012
186013
186014
186015
186646
186647
186648
186649
186650
186651
186652
186653
186654
186655
186656
186657
187256
187257
187258
187259
187260
187261
187262
187263
187264
187265
187266
187267
187268
187269
187871
187872
187873
187874
187875
187876
187877
187880
188463
188464
188465
188466
188467
188478
188479
188480
188481
188482
188483
188484
188485
188486
188488
189078
189079
189080
189081
189082
189090
189091
189094
189095
189096
189097
189098
189099
189100
189101
189102
189103
189679
189680
189681
189682
189683
189691
189694
189695
189696
189697
189698
189699
189700
189701
190256
190257
190258
190259
190260
190261
190274
190275
190276
190837
190838
190839
190850
190851
191397
191398
191399
191400
191404
191405
191410
191411
191962
191963
191964
191965
191972
191973
191975
191976
191977
191978
191979
192518
192522
192523
192532
192533
192534
192535
192538
193075
193078
193079
193080
193081
193082
193089
193090
193091
193636
193637
193638
193639
193640
193641
193642
193643
193644
193645
193648
193649
193652
193653
193654
194191
194192
194193
194194
194195
194196
194197
194198
194199
194200
194204
194205
194206
194207
194208
194209
194210
194211
194757
194758
194759
194760
194761
194762
194763
194764
194765
194766
194771
194772
194773
194774
194775
194776
194777
194778
194779
195302
195303
195304
195305
195306
195307
195309
195312
195313
195314
195315
195316
195317
195318
195319
195320
195321
195849
195850
195851
195852
195853
195854
195855
195856
195857
195858
195859
195860
195861
195862
195863
195864
195865
196368
196369
196370
196371
196372
196373
196374
196375
196376
196377
196378
196379
196380
196381
196382
196383
196384
196385
196386
196387
196388
196389
196390
196894
196895
196896
196897
196898
196899
196900
196901
196902
196904
196905
196906
196907
196908
196909
196911
196912
196913
196914
197414
197415
197416
197417
197419
197420
197421
197422
197423
197424
197425
197426
197427
197428
197429
197430
197431
197975
197976
197977
197978
197979
197980
197981
197982
197983
197984
197985
197986
197987
197988
197989
197990
197991
197992
198533
198534
198535
198536
198537
198538
198539
198540
198541
199118
199119
199121
199122
199123
199124
199125
199126
199127
199128
199129
199130
199131
199707
199711
199712
199713
199714
199715
199716
199717
200303
200304
200305
200306
200307
200309
200881
200882
200883
200884
200885
200886
200887
200888
201433
201434
201435
201436
201437
201996
201997
201998
201999
202000
202001
202003
202577
202578
202579
202580
202581
202582
203159
203160
203161
203162
203163
203164
203165
203734
203735
203736
203737
203738
203739
203740
203741
204295
204296
204297
204298
204845
204846
204847
204848
205395
205396
205397
205398
205399
205400
205944
205945
205946
205947
205948
205949
206490
206491
206492
206493
206494
206495
206496
206497
206498
207036
207037
207038
207039
207040
207041
207042
207043
207044
207571
207572
207574
207575
208092
208599