239569
240198
240199
240200
240203
240204
240205
240206
240207
240787
240788
240789
240790
240791
240792
240793
240794
240795
240796
240797
241356
241357
241358
241360
241361
241362
241364
241365
241366
241943
241944
241945
241946
241947
241948
241949
241951
241952
241953
242547
242548
242549
242550
242551
242552
242553
242554
243146
243147
243148
243149
243150
243151
243749
243750
243751
243752
243753
243754
243755
244351
244352
244353
244354
244355
244356
244957
244960
244961
245565
245566
245567
246152
246153
246736
246737
246738
246739
247313
247314
247315
247316
247317
247318
247319
247886
247887
247888
247889
248443
248444
248445
248446
248998
248999
249000
249001
249002
249550
249551
249552
249553
249554
249555
250090
250091
250092
250097
250098
250099
250100
250101
250102
250103
250104
250105
250627
250628
250629
250630
250631
250632
250635
250636
250637
250638
250639
250640
250641
250642
250643
250644
250645
250646
250647
251179
251180
251181
251182
251184
251185
251186
251187
251188
251189
251190
251191
251192
251193
251194
251195
251196
251197
251726
251727
251728
251729
251730
251731
251732
251733
251734
251735
251736
251737
251738
251739
251740
251741
251742
251743
251744
251745
251746
251747
251748
251749
251750
251751
251752
252304
252305
252306
252307
252308
252309
252310
252311
252312
252313
252314
252315
252316
252317
252318
252319
252320
252321
252322
252323
252324
252325
252326
252327
252328
252329
252330
252331
252332
252893
252894
252895
252896
252897
252898
252899
252900
252901
252902
252903
252904
252905
252906
252907
252908
252909
252910
252911
252912
252913
252914
252915
252916
252917
253473
253474
253475
253476
253477
253478
253479
253480
253481
253482
253483
253484
253485
253486
253487
253488
253489
253490
253491
253492
253493
253494
254048
254049
254050
254051
254052
254053
254054
254055
254056
254057
254058
254059
254060
254061
254062
254063
254064
254065
254066
254648
254649
254650
254651
254652
254653
254654
254655
254656
254657
254658
254659
254660
254661
254662
254663
254664
254665
254666
254667
254668
255264
255266
255267
255268
255269
255270
255271
255272
255273
255274
255275
255276
255277
255278
255279
255280
255281
255282
255283
255284
255285
255866
255867
255869
255870
255871
255872
255873
255874
255875
255876
255877
255878
255879
255880
255881
255882
255883
255884
255885
255886
256486
256487
256489
256490
256491
256492
256493
256494
256495
256496
256497
256498
256499
256500
256501
256502
256503
256504
256505
256506
256507
256508
256509
256510
257101
257102
257103
257105
257106
257107
257108
257109
257110
257111
257112
257113
257114
257115
257116
257117
257118
257119
257120
257121
257122
257123
257124
257125
257126
257722
257723
257724
257725
257726
257727
257728
257729
257730
257731
257732
257733
257734
257735
257736
257737
257738
257739
257740
257741
257742
257743
257744
257745
257746
257747
258326
258327
258328
258329
258330
258331
258332
258333
258334
258335
258336
258337
258338
258339
258340
258341
258342
258343
258344
258345
258346
258347
258348
258349
258350
258351
258352
258945
258946
258947
258948
258949
258950
258951
258952
258953
258958
258959
258960
258961
258962
258963
258964
258965
258966
258967
258968
258969
259590
259591
259592
259593
259594
259595
259596
259603
259604
259605
259606
259607
259608
259609
259610
259611
259612
260238
260239
260240
260241
260242
260243
260244
260249
260250
260251
260252
260253
260254
260874
260875
260876
260877
260878
260879
260880
260884
260885
261498