97626
97627
97628
98227
98228
98229
98230
98231
98232
98233
98838
98839
98840
98841
98842
98843
98844
98846
99449
99450
99452
99453
99454
99455
99456
99457
99458
99467
99468
99469
99470
99471
100098
100102
100103
100104
100105
100106
100107
100108
100111
100118
100119
100120
100121
100122
100123
100748
100749
100751
100752
100753
100754
100755
100756
100757
100762
100763
100764
100765
100766
100767
100768
100769
100770
100771
100772
100773
100774
100775
101424
101425
101426
101427
101428
101429
101430
101431
101432
101433
101434
101435
101436
101437
101438
101439
101440
101441
101442
101443
101444
101445
101446
101447
101448
101449
101450
101451
101452
101453
101454
102088
102089
102090
102091
102092
102093
102094
102095
102096
102097
102098
102099
102100
102101
102102
102103
102104
102105
102106
102107
102108
102109
102110
102111
102112
102113
102114
102115
102116
102117
102118
102119
102120
102703
102704
102705
102706
102707
102708
102709
102710
102711
102712
102713
102714
102715
102716
102717
102718
102719
102720
102721
102722
102723
102724
102725
102726
103329
103330
103331
103332
103333
103334
103335
103336
103337
103338
103339
103340
103341
103342
103343
103346
103347
103348
103349
103350
103351
103956
103957
103958
103959
103960
103961
103962
103963
103964
103965
103966
103967
103968
103969
103970
103971
103972
103973
103974
103975
103976
103977
104579
104580
104581
104582
104583
104584
104585
104586
104587
104588
104589
104590
104591
104592
104593
104594
104595
104596
104597
104598
104599
104600
104601
104602
104603
104604
105206
105207
105208
105209
105210
105211
105212
105213
105215
105216
105217
105218
105219
105220
105221
105222
105223
105224
105225
105226
105227
105228
105229
105230
105231
105232
105233
105814
105815
105816
105817
105818
105823
105824
105825
105826
105827
105828
105829
105830
105831
105832
105833
105834
105835
105836
105837
106427
106429
106430
106431
106437
106438
106439
106440
106441
106442
106443
106444
106445
106446
106447
106448
106449
107033
107034
107035
107041
107042
107043
107044
107045
107046
107047
107048
107049
107050
107051
107052
107053
107054
107632
107633
107634
107640
107641
107642
107643
107644
107645
107646
107647
107648
107649
107650
108235
108236
108237
108246
108247
108248
108249
108250
108251
108252
108253
108254
108255
108861
108862
108863
108864
108874
108875
108876
108877
108878
108879
108880
108881
108882
108883
109512
109513
109514
109526
109527
109528
109529
109530
109531
109532
110154
110155
110159
110166
110167
110168
110169
110773
110774
110777
110778
110779
110783
110784
110785
110786
111410
111411
111412
111414
111415
111416
111417
111421
111422
111423
111424
111425
111426
111999
112000
112001
112002
112003
112004
112005
112006
112013
112014
112015
112016
112605
112606
112607
112608
112609
112610
112611
112612
112613
113194
113195
113196
113197
113198
113199
113200
113201
113202
113203
113204
113205
113770
113771
113772
113773
113774
113775
113776
113777
113778
113779
114333
114334
114335
114336
114337
114338
114339
114340
114882
114883
114884
114885
114886
114887
114888
114889
114890
115439
115440
115441
115442
115443
115444
115445
115446
115985
115986
115987
115988
115989
115990
115991
115992
115994
115995
115996
116544
116545
116546
116547
116548
116549
116550
116551
116552
116553
117100
117101
117102
117103
117104
117644
117645
118181
118182
118183
118714
118715
118716
118717
118718
119255
119256
119257
119258
119259
119805
119806
119807