181428
181429
181430
181431
182094
182095
182096
182097
182098
182099
182736
182737
182738
182739
182740
182741
182742
183370
183371
183372
183373
183374
183375
183376
183377
183378
183379
183380
183958
183959
183960
183961
183962
183963
183964
183965
183966
183967
183968
184557
184558
184559
184560
184561
184562
184563
184564
184565
184566
184567
185178
185179
185180
185181
185182
185183
185184
185185
185186
185187
185188
185189
185190
185191
185192
185193
185827
185828
185829
185830
185831
185832
185833
185834
185835
185836
185837
185838
185839
185840
185841
185842
185843
186473
186474
186475
186476
186477
186478
186479
186480
186481
186482
186483
186484
186485
186486
186487
186488
186489
186490
187110
187111
187112
187113
187114
187115
187116
187117
187118
187119
187120
187123
187124
187125
187126
187127
187723
187724
187725
187726
187727
187728
187729
187730
187731
187732
187733
187734
187737
187738
187739
187740
187741
187742
188334
188335
188336
188337
188338
188339
188340
188341
188342
188343
188344
188345
188346
188347
188348
188349
188350
188351
188352
188353
188944
188945
188946
188947
188948
188949
188950
188951
188952
188954
188955
188956
188957
188958
188959
188960
188961
189554
189558
189559
189560
189561
189562
189563
189564
189567
189569
189570
189571
190145
190146
190147
190148
190151
190156
190157
190158
190159
190727
190728
190729
190730
190732
190733
190740
191285
191286
191287
191288
191289
191290
191291
191296
191297
191298
191299
191853
191854
191855
191856
191857
191858
191859
191860
191865
191866
191867
191868
192408
192409
192410
192411
192414
192416
192418
192419
192420
192421
192422
192423
192959
192960
192961
192962
192963
192964
192965
192966
192967
192968
192970
192971
192972
192973
193517
193518
193519
193520
193521
193522
193523
193524
193525
193526
193527
193528
193529
193530
193531
193532
193533
193534
194065
194066
194067
194068
194069
194070
194071
194072
194073
194074
194075
194076
194077
194078
194079
194080
194081
194082
194083
194084
194085
194629
194630
194631
194632
194633
194634
194635
194636
194637
194638
194639
194640
194641
194642
194643
194644
194645
194646
194647
194648
195186
195187
195188
195189
195190
195191
195192
195193
195194
195195
195196
195197
195198
195199
195200
195201
195202
195203
195723
195724
195725
195726
195727
195728
195729
195730
195731
195732
195733
195734
195735
195736
195737
195738
195739
195740
195741
195742
196249
196250
196251
196252
196253
196254
196255
196256
196260
196261
196262
196263
196264
196265
196266
196267
196776
196777
196778
196779
196780
196781
196785
196787
196788
196789
197290
197291
197292
197293
197294
197295
197305
197306
197836
197837
197838
197839
197840
197841
197842
197843
197844
198384
198385
198386
198387
198388
198389
198390
198391
198392
198393
198958
198959
198960
198961
198962
198963
198964
199547
199548
199549
199550
199551
200141
200142
200143
200144
200145
200146
200147
200725
200726
200727
200728
200729
200730
200731
200732
201274
201275
201276
201277
201278
201279
201280
201281
201844
201845
201846
201847
201848
201849
201850
201851
201852
201853
202415
202416
202417
202418
202419
202420
202421
202422
202423
202997
202999
203000
203001
203002
203003
203578
203579
203580
203581
203582
203583
203584
203585
203586
204140
204141
204143
204144
204145
204146
204149
204150
204151
204152
204695
204696
204697
204698
204699
204700
204701
204702
204703
204704
205244
205245
205246
205247
205249
205796
205797
205798
205799
206346
206347
206348