389038
389039
389040
389579
389580
389581
389582
389583
389584
389587
389588
390117
390118
390119
390120
390121
390122
390123
390124
390125
390126
390128
390129
390131
390132
390673
390677
390678
390679
390680
390681
390683
390684
390685
390686
390687
390688
390689
390690
390691
390692
390693
390694
391222
391223
391224
391225
391226
391227
391228
391229
391230
391231
391232
391233
391234
391235
391236
391237
391239
391240
391241
391242
391781
391782
391783
391784
391785
391786
391787
391788
391789
391790
391791
391792
391793
391794
391795
391796
391798
391799
391800
391801
391802
392328
392329
392330
392331
392332
392333
392334
392335
392336
392337
392338
392339
392340
392341
392343
392344
392345
392346
392347
392877
392878
392879
392884
392885
392886
392887
392888
392889
392890
392891
392892
393408
393409
393410
393411
393412
393413
393417
393418
393419
393420
393421
393942
393943
393944
393945
393946
393951
393952
393953
393954
393955
394466
394467
394468
394469
394470
394476
394477
394478
394479
394998
394999
395000
395001
395002
395003
395004
395007
395008
395009
395546
395547
395548
396102
396103
396106
396107
396108
396109
396636
396637
396638
396639
396640
396645
396646
396647
396648
396649
396650
396651
396652
396653
396654
397162
397164
397165
397167
397168
397169
397170
397171
397172
397173
397174
397175
397176
397177
397178
397684
397686
397687
397688
397689
397690
397691
397692
397693
397694
397695
398221
398222
398223
398224
398225
398226
398227
398228
398231
398232
398233
398234
398235
398236
398237
398238
398774
398776
398777
398778
398779
398780
398781
398787
398788
398789
398790
398792
399325
399326
399327
399329
399330
399331
399332
399333
399334
399339
399340
399341
399854
399856
399857
399858
399859
399860
399861
399862
399863
399864
399865
399869
399870
399871
399872
399873
399874
399875
400360
400361
400362
400363
400364
400365
400366
400367
400368
400369
400371
400372
400373
400374
400375
400376
400377
400859
400860
400861
400862
400863
400864
400865
400866
400867
400868
400869
400870
400871
400872
400873
401359
401360
401361
401362
401363
401364
401365
401367
401368
401369
401370
401371
401372
401373
401374
401375
401376
401377
401378
401856
401857
401858
401859
401860
401861
401862
401863
401864
401865
401866
401867
401868
401869
401870
401871
401872
401873
401874
401875
402358
402359
402360
402361
402362
402363
402364
402365
402366
402367
402368
402369
402370
402371
402372
402373
402374
402375
402376
402377
402868
402869
402870
402871
402872
402873
402874
402875
402876
402877
402878
402879
402882
402883
402884
402885
402886
402887
402888
403351
403352
403353
403354
403355
403356
403357
403358
403359
403360
403365
403366
403367
403368
403827
403828
403830
403831
403832
403833
403834
403835
403836
403837
403838
403842
403843
403844
403845
403846
403847
404298
404299
404303
404304
404305
404309
404310
404311
404312
404313
404314
404315
404316
404318
404319
404320
404321
404760
404761
404766
404767
404768
404770
404771
404772
404773
404774
404775
404778
404779
404780
404781
405219
405220
405226
405227
405228
405230
405231
405232
405233
405235
405236
405237
405238
405667
405668
405669
405670
405677
405679
405681
405682
405683
405684
405685
405686
405687
406135
406136
406137
406140
406141
406142
406143
406144
406145
406146
406589
406590
406591
406595
406596
406597
406598
406599
406600
407031
407032
407033
407042
407043
407044
407045
407474
407483
407484
407905
407906
408359
408360
408361
408362
408808
408809
408810