75204
75205
75206
75804
75805
75806
75807
76384
76385
76386
76387
76388
76959
76960
76961
76962
76963
76964
77515
77516
77517
77518
77519
77520
77521
78092
78093
78094
78095
78096
78097
78669
78670
78671
78672
78673
78674
78675
78679
78680
79265
79266
79267
79268
79269
79270
79271
79272
79273
79274
79852
79853
79854
79855
79856
79857
79858
79859
79860
79861
79862
79863
79864
80444
80445
80446
80447
80448
80449
80450
80451
80452
80453
80454
80455
80456
80457
81031
81032
81033
81034
81035
81036
81037
81038
81039
81040
81041
81587
81588
81589
81590
81591
81592
81593
81594
82161
82162
82163
82164
82165
82166
82167
82168
82169
82170
82171
82172
82173
82174
82175
82176
82177
82752
82753
82754
82755
82756
82757
82758
82759
82760
82761
82762
82763
82764
82765
82766
82767
82768
82769
82770
82771
82772
82773
82774
83340
83341
83342
83343
83344
83345
83346
83347
83348
83349
83350
83351
83352
83353
83354
83355
83356
83357
83358
83359
83360
83361
83362
83363
83909
83910
83911
83912
83913
83914
83915
83916
83917
83918
83919
83920
83921
83922
83923
83924
83925
83926
83927
83928
83929
83930
83933
83934
84476
84477
84478
84479
84480
84481
84482
84483
84488
84489
84490
84491
84492
84493
84494
84495
84496
84499
84500
85049
85050
85051
85052
85053
85054
85055
85059
85060
85061
85062
85063
85064
85065
85066
85069
85070
85628
85629
85630
85631
85632
85633
85634
85635
85639
85640
85641
85642
85643
85644
85645
85646
85647
85648
85649
85650
85651
85652
85653
86186
86187
86188
86189
86190
86191
86192
86193
86194
86195
86196
86197
86198
86199
86200
86201
86202
86203
86204
86205
86206
86207
86208
86209
86210
86211
86746
86747
86748
86749
86750
86751
86752
86753
86754
86755
86756
86757
86758
86759
86760
86761
86762
86763
86764
86765
86766
86767
86768
86769
86770
87288
87289
87290
87291
87293
87294
87295
87296
87297
87298
87299
87300
87301
87302
87303
87304
87305
87306
87307
87308
87309
87310
87311
87812
87813
87814
87815
87816
87817
87818
87819
87820
87821
87822
87823
87824
87825
87826
87827
87828
87829
87830
87831
87832
87833
87834
88328
88329
88330
88331
88333
88334
88335
88336
88337
88338
88339
88340
88341
88342
88343
88344
88345
88346
88347
88348
88349
88350
88848
88849
88853
88854
88855
88856
88857
88858
88859
88860
88861
88862
88863
88864
88865
88868
88869
88870
88871
88872
89354
89357
89358
89359
89360
89361
89362
89363
89364
89365
89366
89367
89368
89369
89370
89373
89374
89375
89376
89377
89888
89889
89890
89891
89892
89893
89895
89896
89897
89898
89899
89900
89901
89902
89903
89904
89905
89906
89907
89908
90417
90418
90419
90422
90423
90425
90426
90427
90429
90430
90431
90432
90433
90434
90977
90978
90979
90980
90981
90982
90983
90984
90985
90986
90989
90990
91542
91543
91544
91545
91546
91547
91549
91550
91551
91552
91554
91555
91556
92109
92110
92111
92113
92114
92115
92116
92117
92118
92119
92120
92121
92122
92123
92688
92691
92692
92693
92695
92696
92697
92699
92700
93274
93275
93278
93279
93280
93283
93899
93901
93902
93903
93904
93905
94516
94517
94518
94519