342332
342333
342334
342869
342870
342871
342872
342873
342874
342875
342877
343430
343431
343432
343433
343434
343435
343436
343437
343438
343991
343992
343993
343994
343995
343996
343997
343998
343999
344545
344546
344547
344548
344549
344551
344552
344553
344554
344555
344556
344557
344558
345065
345068
345082
345083
345084
345085
345086
345087
345088
345089
345090
345091
345092
345630
345631
345632
345633
345637
345638
345639
345648
345649
345650
345651
345652
345653
345654
345655
345656
345657
346172
346173
346174
346175
346176
346177
346178
346179
346188
346189
346190
346191
346192
346196
346197
346198
346714
346715
346719
346720
346721
346722
346732
346733
346734
346735
346736
346737
346738
346740
346741
346742
347265
347266
347267
347268
347269
347270
347271
347275
347276
347277
347278
347291
347292
347293
347295
347828
347829
347830
347831
347832
347833
347834
347835
347836
347837
347838
347839
347840
347841
347842
347843
347844
347845
347846
347847
347859
347860
347861
347862
347863
348411
348412
348413
348414
348415
348416
348417
348418
348419
348420
348421
348422
348423
348434
348435
348436
348438
348439
349008
349009
349010
349011
349012
349013
349015
349016
349017
349018
349019
349020
349021
349022
349023
349024
349025
349032
349033
349036
349037
349623
349624
349625
349626
349627
349628
349629
349630
349631
349632
349633
349634
349635
349636
349637
349639
349640
349642
349643
349644
349650
349653
349654
350223
350224
350225
350227
350229
350230
350231
350232
350233
350234
350235
350236
350237
350238
350239
350240
350241
350243
350244
350245
350246
350247
350248
350249
350252
350808
350809
350810
350811
350812
350813
350814
350815
350816
350817
350818
350819
350820
350821
350822
350823
350824
350825
350826
350827
350828
350829
350830
350831
350832
351378
351379
351380
351381
351382
351386
351387
351392
351393
351394
351395
351396
351397
351398
351400
351401
351402
351403
351404
351936
351937
351938
351939
351940
351950
351954
351955
351956
351957
351958
351959
351960
351965
351966
351967
351968
352498
352499
352508
352512
352513
352514
352515
352516
352517
352518
352519
352520
352521
352522
352523
352528
352530
352531
353076
353077
353078
353079
353080
353081
353082
353083
353084
353085
353090
353091
353092
353093
353663
353664
353665
353666
353667
353668
353669
353670
353671
353677
353678
353679
353680
353681
353682
354233
354234
354236
354237
354238
354239
354240
354241
354242
354243
354244
354245
354246
354247
354248
354249
354250
354251
354252
354814
354815
354818
354819
354820
354821
354824
354825
354826
354827
354828
354829
354830
354831
354832
354833
354834
354835
354836
354837
354838
355423
355424
355425
355426
355427
355428
355429
355430
355431
355432
355433
355435
355436
355437
355438
355439
355440
355441
355442
355443
356018
356019
356021
356022
356023
356024
356025
356026
356027
356028
356029
356030
356031
356032
356033
356034
356035
356036
356607
356608
356610
356611
356612
356613
356614
356620
356621
356622
356623
357164
357167
357168
357169
357170
357171
357172
357173
357174
357175
357176
357180
357181
357182
357183
357184
357720
357721
357722
357723
357724
357725
357726
357727
357728
357729
357730
357731
357732
357733
357735
358263
358264
358265
358266
358267
358268
358269
358270
358271
358272
358273
358274
358275
358804
358805
358806
358807
358808
358809
358810
358811
358812
358813
359332
359333
359335
359336
359337
359338
359339
359340
359867
359868
359869
359870
359871
359872
360370
360374
360375
360376