433833
433838
434323
434326
434327
434328
434815
434817
434818
434819
434820
434821
434822
434823
434824
435321
435322
435324
435325
435326
435327
435328
435329
435330
435331
435332
435802
435803
435804
435805
435806
435807
435808
435809
435810
435811
435812
435813
435814
436266
436267
436268
436269
436270
436271
436272
436273
436274
436275
436276
436277
436278
436715
436716
436717
436718
436719
436720
436721
436722
436723
436724
436725
436726
436727
436728
436729
436730
436731
437149
437150
437151
437152
437153
437154
437155
437156
437157
437158
437159
437160
437161
437162
437163
437164
437165
437610
437611
437612
437613
437614
437615
437616
437617
437618
437619
437620
437621
437622
437623
437624
438059
438060
438061
438062
438063
438064
438065
438066
438067
438068
438069
438070
438071
438072
438073
438074
438515
438516
438517
438518
438519
438520
438521
438522
438523
438524
438525
438526
438527
438528
438529
438952
438953
438954
438955
438956
438957
438958
438959
438960
438961
438962
439391
439392
439393
439394
439395
439396
439397
439398
439399
439400
439401
439402
439403
439404
439806
439807
439808
439809
439810
439811
439812
439813
439814
439815
439816
439817
439818
439819
439820
439821
440191
440192
440193
440194
440195
440196
440197
440198
440199
440200
440201
440202
440203
440204
440205
440206
440207
440574
440575
440576
440577
440578
440579
440580
440581
440582
440583
440584
440585
440965
440966
440967
440968
440969
440970
440971
440972
440973
440974
440975
440976
440977
440978
441363
441364
441365
441366
441367
441368
441369
441370
441371
441372
441373
441374
441375
441376
441377
441378
441379
441738
441739
441740
441741
441742
441743
441744
441745
441746
441747
441748
441749
441750
441751
441752
441753
442085
442087
442088
442089
442090
442091
442092
442093
442094
442095
442096
442097
442098
442099
442446
442452
442453
442454
442455
442457
442458
442459
442461
442462
442463
442464
442465
442466
442467
442806
442807
442808
442809
442810
442814
442815
442816
442817
442818
442819
442820
442821
442822
442823
442824
442825
442826
442827
442828
442829
442830
442831
443181
443182
443183
443184
443185
443186
443187
443189
443193
443194
443195
443196
443197
443198
443199
443200
443201
443202
443203
443204
443205
443206
443207
443208
443209
443210
443211
443545
443546
443547
443548
443549
443550
443551
443552
443553
443554
443556
443557
443558
443559
443560
443561
443562
443563
443564
443565
443566
443567
443568
443569
443570
443571
443572
443573
443574
443575
443919
443920
443921
443922
443923
443924
443925
443926
443927
443928
443929
443930
443931
443932
443933
443934
443935
443936
443937
443938
443939
443940
443941
443942
443943
443945
443946
443947
444288
444289
444290
444291
444292
444293
444294
444295
444296
444297
444298
444299
444300
444301
444302
444303
444305
444306
444308
444309
444312
444313
444314
444649
444650
444651
444652
444653
444654
444655
444656
444657
444658
444659
444660
444662
444663
444664
444665
444670
445006
445007
445008
445009
445010
445011
445012
445013
445014
445015
445016
445017
445018
445021
445022
445380
445381
445382
445383
445384
445385
445386
445387
445388
445389
445390
445391
445392
445393
445394
445395
445750
445751
445752
445753
445754
445755
445756
445757
445758
445759
445760
445761
445762
445763
445764
445765
446119
446124
446125
446126
446127
446128
446129
446133
446494
446495
446496
446497
446498
446499
446839
446840
446841
446842
447144
447145
447146
447147
447453
447454
447455
447763
447764