7412
7413
7913
7914
7915
7917
7918
8411
8412
8413
8414
8415
8896
8897
8898
8899
8900
9422
9423
9943
9944
9945
9946
9947
10492
10493
10494
10495
10496
10497
11042
11043
11044
11045
11046
11603
11604
11606
11607
11608
11609
11610
11611
12198
12199
12200
12201
12780
12782
12783
12787
12791
13381
13382
13383
13384
13385
13388
13389
13390
13391
13392
13973
13975
13976
13977
13979
13980
13981
13982
13983
14563
14564
14565
14566
14567
14568
14569
14572
14573
15156
15157
15158
15159
15160
15161
15162
15163
15164
15165
15166
15167
15168
15169
15738
15739
15740
15741
15742
15743
15744
15745
15746
15747
15748
15749
15750
16316
16317
16318
16319
16320
16321
16322
16323
16324
16888
16889
16890
16891
16892
16893
16894
16895
16896
16897
17474
17475
17476
17477
17478
17479
17480
17481
17482
17483
18036
18037
18038
18039
18040
18041
18042
18043
18044
18571
18572
18573
18574
18575
18576
19112
19113
19114
19115
19116
19117
19118
19650
19651
19652
19653
19655
20186
20187
20188
20189
20191
20751
20752
20753
20754
20755
20756
20757
21308
21309
21310
21311
21312
21313
21314
21858
21859
21860
21861
21863
21864
22378
22379
22380
22381
22382
22383
22384
22385
22386
22387
22893
22894
22895
22896
22897
22898
22899
22900
22901
22902
22903
22906
22911
23419
23421
23422
23423
23424
23425
23426
23427
23428
23429
23430
23432
23433
23434
23435
23436
23438
23439
23440
23942
23943
23944
23945
23946
23947
23948
23949
23950
23951
23952
23953
23954
23955
23956
23957
23958
23959
23960
23961
23962
23963
23964
23965
23966
23968
24456
24457
24458
24459
24460
24461
24462
24463
24464
24465
24466
24467
24468
24469
24471
24472
24473
24474
24475
24476
24941
24942
24943
24944
24945
24946
24947
24948
24949
24950
24951
24952
24953
24956
24957
24959
24960
24961
24962
24963
24965
25435
25436
25437
25438
25439
25440
25441
25442
25443
25444
25445
25446
25447
25448
25449
25450
25451
25452
25453
25454
25455
25456
25457
25458
25459
25460
25461
25462
25932
25933
25934
25935
25936
25937
25939
25940
25941
25942
25943
25944
25945
25946
25947
25948
25949
25950
25951
25954
25955
25956
25957
25958
25959
25960
26435
26436
26437
26438
26439
26440
26441
26442
26443
26444
26447
26448
26449
26450
26451
26452
26453
26454
26455
26456
26457
26458
26459
26924
26925
26926
26927
26928
26929
26930
26931
26932
26933
26934
26935
26936
26937
26938
26939
26940
26941
26942
26943
26944
26945
26946
27424
27425
27426
27427
27428
27429
27430
27431
27432
27433
27434
27435
27436
27437
27438
27439
27440
27926
27927
27928
27930
27931
27932
27933
27934
27935
27936
27937
27938
27939
27940
27941
27942
28420
28421
28422
28423
28425
28426
28427
28428
28429
28430
28431
28432
28433
28890
28891
28892
28893
28894
28895
28896
28897
28898
28899
29354
29355
29356
29357
29358
29359
29360
29361
29362
29820
29821
29822
29823
29824
29825
29826
29827
29828
29829
29830
30298
30299
30300
30301
30302
30303
30304
30305
30308
30309
30310
30799
30800
30801
30802
30805
30806
31299
31300
31301
31302
31805
31806
31807
31808
32333
32334