453534
453535
453850
453851
453852
453853
454158
454159
454160
454177
454464
454465
454466
454467
454468
454473
454481
454482
454483
454484
454781
454782
454783
454784
454785
454786
454787
454788
454790
454799
454800
454801
455084
455085
455086
455087
455088
455089
455090
455091
455092
455093
455094
455095
455096
455097
455101
455103
455104
455105
455106
455107
455108
455109
455110
455111
455112
455397
455398
455399
455400
455401
455402
455403
455404
455405
455406
455407
455408
455409
455410
455411
455412
455413
455414
455415
455416
455417
455418
455419
455420
455423
455425
455426
455427
455428
455429
455430
455431
455738
455739
455740
455741
455742
455743
455744
455745
455746
455747
455748
455749
455750
455751
455752
455753
455754
455755
455756
455757
455758
455759
455760
455761
455762
455763
455764
455765
455770
455771
455772
455773
455774
455775
455776
456095
456096
456097
456098
456099
456100
456101
456102
456103
456104
456105
456106
456107
456108
456109
456110
456111
456112
456113
456114
456115
456116
456117
456118
456119
456120
456121
456122
456127
456128
456129
456130
456131
456132
456133
456134
456441
456442
456443
456444
456445
456446
456447
456448
456449
456450
456451
456452
456453
456454
456455
456456
456457
456458
456459
456460
456461
456462
456463
456464
456465
456466
456467
456468
456469
456470
456471
456472
456473
456475
456476
456477
456478
456774
456775
456776
456777
456779
456780
456781
456782
456783
456784
456785
456787
456788
456789
456790
456791
456792
456793
456794
456795
456796
456797
456798
456799
456800
456801
456802
456803
456804
456805
456806
456807
456808
456809
456811
456812
457097
457098
457099
457101
457102
457103
457104
457105
457106
457107
457111
457112
457113
457114
457115
457116
457117
457118
457119
457120
457121
457122
457123
457124
457125
457126
457127
457128
457129
457130
457131
457132
457133
457134
457135
457414
457415
457416
457417
457418
457421
457422
457423
457424
457425
457426
457427
457428
457429
457430
457431
457432
457433
457434
457435
457436
457437
457438
457439
457440
457441
457442
457443
457444
457445
457446
457447
457448
457449
457450
457451
457733
457734
457735
457737
457738
457739
457740
457741
457742
457743
457744
457745
457746
457747
457749
457750
457751
457752
457753
457754
457755
457756
457757
457758
457759
457760
457761
457762
457763
457764
457765
457766
457767
458031
458032
458033
458034
458035
458036
458038
458040
458041
458042
458043
458044
458047
458053
458054
458055
458056
458057
458058
458059
458060
458061
458062
458328
458331
458332
458333
458334
458335
458336
458337
458338
458340
458341
458343
458354
458355
458356
458357
458358
458359
458360
458361
458362
458363
458364
458634
458635
458636
458637
458638
458639
458640
458641
458642
458643
458644
458646
458647
458661
458662
458663
458664
458665
458666
458667
458668
458669
458670
458671
458942
458943
458945
458946
458948
458949
458950
458951
458952
458953
458964
458965
458966
458967
458968
458969
458970
458971
458972
458973
458974
458975
458976
459257
459258
459259
459265
459267
459279
459280
459282
459283
459284
459285
459286
459287
459288
459289
459557
459558
459559
459560
459578
459579
459580
459581
459582
459583
459584
459585
459586
459875
459876
459877
459878
459879
459880
459881
459882
460177
460178
460179
460180
460181
460182
460489
460490
460491
460492
460493
460494
460495
460496
460497
460498
460815
460816
460817
460818
460819
461121
461122
461125
461449
461450
461778
461779
461780
462103
462104
462105
462427
462428