353360
353941
353942
353943
353944
353945
353946
353947
353948
354517
354518
354519
354520
354521
354522
355113
355114
355115
355116
355117
355118
355119
355710
355711
355712
355713
355714
356280
356281
356282
356283
356284
356850
356851
356852
357390
357391
357400
357401
357402
357403
357404
357405
357951
357952
357953
357966
357967
357968
357969
357970
357971
358497
358498
358499
358500
358510
358511
358512
358513
358514
358515
359041
359042
359043
359044
359045
359046
359047
359048
359049
359053
359057
359058
359059
359060
359061
359569
359570
359571
359572
359573
359574
359575
359576
359577
359580
359582
359584
359585
359586
359587
360105
360106
360107
360108
360109
360110
360113
360114
360115
360116
360117
360118
360120
360121
360122
360123
360617
360618
360619
360620
360621
360622
360623
360624
360625
360626
360627
360628
360629
360630
360632
360633
360634
360635
361116
361117
361118
361119
361120
361121
361122
361123
361124
361125
361126
361127
361128
361129
361130
361131
361132
361133
361134
361135
361140
361624
361625
361626
361627
361628
361629
361630
361631
361632
361633
361634
361635
361636
361637
361638
361639
361640
361641
361642
361643
361644
361645
361650
361651
361652
361653
361654
361655
361656
361657
361658
361659
361660
362158
362159
362160
362161
362162
362163
362164
362165
362166
362167
362168
362169
362170
362171
362172
362173
362174
362175
362176
362180
362183
362184
362185
362186
362187
362188
362189
362191
362192
362193
362675
362676
362677
362678
362679
362680
362681
362682
362683
362684
362685
362686
362687
362688
362689
362690
362691
362692
362693
362694
362695
362699
362700
362702
362703
362704
362705
362709
362710
363191
363192
363193
363196
363197
363198
363199
363200
363201
363202
363203
363204
363205
363206
363207
363208
363209
363210
363212
363213
363215
363216
363218
363223
363713
363715
363716
363717
363718
363719
363720
363721
363722
363723
363724
363729
363730
363731
363732
363734
363735
363736
363737
363742
363743
364234
364235
364236
364237
364238
364239
364240
364241
364242
364243
364248
364249
364250
364251
364252
364253
364254
364263
364747
364748
364749
364750
364751
364752
364753
364754
364755
364757
364758
364759
364760
364761
364762
364763
364764
365253
365254
365255
365256
365257
365258
365259
365260
365261
365263
365264
365265
365266
365267
365268
365733
365734
365735
365736
365737
365738
365743
365744
365745
365746
365747
366198
366199
366200
366201
366202
366203
366204
366205
366206
366212
366667
366668
366669
366670
366671
366672
366673
366674
366675
366676
366677
366678
366679
367158
367159
367160
367161
367162
367163
367164
367165
367166
367167
367168
367169
367680
367681
367682
367683
367684
367685
367686
367687
367688
367689
368179
368180
368181
368182
368183
368184
368185
368186
368187
368188
368189
368687
368688
368689
368690
368691
368692
368693
368694
368695
368696
368697
368698
369188
369189
369190
369191
369192
369193
369194
369195
369196
369197
369198
369199
369200
369201
369202
369203
369654
369655
369656
369657
369658
369659
369660
369661
369662
369663
369664
369665
369666
369667
369668
369669
369670
369671
369672
369673
369674
369675
369676
370131
370132
370133
370134
370135
370136
370137
370138
370139
370140
370141
370142
370143
370144
370145
370146
370147
370148
370149
370622
370623
370624
370625
370626
370627
370628
370629
370630
370631
370636
370637
371124
371125
371126
371127
371128
371129
371130
371134
371135
371136
371137
371138
371634
371642
371643
371644
371645