193078
193079
193080
193636
193639
193640
194192
194193
194194
194195
194196
194197
194757
194758
194759
194760
194761
194762
194763
194770
195302
195303
195304
195305
195306
195308
195311
195312
195313
195849
195850
195851
195852
195853
195854
195855
195856
196368
196369
196370
196371
196372
196373
196374
196375
196376
196377
196378
196379
196380
196381
196382
196383
196894
196895
196896
196897
196898
196899
196900
196901
196902
196903
196904
196905
196906
196907
196908
196909
196910
197414
197415
197416
197417
197418
197419
197420
197421
197422
197423
197424
197425
197426
197427
197428
197429
197972
197973
197974
197975
197976
197977
197978
197979
197980
197981
197982
197983
197984
197985
197986
197987
197988
197989
197990
197991
198531
198532
198533
198534
198535
198536
198537
198538
198539
198540
198541
199116
199117
199118
199119
199120
199121
199122
199123
199124
199125
199126
199127
199128
199129
199130
199131
199705
199706
199707
199708
199709
199710
199711
199712
199713
199714
199715
199716
199717
200291
200292
200297
200298
200299
200300
200301
200302
200303
200304
200305
200306
200307
200308
200309
200870
200871
200872
200873
200874
200875
200876
200877
200878
200879
200880
200881
200882
200883
200884
200885
200886
200887
200888
201421
201422
201423
201424
201425
201426
201427
201428
201429
201430
201431
201432
201433
201434
201435
201436
201437
201983
201984
201985
201986
201987
201988
201989
201990
201991
201992
201993
201994
201995
201996
201997
201998
201999
202000
202001
202003
202559
202560
202561
202562
202563
202564
202565
202566
202567
202568
202569
202570
202571
202572
202573
202574
202575
202576
202577
202578
202579
202580
202581
202582
203144
203145
203146
203147
203148
203149
203150
203151
203152
203153
203154
203155
203156
203157
203158
203159
203160
203161
203162
203163
203164
203165
203721
203722
203723
203724
203725
203726
203727
203728
203729
203730
203731
203732
203733
203734
203735
203736
203737
203738
203739
203740
203741
204275
204276
204277
204278
204279
204280
204281
204282
204283
204284
204285
204286
204287
204288
204289
204290
204291
204292
204293
204294
204295
204296
204297
204298
204299
204300
204829
204830
204831
204832
204833
204834
204835
204836
204837
204838
204839
204840
204841
204842
204843
204844
204845
204846
204847
204848
204849
205374
205375
205376
205377
205378
205379
205380
205381
205382
205383
205384
205385
205386
205387
205388
205389
205390
205391
205392
205393
205394
205395
205396
205397
205398
205399
205400
205926
205927
205928
205929
205930
205931
205932
205933
205934
205935
205936
205937
205938
205939
205940
205941
205942
205943
205944
205945
205946
205947
205948
205949
206476
206477
206478
206479
206480
206481
206482
206483
206484
206485
206486
206488
206490
206491
206492
206493
206494
206495
206496
206497
206498
207022
207023
207024
207025
207026
207027
207028
207029
207030
207031
207036
207037
207038
207039
207040
207041
207042
207043
207044
207556
207557
207558
207559
207560
207561
207562
207563
207571
207572
207574
207575
208075
208076
208077
208078
208079
208080
208081
208082
208083
208084
208092
208581
208582
208583
208584
208585
208586
208587
208588
208599
209075
209076
209077
209078
209079
209080
209081
209554
209555
209556
209557
209558
209559
210052
210053
210054
210055
210056
210057
210058
210059
210060
210536
210537
210538
210539
210540
210541
210542
210543
210544
210547
211046
211047
211048
211049
211050
211051
211052
211053
211561
211562
211563
211564
211565
211566