20968
20969
21513
21514
21515
21516
22047
22048
22049
22050
22052
22053
22054
22579
22580
22581
22582
22583
22584
22585
22586
22587
22588
23102
23103
23104
23105
23106
23107
23108
23109
23110
23111
23112
23113
23114
23635
23636
23637
23638
23639
23640
23641
23642
23643
23644
23645
24153
24154
24157
24158
24159
24160
24161
24162
24163
24642
24643
24644
24645
24646
24647
24648
24649
24650
24651
24652
24653
24654
25127
25128
25129
25130
25131
25132
25133
25134
25135
25136
25137
25138
25139
25140
25141
25142
25628
25629
25630
25631
25632
25633
25634
25635
25636
25637
25638
25639
25640
25641
25642
25643
25644
26110
26111
26112
26113
26114
26115
26116
26117
26118
26119
26120
26121
26122
26123
26124
26125
26126
26614
26615
26616
26617
26618
26619
26620
26621
26622
26623
26624
26625
26626
26627
26628
26629
26630
27097
27098
27099
27100
27102
27103
27104
27105
27106
27107
27108
27109
27110
27111
27112
27596
27597
27599
27604
27605
27606
27607
27608
27609
27610
27611
27612
27613
28114
28115
28116
28117
28118
28119
28123
28124
28597
28600
28601
28602
28603
28604
28607
28608
29058
29059
29060
29061
29062
29063
29064
29067
29068
29522
29523
29524
29525
29526
29527
29530
29531
29532
29995
29996
29997
29998
29999
30000
30001
30002
30003
30006
30007
30489
30490
30492
30493
30494
30495
30496
30497
30498
30499
30500
30501
30502
30503
30504
30505
30987
30988
30989
30990
30991
30992
30993
30994
30995
30996
30997
30998
30999
31000
31001
31002
31477
31478
31479
31480
31481
31482
31483
31484
31485
31486
31487
31488
31489
31490
31491
31492
31493
31494
31495
31496
31497
32005
32006
32007
32008
32009
32010
32011
32012
32013
32014
32015
32016
32017
32018
32019
32020
32021
32022
32023
32024
32025
32026
32027
32028
32029
32032
32519
32520
32521
32522
32523
32524
32525
32526
32527
32528
32529
32530
32531
32532
32533
32534
32535
32536
32537
32538
32539
32540
32541
32542
32543
32544
32545
32546
33022
33023
33024
33025
33026
33027
33028
33029
33030
33031
33032
33033
33034
33035
33036
33037
33038
33039
33040
33041
33043
33044
33045
33046
33047
33528
33529
33530
33531
33532
33533
33534
33535
33536
33537
33538
33539
33540
33541
33542
33543
33544
33545
33546
33547
33551
33552
33553
33554
33555
33556
34029
34030
34031
34032
34033
34034
34035
34036
34037
34038
34039
34040
34041
34042
34043
34044
34045
34046
34051
34052
34547
34548
34549
34550
34551
34552
34553
34554
34555
34556
34557
34558
34559
34560
34561
34562
34563
34564
34565
34570
34571
35077
35078
35079
35080
35081
35082
35083
35084
35085
35086
35087
35088
35089
35090
35091
35092
35097
35592
35593
35594
35595
35596
35597
35598
35599
35600
35601
35602
35603
35604
35605
35606
35607
35608
35609
35610
35611
35612
36086
36087
36088
36089
36090
36091
36092
36093
36094
36095
36096
36097
36102
36103
36562
36563
36564
36565
36566
36567
36568
36569
36573
36574
37031
37032
37033
37034
37035
37036
37037
37038
37039
37047
37502
37503
37504
37505
37506
37507
37508
37509
37988
37989
37990
37991
37992
37993
38496
38497
39005
39006
39531
39532