191451
192018
192019
192020
192569
192573
192574
192575
192576
193124
193125
193126
193127
193128
193129
193130
193131
193132
193133
193134
193135
193136
193137
193684
193685
193686
193687
193688
193689
193690
193691
193692
193693
193694
193695
193696
194239
194240
194241
194242
194243
194244
194245
194246
194247
194248
194249
194250
194251
194252
194253
194254
194255
194800
194801
194802
194803
194804
194805
194806
194807
194808
194809
194810
194811
194812
194813
194814
194815
194816
195342
195343
195344
195345
195346
195347
195348
195349
195350
195351
195352
195353
195354
195355
195356
195357
195884
195885
195886
195887
195888
195889
195890
195891
195892
195893
195894
195895
195896
195897
195898
196410
196411
196412
196413
196414
196415
196416
196417
196418
196419
196420
196421
196422
196423
196424
196934
196935
196936
196937
196938
196939
196940
196941
196942
196943
196944
196945
197450
197451
197452
197453
197454
197455
197456
197458
197459
197460
197461
197462
197463
197464
197465
197466
197467
198013
198014
198015
198016
198017
198018
198019
198020
198021
198022
198023
198024
198025
198026
198027
198028
198559
198560
198561
198562
198563
198564
198565
198566
198567
198568
198569
198570
198571
198572
198573
199158
199159
199160
199161
199162
199163
199164
199165
199166
199167
199168
199169
199750
199751
199752
199753
199754
199755
199756
199757
199758
199759
199760
199761
199762
199763
199764
200343
200344
200345
200346
200347
200348
200349
200350
200351
200352
200353
200354
200355
200356
200923
200924
200925
200926
200927
200928
200929
200930
200931
200932
200933
201473
201474
201475
201476
201477
201478
201479
201480
201481
201482
202037
202038
202039
202040
202041
202042
202043
202044
202045
202046
202047
202048
202049
202615
202616
202617
202618
202619
202620
202621
202622
202623
202624
202625
202626
202627
202628
202629
203198
203199
203200
203201
203202
203203
203204
203205
203206
203207
203208
203209
203210
203211
203212
203213
203780
203781
203782
203783
203784
203785
203786
203787
203788
203789
203790
203791
203792
203793
203794
203795
203796
203797
203798
204342
204343
204344
204345
204346
204347
204348
204349
204350
204351
204352
204353
204354
204355
204356
204357
204358
204359
204360
204361
204890
204892
204893
204894
204895
204896
204897
204898
204899
204900
204901
204902
204903
204904
204905
205442
205443
205444
205445
205449
205450
205451
205452
205453
205454
205455
205456
205457
205458
205991
205992
205993
205994
205999
206000
206001
206002
206003
206004
206541
206542
206543
206544
206545
206546
206547
206548
206549
206551
206552
206553
206554
206555
206556
206557
207077
207078
207079
207080
207081
207082
207083
207084
207085
207086
207087
207088
207089
207090
207091
207092
207611
207612
207613
207614
207615
207618
207619
207620
207621
207622
207623
207624
207625
207626
207627
207628
207629
208124
208125
208126
208127
208132
208133
208134
208135
208136
208138
208139
208140
208141
208142
208143
208629
208630
208637
208638
208639
208640
208641
208642
208643
208644
208645
208646
208647
208648
208649
209129
209130
209131
209132
209133
209134
209136
209137
209138
209139
209605
209606
209607
209608
209610
209611
209613
209614
209615
210109
210110
210111
210112
210113
210114
210115
210117
210118
210119
210601
210602
210603
210604
210605
210606
210607
210608
210609
210610
210611
210612
210613
211117
211118
211119
211120
211121
211122
211123
211639
211640
211641
211642
211643
211644
211645
211646
212156
212157
212158
212163