333280
333281
333282
333283
333284
333285
333286
333759
333760
333761
333762
333763
333764
333765
334206
334207
334208
334209
334210
334211
334212
334213
334214
334662
334663
334664
334665
334666
334667
334668
334669
334670
334671
334672
334673
334674
334675
334676
334677
335114
335115
335116
335117
335118
335119
335120
335121
335122
335123
335124
335125
335126
335127
335128
335129
335130
335131
335132
335133
335134
335567
335568
335569
335570
335571
335572
335573
335574
335575
335576
335577
335578
335579
335580
335581
335582
335583
335584
335585
335586
335587
335588
335589
336024
336025
336026
336027
336028
336029
336030
336031
336032
336033
336034
336035
336036
336037
336038
336039
336040
336041
336042
336043
336044
336045
336046
336487
336488
336489
336490
336491
336492
336493
336494
336495
336496
336497
336498
336499
336500
336501
336502
336503
336504
336505
336506
336507
336508
336509
336510
336511
336512
336513
336973
336974
336975
336976
336977
336978
336979
336980
336981
336982
336983
336984
336985
336986
336987
336988
336989
336990
336991
336992
336993
336994
336995
336996
336997
336998
336999
337000
337001
337495
337496
337497
337498
337499
337500
337501
337502
337503
337504
337505
337506
337507
337508
337509
337510
337511
337512
337513
337514
337515
337516
337517
337518
337519
337520
337521
338033
338034
338035
338036
338037
338038
338039
338040
338041
338042
338043
338044
338045
338046
338047
338048
338049
338050
338051
338052
338053
338054
338055
338056
338057
338058
338059
338577
338578
338579
338580
338581
338582
338583
338584
338585
338586
338587
338588
338589
338590
338591
338592
338593
338594
338595
338596
338597
338598
338599
338600
338601
338602
338603
339110
339111
339112
339113
339114
339115
339116
339117
339118
339119
339120
339121
339122
339123
339124
339125
339126
339127
339128
339130
339131
339132
339133
339134
339135
339631
339632
339633
339634
339635
339636
339637
339638
339639
339640
339641
339642
339643
339644
339645
339646
339647
339648
339649
339650
339651
339652
339653
339654
339655
339656
339657
339658
340152
340153
340154
340155
340156
340157
340158
340159
340160
340161
340162
340163
340164
340165
340166
340167
340168
340169
340170
340171
340172
340173
340174
340175
340176
340177
340178
340179
340180
340181
340182
340183
340693
340694
340695
340696
340697
340698
340699
340700
340701
340702
340703
340704
340705
340706
340707
340708
340709
340710
340711
340712
340713
340714
340715
340716
340717
340718
340719
340720
340721
340722
340723
341249
341250
341251
341252
341253
341254
341255
341256
341257
341258
341259
341260
341261
341262
341263
341264
341265
341266
341267
341268
341269
341270
341271
341272
341273
341274
341275
341763
341764
341765
341766
341767
341768
341769
341770
341771
341772
341773
341774
341775
341776
341777
341778
341779
341780
341781
341782
341783
341784
341785
341786
342291
342292
342293
342294
342295
342296
342298
342299
342300
342302
342303
342304
342305
342306
342307
342308
342309
342310
342311
342312
342313
342314
342315
342832
342833
342834
342835
342836
342837
342838
342839
342840
342841
342842
342846
342847
342848
342849
342850
342851
343391
343392
343393
343394
343395
343396
343397
343398
343399
343400
343401
343402
343403
343404
343405
343406
343407
343408
343956
343957
343958
343959
343960
343961
343962
343963
343964
343965
343966
343968
343969
343970
343971
343972
344513
344514
344515
344516
344517
344518
344523
344524
344525
344526
344527
344528
345058
345059
345624
345625