208776
208778
208779
208780
209268
209270
209271
209272
209749
209752
209753
209754
209755
209756
209757
209758
209759
209760
209761
210233
210235
210236
210237
210238
210239
210240
210241
210242
210243
210244
210245
210246
210247
210248
210249
210725
210726
210727
210728
210729
210730
210731
210732
210733
210734
210735
210736
210737
210738
210739
210740
210741
210742
210743
210744
210745
210746
211261
211262
211263
211264
211265
211266
211267
211268
211269
211270
211271
211272
211273
211274
211275
211276
211277
211278
211279
211280
211281
211282
211283
211284
211784
211785
211786
211787
211788
211789
211790
211791
211792
211793
211794
211795
211796
211797
211798
211799
211800
211801
211802
211803
211804
211805
211806
211807
211808
211809
212301
212302
212303
212304
212305
212308
212309
212310
212311
212312
212313
212314
212315
212316
212317
212318
212319
212320
212321
212322
212323
212811
212812
212813
212814
212815
212816
212817
212818
212819
212820
212821
212822
212823
212824
212825
212826
212827
212828
212829
212830
212831
212832
213333
213334
213335
213336
213337
213338
213339
213340
213341
213342
213343
213344
213345
213346
213347
213348
213349
213350
213351
213352
213867
213868
213869
213870
213871
213872
213873
213874
213875
213876
213877
213878
213879
213880
213881
213882
213883
213884
214423
214424
214425
214426
214427
214428
214429
214430
214431
214432
214433
214434
214435
214436
214437
214438
214439
214440
214441
214443
214444
214995
214996
214997
214998
214999
215000
215001
215002
215003
215004
215005
215007
215008
215009
215010
215011
215012
215013
215014
215015
215016
215017
215018
215019
215020
215021
215560
215561
215562
215563
215564
215565
215566
215568
215569
215570
215571
215572
215573
215574
215575
215576
215577
215578
215579
215580
215581
215582
215583
215584
216130
216131
216132
216133
216134
216137
216138
216139
216140
216141
216142
216143
216144
216145
216146
216147
216148
216149
216696
216697
216703
216704
216705
216706
216707
216708
216709
216710
216711
217271
217272
217273
217275
217276
217277
217278
217279
217281
217840
217842
217843
217844
217845
218403
218404
218405
218960
218961
218962
219470
219471
219472
219473
219474
219475
219476
220009
220010
220011
220012
220013
220014
220571
220572
220573
220574
220575
220576
221138
221139
221141
221142
221143
221697
221698
221699
221700
221701
221702
221703
222225
222227
222228
222229
222230
222231
222232
222233
222747
222748
222749
222750
222751
222752
222753
222754
222755
223254
223255
223262
223263
223264
223265
223266
223267
223268
223269
223270
223786
223787
223788
223789
223791
223792
223793
223794
223795
223796
223797
223798
223799
223800
224315
224316
224317
224318
224319
224320
224321
224322
224323
224324
224325
224326
224327
224328
224822
224823
224824
224825
224826
224827
224828
224829
224830
224831
224832
224833
225332
225333
225334
225335
225336
225337
225338
225339
225340
225341
225342
225850
225851
225852
225853
225854
225855
225856
225857
226352
226353
226354
226355
226356
226357
226358
226359
226360
226361
226362
226869
226870
226872
226873
226874
226875
226876
226877
226878
227363
227364
227365
227366
227368
227369
227370
227371
227372
227373
227374
227876
227877
227878
227879
227880
227881
227882
227883
228403
228404
228405
228406
228407
228408
228409
228410
228921
228922
228923
228924
228925
228926
228927
228928
229438
229439
229440
229441
229442
229443
229971
229972
229973
229974
229975
230505
230506
230507
230508
230509
230510
231045
231046