352287
352850
352851
353423
353424
353425
353426
354004
354005
354006
354007
354577
354578
354579
354580
354581
354582
354583
354584
354585
355182
355183
355184
355185
355186
355187
355188
355189
355190
355191
355192
355747
355748
355749
355756
355757
355771
355772
355773
355774
355776
355777
355778
355779
355780
356318
356320
356321
356322
356323
356324
356327
356329
356330
356340
356341
356342
356343
356344
356347
356348
356349
356889
356890
356892
356893
356894
356895
356896
356897
356900
356901
356902
356903
356915
356916
356917
356918
356919
356920
356923
356924
357437
357438
357439
357440
357441
357442
357443
357444
357445
357446
357447
357448
357449
357450
357451
357462
357463
357464
357465
357466
357467
357470
357992
357993
357994
357995
357996
357997
357998
357999
358000
358001
358002
358003
358004
358005
358006
358007
358008
358017
358018
358019
358020
358021
358022
358024
358025
358026
358027
358537
358538
358539
358540
358541
358542
358543
358544
358545
358546
358547
358548
358549
358550
358551
358552
358560
358563
358564
358565
358566
358567
358568
358569
358570
358571
358572
359079
359080
359081
359082
359083
359084
359085
359086
359087
359088
359089
359090
359091
359092
359093
359094
359095
359096
359097
359102
359103
359104
359105
359106
359108
359109
359110
359111
359112
359113
359114
359115
359609
359610
359611
359612
359613
359614
359615
359616
359617
359618
359619
359620
359621
359622
359623
359624
359625
359626
359627
359628
359634
359635
359640
359641
359642
359643
359644
359645
359646
360142
360143
360144
360145
360146
360147
360148
360149
360150
360151
360152
360153
360154
360155
360156
360157
360158
360159
360160
360161
360166
360167
360173
360174
360175
360176
360177
360649
360650
360651
360652
360653
360655
360656
360657
360658
360659
360660
360661
360662
360663
360664
360665
360667
360668
360669
360670
360671
360675
360676
361150
361151
361152
361153
361154
361155
361156
361157
361158
361159
361160
361161
361162
361163
361164
361165
361166
361167
361168
361169
361170
361171
361172
361173
361174
361175
361176
361177
361178
361179
361672
361673
361674
361675
361676
361677
361678
361679
361680
361681
361682
361683
361684
361685
361686
361687
361688
361689
361690
361691
361692
361693
361694
361695
361696
361697
361698
362206
362208
362209
362210
362211
362212
362213
362214
362215
362216
362217
362218
362219
362220
362221
362222
362223
362224
362225
362226
362227
362228
362229
362231
362734
362735
362736
362737
362738
362739
362740
362741
362742
362743
362744
362747
362748
362749
362750
362752
362753
362754
363246
363247
363248
363249
363250
363251
363252
363254
363255
363256
363257
363258
363259
363260
363261
363262
363263
363264
363265
363266
363267
363765
363766
363767
363768
363769
363770
363771
363772
363773
363774
363775
363776
363777
363778
363779
363780
363781
363783
363784
363785
363786
363787
363788
364287
364288
364289
364290
364291
364292
364293
364294
364295
364296
364297
364298
364299
364300
364303
364304
364305
364306
364307
364308
364795
364797
364798
364799
364800
364801
364802
364803
364804
364805
364806
364807
364810
364811
364812
364813
364814
364817
364818
365298
365300
365301
365302
365303
365304
365305
365306
365307
365313
365314
365315
365319
365320
365780
365781
365782
365787
365788
365789
365790
365791
365792
365793
365794
365795
365796
365797
366245
366252
366253
366254
366255
366256
366257
366258
366259
366260
366261
366262
366725
366726
366727
366728
366729
366730
366731
366732
367224