109690
110316
110317
110318
110321
110322
110935
110936
110938
110939
110940
111565
111566
111567
111568
111569
111570
112141
112142
112146
112147
112148
112149
112150
112744
112745
112746
112748
112749
112750
112751
112752
113343
113344
113346
113347
113349
113350
113351
113352
113906
113907
113908
113909
113912
113913
113914
113915
113916
113917
113918
113919
114457
114459
114463
114464
114465
114466
114467
114468
114469
114470
114471
115008
115009
115010
115014
115015
115016
115017
115018
115019
115020
115021
115022
115023
115024
115025
115026
115027
115028
115555
115556
115557
115558
115559
115564
115565
115566
115567
115568
115569
115570
115571
115572
115573
115574
115575
115576
115577
116112
116113
116114
116115
116116
116117
116118
116119
116120
116125
116126
116127
116128
116129
116130
116131
116132
116133
116134
116135
116136
116678
116679
116680
116681
116682
116683
116684
116685
116686
116687
116688
116689
116692
116693
116694
116695
116696
116697
116698
117222
117223
117224
117225
117226
117227
117228
117229
117230
117231
117232
117233
117234
117235
117236
117237
117238
117239
117240
117241
117242
117243
117244
117245
117246
117247
117248
117249
117250
117765
117766
117767
117768
117769
117770
117771
117772
117774
117775
117776
117777
117778
117779
117780
117781
117782
117783
117784
117785
117786
117787
117788
117789
117790
117791
117792
117793
117794
117795
117796
118313
118314
118315
118316
118319
118320
118321
118322
118323
118324
118325
118326
118327
118328
118329
118330
118331
118332
118333
118334
118335
118336
118337
118338
118339
118340
118341
118342
118343
118344
118345
118848
118849
118850
118851
118854
118855
118856
118857
118858
118859
118860
118861
118862
118863
118864
118865
118866
118867
118868
118869
118870
118871
118872
118873
118874
118875
118876
118877
118878
118879
119402
119403
119404
119405
119406
119407
119408
119409
119410
119411
119412
119413
119414
119415
119416
119417
119418
119419
119420
119421
119422
119423
119424
119425
119426
119427
119428
119429
119430
119431
119432
119963
119964
119965
119966
119967
119968
119969
119970
119971
119972
119973
119974
119975
119976
119977
119978
119979
119980
119981
119982
119983
119984
119985
119986
119987
119988
119989
119990
119991
119992
120513
120514
120515
120516
120517
120518
120519
120520
120521
120522
120523
120524
120525
120526
120527
120528
120529
120530
120531
120532
120533
120534
120535
120536
120537
120538
120539
120540
120541
120542
120543
120544
121049
121050
121051
121052
121053
121054
121055
121056
121057
121058
121059
121060
121061
121062
121063
121064
121065
121066
121067
121068
121069
121070
121071
121072
121073
121075
121076
121077
121578
121579
121580
121581
121582
121583
121584
121585
121586
121587
121588
121589
121590
121591
121592
121593
121594
121595
121596
121597
121598
121599
121602
122108
122109
122110
122111
122112
122113
122114
122115
122116
122117
122118
122119
122120
122121
122631
122632
122633
122634
122635
122636
122637
122638
122639
122640
122641
122642
122643
123173
123174
123175
123176
123177
123178
123179
123180
123181
123182
123183
123737
123738
123739
123740
123741
123742
123743
123744
123745
123746
123747
123748
123749
123750
124301
124302
124303
124304
124305
124306
124307
124308
124309
124310
124311
124312
124313
124314
124315
124864
124865
124866
124867
124868
124869
124870
124871
124872
124873
124874
124875
124876
125423
125424
125425
125426
125427
125977
125979
125980
125981
125982
126530
126531
126532
127074
127075