96202
96203
96204
96205
96206
96207
96839
96840
96841
96842
96843
96844
96845
96846
96847
97492
97493
97494
97495
97496
97497
97498
97499
98103
98104
98105
98106
98107
98108
98109
98110
98111
98722
98723
98724
98725
98726
98727
98728
98729
98730
98731
99329
99330
99331
99332
99333
99334
99335
99336
99337
99338
99983
99984
99985
99986
99987
99988
99989
99990
99991
99992
100637
100638
100639
100640
100641
100642
100643
100644
101311
101312
101313
101314
101315
101316
101317
101318
101319
101320
101969
101970
101971
101972
101973
101974
101975
101976
101977
101978
102596
102597
102598
102599
102600
102601
102602
102603
102604
102605
103217
103218
103219
103220
103221
103222
103223
103224
103225
103226
103832
103833
103834
103835
103836
103837
103838
103839
103840
103841
104454
104455
104456
104457
104458
104459
104460
104461
104462
104463
104464
104465
104466
104467
104468
104469
104470
104471
104472
104473
105078
105079
105080
105081
105082
105083
105084
105085
105086
105087
105088
105089
105090
105091
105092
105093
105094
105095
105096
105097
105098
105099
105695
105699
105700
105701
105702
105703
105704
105705
105706
105707
105708
105709
105710
105711
105712
105713
105714
105716
105717
106307
106308
106309
106310
106311
106312
106313
106317
106318
106319
106320
106321
106322
106323
106324
106325
106326
106327
106328
106329
106918
106919
106920
106921
106922
106923
106924
106929
106930
106931
106932
106933
106934
106935
106936
106937
106940
107519
107520
107521
107526
107527
107528
107529
107530
107531
107532
107535
108117
108118
108119
108120
108124
108125
108126
108127
108128
108129
108130
108131
108132
108739
108740
108741
108742
108743
108744
108745
108746
108747
108748
108749
108750
108751
108754
108755
108756
108757
108758
108759
109385
109386
109387
109388
109389
109390
109391
109392
109393
109394
109395
109396
109397
109398
109399
109400
109401
109402
109403
109404
109405
109406
109407
109408
109409
109410
109411
109412
110027
110028
110029
110030
110031
110032
110033
110034
110035
110036
110037
110038
110039
110040
110041
110042
110043
110044
110045
110046
110047
110048
110049
110655
110656
110657
110658
110659
110660
110661
110662
110663
110664
110665
110666
110667
110668
110669
110670
110671
110672
110673
110674
111303
111304
111305
111306
111307
111308
111309
111310
111311
111312
111313
111314
111315
111316
111317
111318
111319
111320
111321
111923
111924
111925
111926
111927
111928
111929
111930
111931
111932
111933
111934
111935
111936
111937
111938
112521
112522
112523
112524
112525
112526
112528
112529
112530
112531
112532
112533
112534
112535
112536
112537
112538
112539
113114
113115
113116
113117
113118
113121
113122
113123
113124
113125
113126
113127
113128
113129
113130
113131
113132
113133
113134
113693
113694
113695
113696
113699
113700
113701
113702
113703
113704
113705
113706
113707
113708
113709
113710
113711
114253
114254
114255
114256
114257
114258
114259
114260
114261
114262
114263
114264
114265
114266
114267
114268
114269
114270
114271
114272
114273
114274
114275
114276
114806
114807
114808
114809
114810
114811
114812
114813
114814
114815
114816
114817
114818
114819
114820
114821
114822
114823
114824
114825
114826
114827
115370
115372
115376
115377
115378
115379
115380
115381
115382
115383
115384
115385
115386
115927
115928
115929
115930
115933
115934
115935
115936
115937
115938
115939
115940
116494
116495
116496
116497
116498
117049
117050
117051