264340
264341
264342
264343
264344
264976
264977
265610
265611
265612
265613
265616
266242
266243
266244
266249
266250
266839
266840
266841
266846
266847
266848
267448
267449
267450
267451
267452
267453
267454
267460
267461
267462
267463
267464
268078
268079
268080
268081
268082
268083
268084
268085
268086
268087
268088
268089
268090
268093
268094
268095
268096
268097
268098
268705
268706
268707
268708
268709
268710
268711
268712
268713
268714
268715
268716
268717
268718
268719
268720
268721
269331
269332
269333
269334
269335
269336
269337
269338
269339
269340
269341
269342
269343
269344
269345
269346
269347
269348
269349
269350
269351
269352
269353
269354
269967
269968
269970
269971
269972
269973
269974
269975
269976
269977
269978
269979
269980
269981
269982
269983
269984
269985
269986
269987
269988
269989
269990
269991
269992
269993
269994
269995
270611
270612
270613
270614
270615
270616
270617
270618
270619
270620
270621
270622
270623
270624
270625
270626
270627
270628
270629
270630
270632
270633
270634
270635
270636
271265
271266
271267
271268
271269
271270
271271
271272
271273
271274
271275
271276
271277
271278
271279
271280
271281
271282
271283
271284
271285
271286
271287
271288
271289
271290
271291
271916
271917
271918
271919
271920
271921
271922
271923
271924
271925
271926
271927
271928
271929
271930
271934
271935
271936
271937
271938
271939
271940
271941
272563
272564
272565
272566
272567
272568
272569
272570
272571
272572
272573
272574
272575
272576
272577
272578
272585
272586
273212
273213
273214
273215
273216
273217
273218
273219
273220
273221
273222
273223
273224
273225
273230
273231
273869
273874
273875
273876
273877
273878
273879
273880
273881
273882
273883
273884
273885
273886
273887
273888
273893
273894
274522
274523
274524
274525
274526
274527
274528
274529
274530
274531
274532
274533
274534
274535
274536
274537
274538
274539
274540
274541
274542
274547
275152
275153
275154
275155
275156
275157
275158
275162
275163
275164
275165
275166
275171
275172
275173
275174
275175
275787
275790
275791
275792
275793
275794
275795
275798
275799
275800
275801
275810
275811
275812
275813
275814
276421
276424
276425
276426
276427
276428
276429
276430
276431
276433
276434
276435
276436
276437
276450
276451
276452
276453
276454
276455
276456
276457
277037
277038
277039
277043
277044
277045
277046
277047
277048
277049
277050
277051
277052
277053
277054
277055
277066
277067
277068
277069
277070
277071
277072
277073
277650
277651
277652
277654
277655
277656
277657
277658
277659
277660
277661
277662
277663
277678
277679
277680
277681
277682
277683
277684
277685
278257
278258
278259
278260
278261
278262
278263
278264
278265
278266
278267
278268
278269
278270
278285
278286
278287
278288
278289
278290
278292
278293
278294
278867
278868
278869
278870
278871
278872
278873
278874
278875
278876
278877
278878
278879
278892
278893
278894
278895
278896
278897
278898
278899
278900
279486
279487
279488
279489
279490
279491
279492
279493
279494
279495
279496
279513
279514
279515
279516
279517
280088
280089
280090
280091
280093
280094
280095
280096
280097
280098
280099
280116
280117
280118
280119
280120
280121
280684
280685
280686
280688
280690
280691
280692
280693
280694
280695
280709
280710
280711
280712
280713
281284
281285
281286
281287
281288
281289
281292
281293
281294
281309
281310
281311
281312
281313
281314
281870
281871
281872
281873
281874
281878
281879
281903
281904
281905
282458
282459
282489
282490
282491
283045
283078
283686
283687
283688