327261
327800
327801
327802
327803
327804
327805
327806
328321
328322
328323
328324
328325
328326
328327
328328
328329
328818
328819
328820
328821
328822
328823
328824
329301
329302
329303
329304
329305
329306
329307
329308
329309
329310
329324
329325
329326
329751
329752
329753
329754
329755
329756
329757
329758
329759
329760
329761
329773
330212
330213
330214
330215
330216
330217
330218
330219
330220
330221
330222
330223
330224
330225
330226
330235
330236
330679
330680
330681
330682
330683
330684
330685
330686
330687
330688
330689
330690
330691
330692
330693
330695
330697
330698
330699
330700
330701
330702
330703
330704
331154
331159
331160
331161
331162
331163
331164
331165
331166
331167
331168
331169
331170
331172
331173
331174
331175
331176
331177
331178
331179
331180
331627
331633
331634
331635
331636
331637
331638
331639
331640
331641
331643
331644
331645
331646
331647
331648
331649
331650
332113
332114
332115
332118
332119
332120
332121
332122
332123
332124
332125
332126
332127
332128
332129
332130
332131
332600
332601
332602
332603
332604
332605
332606
332607
332608
332609
332610
332611
332612
333080
333081
333082
333084
333085
333086
333087
333088
333089
333090
333091
333092
333569
333570
333571
333572
333573
333574
333575
333576
333577
333578
333579
333580
333581
334011
334012
334013
334014
334015
334016
334017
334018
334019
334020
334021
334022
334023
334469
334470
334471
334472
334473
334474
334475
334476
334477
334478
334479
334480
334481
334482
334920
334921
334922
334923
334924
334925
334926
334927
334928
334929
334930
334931
334932
334933
334934
334935
334936
335366
335367
335368
335369
335370
335371
335372
335373
335374
335375
335376
335377
335378
335379
335380
335381
335382
335826
335827
335828
335829
335830
335831
335832
335833
335834
335835
335836
335837
335838
335839
335840
335841
335842
335843
335844
335845
335846
335847
335848
336292
336293
336294
336295
336296
336297
336300
336301
336302
336303
336304
336305
336306
336307
336308
336309
336310
336311
336312
336313
336314
336315
336784
336785
336786
336787
336788
336789
336790
336791
336792
336793
336794
336795
336796
336797
336798
336799
336800
336801
336802
336803
336804
336805
337292
337293
337294
337295
337296
337297
337298
337299
337300
337301
337302
337303
337304
337305
337306
337307
337308
337309
337310
337311
337312
337313
337314
337315
337806
337807
337808
337809
337810
337811
337812
337813
337814
337815
337816
337817
337818
337819
337820
337821
337822
337823
337824
337825
337826
337827
337828
337829
337830
338347
338348
338349
338350
338351
338352
338353
338354
338355
338356
338357
338358
338359
338360
338361
338362
338363
338364
338365
338366
338367
338368
338369
338370
338888
338889
338890
338891
338892
338893
338894
338895
338896
338897
338898
338899
338900
338901
338902
338903
338904
338905
338906
339413
339414
339415
339416
339417
339418
339419
339420
339421
339422
339423
339424
339425
339426
339427
339428
339429
339430
339938
339939
339940
339941
339942
339943
339944
339945
339946
339947
339948
339949
339950
339951
339952
339953
339954
339955
339956
339957
340471
340472
340473
340474
340475
340476
340477
340478
340479
340480
340481
340482
340483
340484
340485
340486
340487
341027
341028
341029
341030
341031
341032
341033
341034
341038
341039
341040
341565
341566
341567
341571
342094
342095
342616
342617
342618
342619
342620
342621
342622
342623
342624
343177
343178
343179
343180
343181
343182
343748
343749
343750
343751
343752
343753
344293
344294