171730
171731
172247
172248
172249
172250
172259
172260
172762
172763
172764
172765
172766
172768
172769
172770
172771
172772
173269
173270
173271
173272
173273
173274
173275
173276
173277
173278
173279
173280
173281
173799
173800
173801
173802
173803
173804
173805
173806
173807
173808
173809
173810
174332
174333
174334
174335
174336
174337
174338
174339
174340
174341
174342
174871
174872
174873
174874
174875
174876
174877
174878
174879
174880
174881
175391
175392
175393
175394
175395
175396
175397
175947
175948
175949
175950
175951
175952
175953
175954
175955
175956
175957
175958
176538
176539
176540
176541
176542
176543
176544
176545
176546
176547
176548
176549
176550
177161
177162
177163
177164
177165
177166
177167
177168
177169
177170
177171
177172
177173
177174
177175
177804
177805
177806
177807
177808
177809
177810
177811
177812
177813
177814
177815
177816
177817
177818
178457
178458
178459
178460
178461
178462
178463
178464
178465
178466
179087
179088
179089
179090
179091
179092
179093
179094
179095
179096
179731
179732
179733
179734
179735
179736
179737
179738
179739
179740
179741
180378
180379
180380
180381
180382
180383
180384
180385
180386
180387
180388
181041
181042
181043
181044
181047
181048
181049
181050
181706
181708
181709
181710
181711
181712
181713
182359
182360
182361
182362
182995
182996
182997
182998
182999
183000
183001
183610
183611
183612
183613
183614
183615
183616
183618
183619
184188
184189
184190
184191
184194
184195
184196
184197
184198
184791
184793
184794
184795
184800
184801
184802
184803
184804
184805
185422
185423
185424
185425
185426
185427
185428
185429
185431
185433
185434
185436
185437
185438
186064
186065
186066
186067
186068
186069
186070
186071
186072
186073
186074
186075
186077
186078
186079
186703
186704
186705
186706
186707
186708
186709
186710
186711
186712
186713
186714
186715
186716
186717
186718
186721
187324
187325
187326
187327
187328
187329
187330
187331
187332
187333
187334
187335
187336
187337
187338
187339
187340
187342
187343
187344
187927
187928
187929
187930
187931
187932
187933
187934
187935
187936
187937
187938
187939
187940
187941
187942
187943
187944
187945
187946
187947
187948
187949
188538
188539
188540
188541
188542
188543
188545
188546
188547
188548
188549
188550
188551
188552
188553
188554
188555
189155
189156
189157
189158
189159
189160
189161
189162
189163
189164
189166
189167
189168
189169
189170
189171
189172
189750
189751
189752
189753
189754
189755
189756
189757
189758
189759
189760
189761
189763
189764
189765
189766
189767
189768
190326
190327
190328
190329
190330
190331
190332
190333
190334
190335
190336
190337
190338
190339
190892
190893
190894
190895
190896
190897
190898
190899
190900
190901
190902
190903
190904
191457
191458
191459
191460
191461
191462
191463
191464
191465
191466
191467
191468
192026
192027
192028
192029
192030
192031
192032
192033
192034
192035
192582
192583
192584
192585
192586
192587
192588
192589
192590
192591
192592
193143
193144
193145
193146
193147
193148
193149
193150
193151
193152
193153
193701
193702
193703
193704
193705
193706
193707
193708
194264
194265
194266
194267
194268
194269
194270
194271
194272
194823
194824
194825
194826
194827
194828
194829
194830
194831
194832
194833
194834
194835
195362
195363
195364
195365
195366
195367
195368
195369
195370
195901
195902
195903
195904
195905
195906
195907
196427
196428
196429
196430
196431
196432
196433
196434
196946
196947
196948
196949
196950
196951
196952
196953
197470
197473
198031