449327
449331
449332
449333
449336
449659
449660
449661
449662
449663
449664
449665
449666
449667
449668
449669
449670
449671
449672
449673
449674
449675
449985
449986
449987
449988
449989
449990
449991
449992
449993
449994
449995
449996
449997
449998
449999
450000
450001
450002
450003
450004
450005
450006
450007
450008
450319
450320
450321
450322
450323
450324
450325
450326
450327
450328
450329
450330
450331
450332
450333
450334
450335
450648
450649
450651
450653
450654
450655
450656
450657
450658
450659
450660
450662
450663
450974
450975
450976
450978
450980
450981
450982
450983
450984
450985
450986
450987
450988
450989
450990
450991
450992
451297
451298
451302
451303
451304
451305
451306
451307
451308
451309
451310
451311
451312
451313
451314
451315
451316
451317
451320
451616
451617
451619
451620
451621
451622
451623
451624
451625
451626
451627
451628
451629
451630
451631
451632
451633
451634
451635
451636
451637
451638
451639
451931
451932
451933
451934
451935
451936
451937
451938
451939
451940
451941
451942
451943
451944
451945
451946
451947
451948
451949
451950
451951
451952
451953
451954
452255
452256
452257
452258
452259
452260
452261
452262
452263
452264
452265
452266
452267
452268
452269
452270
452271
452272
452273
452274
452275
452276
452277
452278
452584
452585
452586
452587
452588
452589
452590
452591
452592
452593
452594
452595
452596
452597
452598
452599
452600
452601
452602
452603
452604
452605
452606
452607
452608
452609
452610
452916
452917
452918
452919
452920
452921
452922
452923
452924
452925
452926
452927
452928
452929
452930
452931
452932
452933
452934
452935
452936
452937
452938
452939
452940
452941
453258
453259
453260
453261
453262
453263
453264
453265
453266
453267
453268
453269
453270
453271
453272
453273
453274
453275
453276
453277
453278
453279
453280
453281
453582
453583
453584
453585
453586
453587
453588
453589
453590
453591
453592
453593
453594
453595
453596
453597
453598
453599
453600
453601
453602
453893
453894
453895
453896
453897
453898
453899
453900
453901
453902
453903
453904
453905
453906
453907
453908
453909
453910
453911
453912
454194
454195
454196
454197
454198
454199
454200
454201
454202
454203
454204
454205
454206
454207
454208
454209
454210
454211
454212
454213
454214
454215
454216
454217
454218
454505
454506
454507
454508
454509
454510
454511
454512
454513
454514
454515
454516
454517
454518
454519
454520
454521
454523
454524
454525
454526
454528
454529
454824
454825
454826
454827
454828
454834
454835
454836
454837
454838
454839
454840
454841
454842
454843
454844
454845
454846
454848
455135
455144
455145
455146
455147
455148
455149
455150
455151
455152
455153
455156
455157
455158
455460
455461
455462
455472
455473
455474
455475
455476
455477
455478
455479
455480
455481
455482
455483
455484
455486
455487
455488
455807
455808
455809
455810
455818
455819
455820
455821
455822
455823
455824
455825
455826
455827
455828
455829
455830
455831
455832
455833
455834
455835
455836
456172
456173
456174
456175
456176
456177
456178
456179
456180
456184
456185
456186
456187
456188
456189
456190
456191
456192
456193
456194
456520
456521
456522
456523
456524
456525
456526
456527
456528
456529
456530
456531
456532
456534
456535
456536
456537
456538
456539
456540
456541
456853
456854
456855
456856
456857
456858
456859
456861
456862
456865
456866
456868
457177
457178
457179
457180
457181
457191
457499
457500
457501
457502
457510
457511
457512
457813
457814
457815
457823
458108
458117
458118
458414
458424
458727