98478
99091
99092
99093
99732
99733
99734
99735
99736
99737
100385
100386
100387
100388
100389
100390
100391
100392
100393
100394
101056
101057
101058
101059
101060
101061
101062
101063
101064
101065
101066
101067
101735
101736
101737
101738
101739
101740
101741
101742
101743
101744
101745
101746
101747
101748
101749
101756
101757
102378
102379
102380
102381
102382
102383
102384
102385
102386
102387
102388
102389
102390
102391
102392
102393
102394
102400
102401
102402
102403
103007
103008
103011
103012
103013
103014
103015
103016
103017
103018
103019
103020
103021
103022
103023
103025
103026
103027
103028
103029
103625
103626
103627
103628
103629
103630
103631
103632
103633
103634
103638
103639
103640
103641
103642
103643
104247
104248
104249
104250
104251
104252
104253
104254
104255
104257
104258
104262
104263
104264
104265
104266
104267
104879
104880
104881
104882
104883
104884
104885
104886
104887
104888
104889
104890
104891
104892
104893
104898
104899
104900
104901
104902
104903
104904
104905
105485
105486
105487
105488
105489
105490
105491
105492
105493
105494
105495
105496
105497
105498
105499
105500
105501
105502
105503
105504
105505
105506
105507
105508
105509
105510
105511
105512
105513
105514
105515
105516
105517
105518
105519
105520
106095
106096
106097
106098
106099
106100
106102
106103
106104
106105
106107
106108
106109
106110
106111
106112
106113
106114
106115
106116
106117
106118
106119
106120
106121
106122
106123
106124
106125
106704
106705
106706
106707
106708
106709
106710
106711
106712
106713
106714
106717
106718
106719
106720
106721
106722
106723
106724
106725
106726
106727
106728
106729
106730
106731
106732
106733
106734
106735
106736
106737
106738
106739
106740
107307
107308
107309
107310
107311
107312
107313
107314
107315
107319
107320
107321
107322
107323
107324
107325
107326
107327
107328
107329
107330
107331
107332
107333
107334
107335
107336
107337
107338
107339
107340
107341
107342
107911
107912
107913
107914
107915
107916
107917
107918
107919
107920
107921
107922
107923
107924
107925
107926
107927
107928
107929
107930
107931
107932
107933
107934
107935
107936
107937
107938
107939
107940
107941
107942
107943
107944
107945
107946
108528
108529
108530
108531
108532
108533
108534
108536
108537
108538
108541
108542
108543
108544
108545
108546
108547
108548
108549
108550
108551
108552
108553
108554
108555
108556
108557
108559
108560
108561
108562
108563
108564
108565
109178
109179
109180
109185
109188
109189
109190
109191
109192
109193
109194
109195
109196
109197
109198
109202
109203
109204
109205
109817
109818
109819
109820
109821
109822
109823
109824
109825
109827
109828
109829
109830
109831
109832
109833
110449
110450
110451
110452
110453
110454
110455
110456
110457
110458
110459
110460
110461
110462
110463
111084
111085
111086
111087
111088
111089
111090
111091
111092
111093
111094
111095
111096
111097
111098
111099
111100
111101
111102
111712
111713
111714
111715
111716
111717
111718
111719
111720
111721
111722
111723
111724
111725
111726
112300
112301
112302
112303
112304
112305
112306
112307
112308
112901
112902
112903
112904
112905
112906
112907
112908
113491
113492
113493
113494
113495
113496
114057
114058
114059
114060
114061
114062
114599
114600
114601
114602
114603
114604
114605
115157
115158
115159
115160
115708
115709
115711
116266
116267
116268
116269
116819
116820
117368
117369
117370
117371
117372
117905
117906
117907
117908
117909
118442
118443
118444
118975
118976
119521
119522
120075