18627
18628
18629
18630
18631
18632
19169
19170
19171
19172
19173
19174
19175
19176
19177
19178
19182
19183
19707
19708
19709
19710
19711
19712
19713
19714
19715
19716
19717
19718
19719
19720
19721
19722
19723
20247
20248
20249
20250
20251
20252
20253
20254
20255
20256
20257
20258
20259
20260
20261
20262
20263
20264
20265
20266
20267
20268
20269
20815
20816
20817
20818
20819
20820
20821
20822
20823
20824
20825
20826
20827
20828
20829
20830
20831
20832
20833
20834
20835
20836
21367
21368
21369
21370
21371
21372
21373
21374
21375
21376
21377
21378
21379
21380
21381
21382
21383
21384
21385
21386
21387
21388
21389
21390
21391
21392
21393
21394
21916
21917
21918
21919
21920
21921
21922
21923
21924
21925
21926
21927
21928
21929
21930
21931
21932
21933
21934
21935
21936
21938
22447
22448
22449
22450
22451
22452
22453
22454
22455
22456
22457
22458
22459
22460
22461
22462
22463
22465
22466
22467
22969
22970
22971
22972
22973
22974
22975
22976
22977
22978
22979
22980
22981
22982
22983
22984
22985
22987
22988
22989
22990
22991
23499
23500
23501
23502
23503
23504
23505
23506
23507
23508
23509
23510
23511
23512
23513
23514
23515
23516
23517
23518
23519
23520
23521
24024
24025
24026
24027
24028
24029
24030
24031
24032
24033
24034
24035
24036
24037
24038
24039
24040
24041
24042
24534
24535
24536
24537
24538
24539
24540
24541
24542
24543
24544
24545
24546
24547
24548
24549
24550
24551
24552
24553
25029
25030
25031
25032
25033
25034
25035
25036
25037
25038
25039
25040
25041
25042
25043
25044
25045
25046
25047
25048
25049
25050
25051
25520
25521
25522
25523
25524
25525
25526
25527
25528
25529
25530
25531
25532
25533
25534
25535
25536
25537
25538
25539
25540
26010
26011
26012
26013
26014
26015
26016
26017
26018
26019
26020
26021
26022
26023
26024
26025
26026
26027
26028
26519
26520
26521
26522
26523
26524
26525
26526
26527
26528
26529
26530
26531
27010
27011
27012
27013
27014
27015
27016
27018
27019
27020
27021
27512
27513
27514
27515
27516
27517
27518
27519
27520
27521
27522
27523
27524
27525
27526
28018
28019
28020
28021
28022
28023
28024
28025
28026
28027
28028
28029
28030
28031
28496
28499
28501
28502
28505
28506
28507
28508
28509
28510
28511
28512
28513
28514
28515
28964
28965
28966
28967
28972
28973
28974
28975
28976
28977
28978
28979
28980
28981
29428
29429
29430
29431
29432
29439
29440
29441
29442
29443
29444
29445
29446
29447
29448
29898
29901
29902
29903
29908
29909
29910
29911
29912
29913
29914
29915
29916
29917
29918
29919
30376
30377
30378
30379
30380
30381
30384
30386
30387
30388
30389
30390
30391
30392
30393
30394
30395
30396
30397
30877
30878
30879
30880
30881
30882
30883
30884
30885
30886
30889
30890
30891
30892
30893
30894
30895
30896
30897
30899
30900
30901
30902
30903
31377
31378
31379
31380
31381
31382
31383
31384
31385
31386
31387
31388
31389
31390
31391
31392
31393
31397
31398
31399
31400
31894
31895
31896
31897
31899
31900
31901
31902
31903
31904
31905
31906
31907
31908
31913
31914
32416
32417
32418
32425
32426
32427
32927
32928
32929
33419