58972
59550
59551
60146
60147
60148
60758
60759
61348
61349
61941
61942
61943
62527
62528
62529
62530
63095
63096
63097
63098
63099
63100
63101
63672
63673
63674
63675
63676
63677
63678
63679
64263
64264
64265
64266
64267
64268
64269
64270
64271
64847
64848
64849
64850
64851
64852
64853
64854
64855
64856
65430
65431
65432
65433
65434
65435
65436
65991
65992
65993
65994
65995
65996
65997
66537
66538
66539
66540
66541
66542
67072
67073
67074
67075
67076
67077
67078
67617
67618
67619
67620
67621
67622
67623
67624
67625
68176
68177
68178
68179
68180
68181
68182
68183
68184
68719
68720
68721
68722
68723
68724
68725
68726
69256
69257
69258
69259
69260
69261
69262
69263
69794
69795
69796
69797
69798
69799
69800
69801
69802
69803
69804
70333
70334
70335
70336
70337
70338
70339
70340
70343
70344
70881
70882
70883
70884
70885
70886
70887
70888
70890
70891
71440
71441
71442
71443
71444
71445
71446
71447
71452
71453
71454
71455
72003
72004
72005
72006
72007
72008
72009
72010
72011
72014
72015
72016
72017
72018
72019
72020
72578
72579
72580
72581
72582
72583
72584
72585
72587
72588
72589
72590
72591
72592
72593
73131
73132
73133
73134
73135
73136
73137
73138
73139
73140
73141
73142
73143
73144
73146
73147
73148
73702
73703
73704
73705
73706
73707
73708
73709
73710
73711
73712
73713
73714
73715
73716
73717
73718
73719
73720
73721
74262
74263
74264
74265
74272
74273
74274
74275
74276
74277
74278
74279
74812
74823
74824
74825
74826
74827
75391
75392
75393
75394
75395
75396
75397
75398
75988
75989
75990
75991
75992
75993
75994
75995
76555
76556
76557
76558
76559
76560
76561
76562
76563
76564
76565
77119
77120
77121
77122
77123
77124
77125
77126
77127
77128
77129
77130
77679
77680
77681
77682
77683
77684
77685
77686
77687
77688
77689
77691
77692
78257
78258
78259
78260
78261
78262
78263
78264
78265
78266
78267
78268
78269
78852
78853
78854
78855
78856
78857
78858
78859
78860
78861
78862
78863
79441
79442
79443
79444
79445
79446
79447
79448
79449
79450
79451
79452
80033
80034
80035
80036
80037
80038
80039
80040
80041
80042
80043
80044
80045
80046
80622
80623
80624
80625
80626
80627
80628
80629
80630
80631
80632
80633
80634
81208
81209
81210
81211
81212
81213
81214
81215
81216
81217
81218
81219
81220
81750
81751
81752
81753
81754
81755
81756
81757
81758
81759
81760
81761
81762
82342
82343
82344
82345
82346
82347
82348
82349
82350
82351
82352
82353
82936
82937
82938
82939
82940
82941
82942
82943
82944
82945
82946
82947
83509
83510
83511
83512
83513
83514
83515
83516
83517
83518
83519
84067
84068
84069
84070
84071
84072
84073
84074
84075
84076
84644
84645
84646
84647
84648
84649
84650
84651
84652
84653
85211
85212
85213
85214
85215
85216
85217
85218
85219
85787
85788
85789
85790
85791
85792
85793
86344
86345
86346
86347
86911
86912
86913
86915
87455
87456
87457
87458
87459
87974
87975
87976
87977
87978
87979
88493
88494
88495
88496
88497
88498
88499
89027
89028
89029
89030
89031
89032
89530
89531
89532
89533
89534
89535
89536
90065
90066
90067
90068
90601
90602
90603