269852
269853
270494
270495
270496
270497
271142
271143
271144
271145
271146
271147
271798
271799
271800
271801
271802
272440
272441
272443
272444
272445
272446
273076
273082
273083
273084
273085
273088
273089
273090
273091
273737
273738
273743
273744
273745
273746
273747
273748
273749
273750
273751
273752
274395
274396
274397
274398
274399
274400
274401
274403
274404
274405
274407
274408
274409
274410
274411
274412
274413
275020
275021
275022
275023
275024
275025
275026
275027
275028
275029
275030
275032
275033
275034
275035
275036
275037
275038
275039
275644
275645
275646
275647
275648
275649
275650
275653
275654
275655
275656
275659
275660
275661
275662
275665
275666
276271
276272
276273
276274
276275
276276
276277
276278
276279
276280
276281
276283
276284
276285
276286
276290
276291
276884
276885
276886
276888
276889
276890
276891
276892
276893
276894
276895
276896
276897
276898
276899
276900
276901
276902
276903
276904
276908
277503
277504
277505
277508
277509
277510
277511
277512
277513
277514
277515
277516
277517
277518
277519
277520
277521
277522
277523
277524
278116
278117
278118
278119
278120
278121
278122
278123
278124
278125
278126
278127
278128
278129
278130
278131
278132
278133
278134
278135
278136
278137
278727
278728
278729
278730
278731
278732
278733
278734
278735
278736
278737
278738
278739
278740
278741
278742
278743
278744
278745
278746
278747
279317
279318
279319
279320
279321
279322
279335
279336
279337
279338
279339
279340
279341
279342
279343
279344
279345
279346
279349
279350
279351
279352
279353
279354
279921
279922
279923
279924
279925
279926
279927
279943
279944
279945
279946
279947
279948
279949
279950
279951
279952
279953
279957
279958
279959
279960
279961
280520
280521
280522
280523
280524
280525
280526
280543
280544
280545
280546
280547
280548
280549
280550
280551
280552
280553
280554
280555
280556
280557
280558
280559
280560
280561
280562
281114
281116
281117
281118
281119
281120
281136
281137
281138
281139
281140
281141
281142
281143
281144
281145
281146
281147
281148
281149
281150
281151
281152
281153
281154
281155
281717
281725
281726
281727
281728
281729
281730
281731
281732
281733
281734
281735
281736
281737
281738
281739
281740
281742
281743
282306
282315
282316
282317
282318
282319
282320
282321
282322
282323
282324
282325
282326
282327
282328
282331
282883
282884
282885
282886
282893
282894
282895
282896
282897
282898
282899
282900
282901
282902
282903
282904
282905
282906
282907
282910
283494
283495
283496
283497
283498
283509
283510
283511
283512
283513
283517
284101
284102
284103
284104
284105
284119
284120
284121
284122
284705
284706
284707
284708
284709
284710
284712
284713
284715
284723
284724
284725
284726
284727
284728
285300
285301
285302
285303
285304
285305
285306
285308
285309
285310
285311
285317
285318
285319
285320
285321
285322
285323
285324
285863
285864
285865
285866
285867
285868
285869
285870
285871
285872
285873
285874
285876
285877
285880
285881
285882
285883
285884
285885
285886
286388
286389
286390
286391
286392
286393
286394
286395
286396
286397
286398
286399
286402
286914
286915
286916
286917
286918
286919
286920
286921
286922
286923
286924
286925
286926
287434
287435
287436
287437
287438
287439
287440
287441
287442
287443
287444
287445
287947
287948
287949
287950
287951
287952
287953
287956
287957
287958
288485
288486
288487
288488
288489
288490
288492
288493
288494
289002
289003
289004
289005
289006
289007
289008
289009
289010
289488
289489
289490
290006
290007
290008