223511
223512
224053
224054
224570
224571
224572
225085
225086
225087
225600
225601
225602
225603
225604
226111
226112
226113
226114
226627
226628
226629
226630
226631
226632
226633
227137
227138
227139
227140
227141
227642
227643
227644
227645
227646
227647
227648
227649
227650
227651
228159
228160
228161
228162
228163
228164
228165
228166
228167
228168
228169
228170
228171
228689
228690
228691
228692
228693
228694
228695
228696
228697
228698
228699
228700
229215
229216
229217
229218
229219
229220
229221
229222
229223
229224
229225
229747
229748
229749
229750
229751
229752
229753
229754
229755
229756
229757
229758
229759
229760
229762
229764
230284
230285
230286
230287
230288
230289
230290
230291
230292
230293
230294
230295
230296
230298
230299
230300
230301
230302
230303
230304
230305
230306
230307
230308
230309
230310
230311
230312
230814
230815
230816
230817
230818
230819
230820
230821
230822
230823
230824
230825
230826
230828
230829
230830
230831
230832
230833
230834
230835
230836
230837
230838
230839
230841
230842
230843
230844
230845
230846
231370
231371
231372
231373
231374
231375
231376
231377
231378
231379
231380
231381
231385
231386
231387
231388
231389
231390
231391
231392
231393
231394
231395
231396
231397
231920
231921
231922
231923
231924
231925
231926
231927
231928
231929
231930
231933
231934
231935
231936
231937
231938
231939
231940
231941
231942
231943
231944
231945
231946
231947
231948
231949
231950
231951
231952
231953
232487
232488
232489
232490
232491
232492
232493
232494
232497
232498
232499
232500
232501
232502
232503
232504
232505
232506
232507
232508
232509
232510
232511
232512
232513
232514
232515
233076
233077
233078
233079
233080
233081
233082
233083
233084
233086
233087
233088
233089
233090
233091
233092
233093
233094
233095
233096
233097
233098
233099
233100
233101
233102
233103
233104
233105
233106
233107
233108
233109
233111
233112
233658
233659
233660
233661
233662
233663
233664
233665
233666
233667
233668
233669
233670
233671
233672
233673
233674
233675
233676
233677
233678
233679
233680
233681
233682
233683
233684
233685
233686
233687
233688
233690
233691
234219
234220
234221
234222
234223
234224
234225
234226
234227
234228
234229
234230
234231
234232
234233
234234
234235
234236
234237
234238
234239
234240
234241
234242
234243
234244
234247
234764
234765
234768
234769
234770
234771
234772
234773
234774
234775
234776
234777
234778
234779
234780
234781
234782
234783
234784
234785
235311
235312
235317
235318
235321
235322
235323
235324
235325
235326
235327
235328
235329
235330
235331
235332
235333
235334
235335
235336
235885
235889
235890
235891
235892
235893
235894
235895
235896
235897
235898
235899
235900
235901
235902
235903
235904
235905
235906
235907
235909
235910
236485
236486
236487
236488
236489
236490
236491
236492
236494
236495
236496
236497
236498
236499
236500
236501
236502
236503
236504
237099
237100
237107
237108
237109
237110
237111
237112
237113
237114
237115
237116
237117
237118
237728
237735
237736
237737
237738
237739
237740
237741
237742
237743
237744
238342
238343
238344
238345
238346
238347
238348
238349
238350
238351
238352
238353
238943
238944
238945
238946
238947
238948
238949
238950
238951
238952
238953
238954
238955
239570
239571
239572
239573
239574
239575
239576
239577
239578
239579
239580
239581
239582
239583
240201
240202
240203
240204
240205
240206
240207
240208
240209
240210
240211
240794
240795
240796
240797
240798
240799
240800
240801
241364
241365
241366
241369
241953