48348
48349
48830
48831
48832
49290
49291
49292
49293
49294
49295
49296
49297
49764
49765
49766
49767
49768
49769
49770
49771
49772
49773
50243
50244
50245
50246
50247
50248
50249
50711
50712
50713
50714
51168
51169
51170
51171
51172
51173
51623
51624
51625
51626
51627
51628
51629
52094
52095
52096
52097
52098
52099
52100
52570
52571
52572
52573
52574
52575
52576
52577
52578
52579
53040
53041
53042
53043
53044
53045
53046
53047
53048
53049
53050
53488
53489
53490
53491
53492
53493
53494
53495
53496
53497
53498
53499
53954
53956
53957
53958
53959
53960
53961
53962
53963
53964
53965
54430
54431
54432
54433
54434
54435
54436
54437
54438
54439
54440
54441
54442
54911
54912
54913
54914
54915
54916
54917
54918
54919
54920
54921
54922
54923
54924
55395
55396
55397
55398
55399
55400
55401
55402
55403
55404
55405
55406
55407
55880
55881
55882
55883
55884
55885
55886
55887
55888
55889
55890
55891
56368
56369
56370
56371
56372
56373
56374
56375
56376
56377
56378
56379
56872
56873
56874
56875
56876
56877
57413
57414
57415
57416
57417
57418
57419
57968
57969
57970
57971
57972
57973
57974
57975
57976
58538
58539
58540
58541
58542
58543
59101
59102
59103
59673
59676
59677
59678
60280
60281
60282
60283
60284
60285
60286
60287
60288
60892
60893
60894
60895
60896
60898
60900
61478
61479
61480
61481
62081
62082
62083
62662
62666
62667
62668
62669
63230
63231
63232
63235
63236
63237
63816
63817
63819
63820
63821
63822
63823
63824
63825
63826
64405
64406
64407
64408
64409
64410
64411
64412
64413
64414
64415
64416
64996
64997
64998
64999
65000
65001
65002
65003
65004
65005
65006
65007
65008
65573
65574
65575
65576
65577
65578
65579
65580
65581
65582
65583
65584
65585
66130
66131
66132
66135
66136
66137
66138
66139
66678
66680
66681
66682
66683
67217
67218
67219
67220
67221
67773
67774
67775
68330
68331
68860
69396
69397
69931
69932
69933
70479
70480
71030
71584
71585
71586
71587
72136
72137
72141
72142
72710
72712
72714
72715
73265
73266
73267
73268
73269
73270
73271
73272
73273
73834
73835
73836
73837
73838
73839
73840
73841
73842
73843
73844
74394
74395
74396
74397
74398
74399
74400
74401
74402
74403
74404
74405
74952
74953
74954
74955
74956
74957
74958
74959
74960
75540
75541
75543
75544
75545
75546
75547
75548
75549
75550
75551
75552
76130
76131
76132
76136
76137
76138
76139
76140
76141
76142
76143
76144
76702
76706
76707
76708
76709
76710
76711
77260
77261
77262
77264
77265
77266
77267
77268
77269
77270
77832
77833
77834
77835
77836
77837
77838
77839
77840
77841
77842
77843
78404
78405
78406
78408
78409
78410
78411
78412
78413
78414
79009
79011
79012
79013
79014
79015
79016
79017
79018
79595
79596
79597
79598
79599
79602
79603
79604
80196
80197
80198
80199
80200
80201
80202
80205
80206
80207
80208
80783
80784
80785
80786
80787
80789
80790
80794
80795
80796
80797
81351
81352
81354
81355
81356
81357
81358
81359
81360
81361
81362
81899
81900
81901
81902
81903
81904
81905
81906
81908
81909
82494
82495
82496
82497
82498
82499
82500
82501
82502
83094
83095
83098
83099