364148
364149
364658
364659
364660
364661
365160
365161
365162
365163
365164
365165
365166
365637
365638
365639
365640
365641
365642
365643
365644
365645
365646
366111
366112
366113
366114
366115
366116
366117
366118
366580
366581
366582
366583
366584
366585
366586
366587
367068
367069
367070
367071
367072
367073
367074
367075
367076
367077
367581
367582
367583
367584
367585
367586
367587
367588
367589
368079
368080
368081
368082
368083
368084
368085
368086
368087
368088
368089
368587
368588
368589
368590
368591
368592
368593
368594
368595
368596
368598
369090
369091
369092
369093
369095
369096
369097
369098
369099
369100
369101
369569
369570
369571
369572
369573
369574
369575
369576
369577
369578
370047
370048
370051
370052
370053
370054
370055
370056
370537
370540
370542
370543
371034
371035
371039
371040
371041
371546
371547
371551
371552
371553
372059
372060
372061
372062
372063
372064
372065
372066
372067
372551
372552
372561
372562
372563
372564
372565
372566
372567
372568
372569
372570
372571
373065
373066
373073
373074
373075
373076
373077
373078
373079
373080
373081
373606
373607
373608
373609
373610
373611
373612
373620
373621
373622
373623
373624
374151
374152
374153
374157
374158
374159
374160
374161
374162
374163
374164
374172
374173
374174
374175
374721
374722
374723
374724
374725
374729
374731
374732
374733
374734
374735
374736
374737
374738
374739
374740
374748
374749
374750
374751
375299
375300
375301
375302
375303
375304
375305
375306
375307
375308
375310
375311
375312
375313
375314
375315
375318
375319
375327
375328
375329
375330
375890
375891
375892
375893
375894
375895
375896
375897
375899
375900
375901
375902
375903
375904
375905
375908
375915
375916
375917
376493
376495
376496
376497
376498
376499
376500
376501
376502
376503
376504
376505
376506
376507
376508
376509
376512
376513
376514
376515
376516
376517
376518
376522
376523
377094
377095
377097
377098
377099
377101
377102
377103
377105
377106
377107
377108
377114
377115
377116
377117
377118
377119
377124
377687
377688
377689
377690
377691
377693
377698
377699
377700
377701
377702
377710
377711
377712
377713
377714
377717
377722
378238
378239
378241
378242
378243
378244
378245
378246
378247
378248
378249
378256
378257
378258
378259
378260
378261
378262
378264
378265
378266
378267
378268
378269
378270
378271
378272
378772
378773
378774
378775
378776
378777
378778
378779
378780
378781
378782
378783
378784
378785
378786
378796
378797
378798
378799
378801
378802
378803
378804
378805
378806
378807
379318
379319
379320
379321
379322
379323
379324
379325
379326
379327
379328
379329
379340
379341
379342
379343
379346
379347
379348
379349
379350
379351
379352
379353
379883
379884
379885
379886
379887
379888
379889
379890
379891
379892
379893
379906
379907
379909
379910
379911
379912
379913
379914
379915
379916
379917
380458
380459
380460
380461
380462
380463
380464
380465
380466
380467
380478
380479
380481
380482
380483
380484
380485
380486
380487
380488
380489
381029
381030
381032
381033
381034
381035
381036
381037
381048
381049
381050
381051
381052
381053
381054
381055
381056
381606
381607
381608
381609
381610
381611
381612
381613
381614
381615
381616
381617
381631
381632
381633
381634
381635
381636
381637
382167
382168
382169
382170
382171
382172
382173
382174
382175
382189
382190
382191
382192
382193
382194
382195
382196
382705
382706
382707
382708
382709
382710
382711
382712
382725
382726
382729
382730
382731
383292
383293
383294
383295
383296
383297
383865
383866