228571
228572
228573
229093
229094
229095
229096
229097
229098
229099
229100
229612
229613
229614
229615
229616
229618
230143
230144
230146
230147
230148
230149
230678
230679
230680
230681
230682
230683
230684
230685
231214
231215
231216
231218
231219
231220
231221
231222
231223
231224
231225
231226
231765
231766
231767
231768
231769
231770
231771
231772
231773
231774
231775
231776
232339
232340
232341
232342
232343
232344
232345
232346
232347
232348
232907
232908
232909
232910
232911
232912
232913
232914
232915
233491
233492
233493
233494
233495
233496
233497
233498
233499
233500
233501
234075
234076
234077
234078
234079
234080
234082
234085
234086
234628
234629
234630
234631
234632
234633
234634
234635
235180
235181
235182
235183
235184
235185
235189
235743
235744
235745
235746
236327
236328
236329
236330
236331
236332
236333
236334
236945
236946
236947
236948
236949
236950
236951
237567
237568
237569
237570
237571
237572
237573
238188
238189
238190
238191
238192
238193
238775
238776
238777
238778
238779
238780
238781
238782
238783
239395
239396
239397
239398
239399
239400
239401
240037
240038
240039
240040
240041
240044
240631
240632
240633
240634
240635
240638
240639
240640
240641
241195
241196
241197
241198
241199
241200
241204
241205
241206
241207
241208
241209
241210
241211
241212
241766
241767
241768
241769
241770
241774
241775
241776
241777
241778
241779
241780
241781
241782
242357
242358
242359
242360
242361
242362
242363
242364
242369
242370
242371
242373
242374
242948
242949
242950
242951
242952
242953
242954
242957
242958
242963
242964
242965
242966
242967
242968
242969
242971
243555
243556
243558
243559
243560
243561
243565
243566
243567
243572
243573
243574
243575
243576
243577
244159
244160
244161
244162
244163
244164
244165
244166
244167
244169
244170
244171
244172
244173
244752
244753
244754
244755
244756
244758
244759
244760
244761
244762
244763
245362
245363
245364
245365
245366
245367
245368
245369
245370
245372
245373
245374
245956
245957
245958
245959
245960
245961
245962
245963
245964
246539
246540
246541
246542
246543
246544
246545
246546
246547
246548
246549
246550
247131
247132
247133
247134
247135
247136
247137
247138
247139
247692
247693
247694
247695
247696
247697
247698
247699
247700
247701
247702
247703
247704
248248
248249
248250
248251
248252
248253
248254
248255
248256
248257
248258
248259
248260
248261
248811
248812
248813
248814
248815
248816
248817
248818
248819
248820
248821
248822
248823
249363
249364
249365
249366
249367
249368
249369
249370
249371
249372
249373
249374
249375
249917
249918
249919
249920
249921
249922
249923
249924
249925
249929
250461
250462
250463
250464
250465
250466
250467
251001
251002
251003
251004
251005
251006
251007
251008
251009
251544
251546
251547
251549
251550
251551
251552
251553
252116
252117
252118
252119
252120
252121
252122
252123
252124
252125
252711
252712
252713
252714
252716
252717
253290
253291
253292
253293
253294
253295
253296
253297
253298
253301
253871
253872
253873
253874
253875
253876
253877
253878
253879
253882
253883
254454
254455
254456
254457
254459
254460
254461
254462
254463
254464
254465
255077
255078
255079
255080
255083
255084
255085
255086
255087
255682
255687
255688
255689
255690
255691
256300
256301
256302
256303
256304
256305
256306
256908
256909
256910
256912
256913
257525
257526
257527
257529
257530
257531
257532
258137
258138
258139
258140
258141
258142
258143
258144
258145
258756
258757
258758
258759
258760
258761
258762
258763
259393