217498
218058
218059
218060
218061
218612
218613
218614
218615
218616
219148
219149
219150
219667
219668
219669
219670
220205
220206
220207
220208
220778
220779
220780
220781
220782
220783
220784
221342
221343
221344
221345
221346
221347
221348
221349
221350
221885
221886
221887
221888
221889
221890
221891
221892
222409
222410
222411
222412
222413
222414
222415
222416
222417
222418
222419
222420
222421
222422
222936
222937
222938
222939
222940
222941
222942
222943
222944
222945
222946
222947
222948
222949
222950
222951
223445
223448
223449
223450
223451
223452
223453
223454
223455
223456
223457
223458
223459
223460
223461
223462
223983
223984
223987
223988
223989
223990
223991
223992
223993
223994
223995
223996
223997
223998
223999
224000
224501
224504
224505
224506
224507
224508
224509
224510
224511
224512
224513
224514
224515
224516
224517
225005
225006
225007
225009
225010
225011
225012
225013
225014
225015
225016
225017
225018
225019
225020
225021
225022
225023
225024
225515
225516
225517
225518
225519
225520
225521
225522
225523
225524
225525
225526
225527
225528
225529
225530
225531
225532
225533
225534
225535
225536
225537
225538
225539
225540
225541
225543
225544
226021
226022
226023
226024
226025
226026
226027
226028
226029
226030
226031
226032
226033
226034
226035
226036
226037
226038
226039
226040
226041
226042
226043
226044
226045
226046
226047
226048
226049
226050
226051
226052
226540
226541
226542
226543
226544
226545
226546
226547
226548
226549
226550
226551
226552
226553
226554
226555
226556
226557
226558
226559
226560
226561
226562
226563
226564
226565
226566
226567
226568
226569
226570
226571
226572
226573
226574
227044
227045
227046
227047
227048
227049
227050
227051
227052
227053
227054
227055
227056
227057
227058
227059
227060
227061
227062
227063
227064
227065
227066
227067
227068
227069
227070
227071
227072
227073
227074
227075
227076
227546
227547
227548
227549
227551
227552
227553
227554
227555
227556
227557
227558
227559
227560
227561
227562
227563
227564
227565
227566
227567
227568
227569
227570
227571
227572
227573
227574
227575
227576
227577
227578
227579
227580
227581
228070
228071
228072
228073
228074
228075
228076
228077
228078
228079
228080
228081
228082
228083
228084
228085
228086
228087
228088
228089
228090
228091
228092
228093
228094
228095
228096
228097
228597
228598
228599
228600
228601
228602
228603
228604
228605
228606
228607
228608
228610
228611
228612
228613
228614
228615
228616
228617
228618
228619
228620
228621
228622
228623
228624
228625
228626
229123
229124
229125
229126
229127
229128
229129
229130
229131
229132
229133
229137
229138
229139
229140
229141
229142
229143
229144
229145
229146
229147
229148
229149
229150
229653
229654
229655
229656
229657
229658
229659
229661
229662
229667
229668
229669
229670
229671
229672
229673
229674
229675
229676
229677
229678
229679
229680
229681
229682
230186
230187
230188
230189
230190
230201
230202
230203
230204
230205
230210
230211
230212
230213
230214
230215
230216
230217
230218
230219
230716
230717
230728
230729
230730
230731
230732
230735
230736
230737
230738
230739
230740
230741
231264
231265
231266
231280
231281
231282
231285
231286
231287
231288
231289
231290
231291
231292
231293
231828
231829
231830
231831
231832
231833
231834
231835
231836
232400
232401
232402
232403
232404
232405
232406
232407
232408
232973
232974
232975
232976
232977
232978
232979
232980
232981
232982
233557
233558
233559
233560
233561
233562
233563
234131
234132
234133
234134