180
181
182
183
184
185
186
187
188
189
190
191
192
193
194
639
640
641
642
643
644
645
646
647
648
649
650
1084
1085
1086
1087
1088
1089
1090
1091
1092
1093
1094
1095
1096
1516
1517
1518
1519
1520
1521
1522
1523
1524
1525
1526
1527
1528
1529
1530
1931
1932
1933
1934
1935
1936
1937
1938
1939
1940
1941
1942
1943
2338
2339
2340
2341
2342
2343
2344
2345
2346
2347
2348
2349
2350
2754
2755
2756
2757
2758
2759
2760
2761
2762
2763
2764
2765
2766
3177
3178
3179
3180
3181
3182
3183
3184
3185
3186
3187
3188
3189
3190
3560
3561
3562
3563
3564
3565
3566
3567
3568
3569
3570
3571
3572
3573
3939
3940
3941
3942
3943
3944
3945
3946
3947
3948
3949
3950
3951
3952
3953
3954
3955
4312
4313
4314
4315
4316
4317
4318
4319
4320
4321
4322
4323
4324
4325
4326
4327
4328
4730
4731
4732
4733
4734
4735
4736
4737
4738
4739
4740
4741
4742
4743
4744
4745
5151
5152
5153
5154
5155
5156
5157
5158
5159
5160
5161
5162
5163
5164
5165
5571
5576
5577
5578
5579
5580
5581
5582
5583
5584
5585
5586
5587
5588
6003
6004
6005
6006
6007
6010
6011
6012
6013
6014
6015
6016
6017
6018
6019
6020
6462
6463
6464
6465
6466
6468
6469
6470
6471
6472
6473
6474
6475
6476
6477
6478
6933
6934
6935
6936
6937
6938
6939
6940
6941
6942
6943
6944
6945
6946
6947
6948
6949
6950
6951
6952
7436
7437
7438
7439
7440
7441
7442
7443
7444
7445
7446
7447
7448
7449
7450
7451
7452
7453
7454
7455
7456
7457
7458
7459
7460
7941
7942
7943
7944
7945
7946
7947
7948
7949
7950
7951
7952
7953
7954
7955
7956
7957
7958
7959
7960
7961
7962
7963
7964
8435
8436
8437
8438
8439
8440
8441
8442
8443
8444
8445
8446
8447
8448
8449
8450
8451
8452
8453
8454
8455
8456
8918
8919
8920
8921
8922
8923
8924
8925
8926
8927
8928
8929
8930
8931
8932
8933
8938
8939
8940
8941
9445
9446
9447
9448
9449
9450
9451
9452
9453
9454
9455
9456
9457
9969
9970
9971
9972
9973
9974
9975
9976
9977
9978
9979
10515
10516
10517
10518
10519
10520
10521
10522
10523
10524
11061
11062
11063
11066
11068
11624
11625
496906
497382
497383
497384
497863
497864
497865
498349
498350
498351
498352
498353
498354
498355
498356
498357
498855
498856
498857
498858
498860
498861
498862
499373
499374
499375
499376
499377
499378
499379
499380
499905
499906
499907
499908
499909
499910
499911
499912
500441
500442
500443
500444
500445
500446
500447
500448
500978
500979
500980
500981
500982
500983
500984
500985
501506
501507
501508
501509
501510
501511
501512
501513
501514
501515
502013
502014
502015
502016
502017
502018
502019
502020
502021
502022
502466
502468
502469
502470
502471
502472
502473
502474
502475
502476
502477
502478
502479
502480
502921
502924
502925
502926
502927
502928
502929
502930
502931
502932
502933
502934
502935
503389
503390
503391
503392
503393
503394
503395
503396
503397
503398
503399
503400
503401