294799
294800
294801
295290
295291
295292
295783
295784
295785
296247
296248
296249
296250
296251
296736
296737
296738
296739
296740
297232
297233
297234
297235
297739
297740
297741
297742
297743
297744
297745
298258
298263
298264
298265
298266
298267
298268
298269
298270
298271
298272
298773
298775
298776
298777
298778
298779
298780
298781
298782
298783
298784
298785
298786
299291
299292
299293
299294
299295
299296
299297
299298
299299
299300
299301
299790
299791
299808
299809
299810
299811
299812
299813
299814
299815
299816
299817
299818
299819
299820
300303
300304
300305
300318
300323
300324
300325
300326
300327
300328
300333
300334
300335
300336
300337
300841
300842
300843
300845
300846
300850
300851
300856
300857
300859
300860
300861
300862
300863
300864
300865
300866
300867
300868
300873
300874
300875
300876
300877
301375
301376
301377
301378
301379
301380
301382
301383
301384
301385
301386
301390
301391
301394
301395
301396
301397
301398
301399
301400
301403
301406
301407
301911
301912
301913
301914
301915
301916
301917
301918
301919
301920
301921
301927
301928
301929
301930
301931
301932
301933
301934
301935
301936
301942
301944
302438
302439
302440
302441
302442
302443
302444
302445
302446
302447
302448
302449
302450
302451
302454
302455
302456
302457
302458
302459
302460
302461
302462
302463
302464
302470
302471
302982
302983
302984
302985
302986
302987
302988
302989
302990
302991
302992
302996
302997
302998
302999
303000
303001
303002
303003
303004
303005
303006
303011
303012
303013
303521
303522
303523
303524
303526
303528
303529
303530
303531
303532
303533
303534
303535
303536
303537
303538
303540
303541
303542
303543
303549
303550
304067
304068
304069
304070
304071
304076
304077
304078
304079
304080
304081
304082
304083
304084
304087
304088
304090
304093
304094
304095
304617
304618
304619
304620
304621
304622
304626
304629
304630
304634
304635
304636
304637
304638
304639
304640
304641
304642
304643
304644
304645
304646
305167
305168
305169
305170
305171
305172
305183
305184
305185
305186
305187
305188
305189
305190
305191
305192
305193
305713
305714
305718
305719
305720
305721
305722
305723
305737
305739
305740
305741
305742
305743
305744
305745
305746
305747
306279
306280
306284
306285
306286
306287
306288
306301
306302
306303
306304
306305
306306
306307
306308
306309
306310
306311
306823
306824
306825
306826
306827
306828
306829
306830
306831
306835
306836
306837
306851
306852
306853
306854
306855
306856
306857
306858
306859
306860
306861
306862
306863
306864
307380
307381
307382
307383
307384
307385
307386
307387
307388
307389
307390
307391
307392
307393
307405
307406
307407
307408
307409
307410
307411
307412
307413
307414
307415
307913
307914
307915
307916
307917
307918
307919
307920
307921
307923
307924
307925
307926
307927
307928
307929
307930
307942
307943
307944
307945
307946
307947
307948
307949
307950
307951
307952
307953
307954
308462
308463
308464
308465
308466
308467
308468
308469
308470
308471
308473
308474
308475
308476
308477
308478
308490
308491
308492
308493
308494
308495
308496
308497
308498
308499
308501
308502
309010
309012
309013
309014
309015
309020
309021
309041
309042
309043
309044
309045
309046
309047
309048
309055
309550
309551
309552
309553
309559
309578
309579
309580
309581
309582
309583
309584
309585
310089
310090
310091
310092
310114
310116
310117
310118
310119
310120
310121
310643
310644
310645
310668
310669
310670
310671
310672
311180
311181
311182
311183
311206
311207
311208
311209
311726