430797
430799
430800
431338
431339
431340
431341
431342
431343
431857
431858
431859
431860
431861
432365
432366
432367
432368
432369
432887
432888
432889
432890
432891
432892
432895
432896
432897
432898
433391
433392
433393
433402
433405
433406
433407
433408
433414
433415
433416
433893
433894
433895
433901
433902
433903
433905
433906
433907
433908
433909
433913
433914
433915
434388
434389
434396
434397
434398
434399
434400
434401
434402
434403
434404
434405
434406
434407
434408
434410
434411
434412
434413
434880
434881
434882
434883
434884
434885
434887
434888
434894
434895
434896
434897
434898
434899
434900
434901
434902
434903
434904
434905
434906
434907
434908
434909
434910
434911
434912
435390
435391
435392
435393
435395
435397
435398
435402
435403
435404
435405
435406
435408
435409
435410
435411
435412
435413
435417
435873
435874
435875
435876
435878
435880
435881
435882
435884
435885
435886
435888
435889
435890
435891
435892
435893
435894
435897
435904
435913
436343
436344
436345
436346
436347
436348
436349
436350
436351
436352
436353
436354
436355
436363
436364
436365
436368
436369
436370
436371
436372
436373
436375
436379
436380
436790
436791
436792
436793
436794
436799
436810
436811
436812
436813
436814
436815
436816
436818
436819
436820
436821
436822
436823
436824
436825
436827
436828
436829
436830
436831
437251
437252
437253
437254
437255
437257
437258
437259
437266
437267
437268
437706
437707
437708
437711
437713
437714
437721
437722
438155
438156
438157
438158
438159
438161
438162
438163
438170
438171
438606
438611
438612
438613
438614
438615
438616
438617
438618
438624
438625
439045
439046
439047
439048
439049
439050
439051
439052
439053
439055
439056
439057
439063
439064
439065
439481
439482
439483
439484
439485
439486
439487
439488
439489
439490
439495
439496
439497
439891
439892
439893
439894
439895
439896
439897
439898
439899
439900
439901
439902
439903
439904
439911
439912
439913
439914
440278
440279
440280
440281
440282
440283
440284
440285
440286
440287
440288
440289
440290
440291
440297
440298
440664
440665
440666
440667
440668
440669
440670
440671
440672
440673
440674
440675
440676
440677
440678
440685
440686
440687
440688
441054
441055
441056
441057
441058
441059
441060
441061
441062
441063
441064
441065
441066
441069
441070
441071
441072
441073
441074
441075
441456
441457
441458
441462
441463
441464
441469
441470
441471
441472
441473
441474
441830
441831
441832
441833
441834
441835
441836
441837
441840
441841
441842
441843
441844
441846
441847
441848
441849
442177
442179
442180
442181
442182
442183
442184
442186
442187
442188
442192
442540
442541
442542
442543
442544
442545
442546
442547
442548
442549
442902
442903
442904
442905
442906
442907
442908
442909
443277
443278
443279
443280
443281
443282
443283
443646
443647
443648
443649
443650
443651
443652
443653
444010
444011
444012
444013
444014
444015
444016
444017
444018
444019
444020
444376
444377
444378
444379
444380
444381
444382
444383
444384
444385
444386
444387
444738
444739
444740
444741
444742
444743
444744
445101
445102
445103
445104
445105
445106
445107
445108
445109
445110
445467
445468
445469
445470
445471
445472
445473
445474
445475
445476
445477
445829
445830
445831
445832
445833
445834
445835
445836
445837
445838
445839
445840
445841
445842
445843
445844
446192
446193
446194
446195
446196
446197
446198
446199
446200
446201
446202
446203
446204
446205
446556
446557
446558
446559
446560
446561
446562
446564
446565
446566
446567
446888
446889
446899