26566
27048
27049
27050
27552
27553
27554
27555
28062
28063
28064
28065
28066
28546
28547
28548
28549
28550
28551
28552
28553
29010
29011
29012
29013
29014
29015
29016
29017
29018
29478
29479
29480
29481
29482
29483
29484
29485
29486
29487
29488
29489
29492
29947
29949
29950
29951
29952
29953
29954
29955
29956
29957
29958
29959
29960
29961
29962
29964
29965
30432
30433
30434
30435
30436
30437
30438
30439
30440
30441
30442
30443
30444
30445
30446
30447
30448
30449
30450
30452
30453
30455
30456
30933
30934
30935
30936
30937
30938
30939
30940
30941
30942
30943
30944
30945
30946
30947
30948
30949
30950
30951
30952
30953
30954
30955
30956
31430
31431
31432
31433
31434
31435
31436
31437
31438
31439
31440
31441
31442
31443
31444
31445
31446
31447
31448
31449
31953
31954
31955
31956
31957
31958
31959
31960
31961
31962
31963
31964
31965
31966
31967
31968
31969
31970
31971
31972
31973
31974
31975
31976
31977
32469
32470
32471
32472
32473
32474
32475
32476
32477
32478
32479
32480
32481
32482
32483
32484
32485
32486
32487
32488
32489
32490
32491
32974
32975
32976
32977
32978
32979
32980
32981
32982
32983
32984
32985
32986
32987
32988
32989
32990
32991
32992
32993
32994
32995
32996
33474
33475
33476
33477
33478
33479
33480
33481
33482
33483
33484
33485
33486
33487
33488
33489
33490
33491
33492
33972
33973
33974
33975
33976
33977
33978
33979
33980
33981
33982
33983
33984
33985
33986
33987
33988
33989
34485
34486
34487
34488
34495
34496
34497
34498
34499
34500
34502
34503
34504
34505
35012
35013
35014
35021
35022
35023
35024
35025
35026
35027
35028
35029
35035
35036
35037
35038
35039
35524
35532
35533
35534
35535
35536
35537
35538
35539
35540
35541
35546
35547
35548
35549
35550
36030
36031
36032
36033
36035
36036
36037
36038
36039
36040
36041
36042
36043
36044
36045
36046
36047
36048
36510
36511
36512
36513
36514
36515
36516
36517
36518
36520
36521
36522
36523
36524
36984
36985
36986
36987
36988
36989
36990
36991
36992
37457
37458
37459
37460
37461
37462
37463
37464
37465
37933
37936
37937
37938
37939
37940
37941
38440
38441
38442
38444
38954
38956
38957
39467
39468
39469
39473
39474
39475
39476
39995
39996
39997
39998
39999
40001
40002
40003
40004
40005
40520
40521
40522
40523
40524
40525
40526
40527
40528
40529
40530
41040
41041
41042
41043
41047
41048
41049
41603
41604
41605
41606
41607
41608
41609
41610
41611
42180
42181
42182
42183
42184
42185
42186
42187
42188
42189
42190
42763
42764
42765
42766
42767
42768
42769
42770
42771
42772
42773
42774
42775
42776
42777
42778
42779
42780
43335
43336
43337
43338
43339
43340
43341
43342
43343
43344
43345
43346
43347
43348
43349
43351
43352
43895
43896
43899
43905
43906
43907
43908
43909
43910
43911
43912
44464
44465
44466
44467
44468
44469
44470
44999
45000
45001
45002
45003
45528
45529
45530
46041
46042
46043
46044
46045
46046
46047
46549
46550
46551
46552
46553
46554
46555
46556
46557
47019
47020
47021
47022
47024
47473
47474
47475
47476
47477
47478
47909
47910
47911
47912
47913
47914
47915
48378
48380
48381
48382