37065
37531
37532
38017
38018
38019
38521
38522
38523
38524
38525
39028
39029
39030
39031
39032
39548
39549
39550
39551
39552
39553
39554
39555
39556
39572
39573
40078
40079
40080
40081
40082
40083
40084
40085
40086
40087
40100
40101
40102
40103
40104
40605
40606
40607
40608
40609
40610
40611
40612
40613
40614
40615
40616
40617
40618
40619
40631
40632
40633
40634
40635
41133
41134
41135
41136
41137
41139
41140
41141
41142
41143
41144
41145
41147
41148
41149
41160
41161
41162
41163
41703
41704
41705
41706
41707
41708
41709
41710
41711
41712
41713
41714
41715
41716
41717
41718
41725
41726
41727
41728
41729
41730
41731
42275
42276
42277
42278
42279
42280
42281
42282
42283
42284
42285
42286
42287
42288
42289
42290
42291
42292
42293
42294
42300
42306
42307
42308
42309
42848
42849
42850
42851
42852
42853
42854
42855
42856
42857
42858
42859
42860
42861
42862
42863
42864
42865
42866
42867
42868
42869
42870
42871
42874
42880
42881
42882
42883
42884
43411
43412
43413
43414
43415
43416
43417
43418
43419
43420
43421
43422
43423
43425
43426
43427
43428
43429
43430
43431
43432
43433
43434
43435
43437
43438
43439
43440
43444
43445
43446
43447
43448
43972
43973
43974
43975
43976
43977
43978
43979
43980
43981
43982
43983
43984
43985
43990
43991
43992
43993
43994
43995
43996
43997
43998
43999
44000
44001
44002
44003
44004
44005
44006
44007
44008
44009
44521
44522
44523
44524
44525
44526
44527
44528
44529
44530
44531
44532
44533
44534
44535
44538
44539
44540
44541
44542
44543
44544
44545
44546
44547
44548
44549
44550
44551
44552
44553
44554
44555
44556
44557
45049
45050
45051
45052
45053
45054
45055
45056
45057
45058
45059
45060
45061
45062
45063
45064
45065
45066
45067
45068
45069
45070
45071
45072
45073
45074
45075
45076
45077
45584
45585
45586
45587
45588
45589
45590
45591
45592
45593
45594
45595
45596
45597
45598
45599
45600
45601
45602
45603
45604
45605
45606
45607
45608
45609
45610
45611
45612
45614
45615
46089
46090
46091
46092
46093
46094
46095
46096
46097
46098
46099
46100
46101
46102
46103
46104
46105
46106
46107
46108
46109
46110
46111
46112
46113
46114
46115
46116
46117
46121
46122
46123
46607
46608
46609
46610
46611
46612
46613
46614
46615
46616
46617
46618
46619
46620
46621
46622
46623
46624
46625
46626
46627
47070
47071
47072
47073
47074
47075
47076
47077
47078
47079
47080
47081
47082
47083
47084
47085
47086
47087
47088
47089
47090
47531
47532
47533
47534
47535
47536
47537
47538
47539
47540
47541
47542
47543
47544
47545
47546
47547
47548
47972
47973
47974
47975
47976
47977
47978
47980
47981
47982
47983
47984
47985
47986
48445
48446
48447
48448
48449
48453
48455
48456
48457
48458
48459
48924
48925
48926
48930
48931
48933
48934
48935
48936
48937
48938
48939
49393
49394
49404
49405
49406
49407
49408
49410
49885
49886
49887
49888
49889
49890
49891
50355
50356
50357
50358
50359
50360
50361
50362
50833
50834
50835
50836
50837
50838
50839
50840
50841
50842
50843
50844
51297
51298
51299
51301
51302
51303
51304
51764
51765
51766
51767
52228
52229
52230
52700