468562
468563
468863
468864
468865
468866
469155
469156
469157
469158
469159
469160
469161
469162
469449
469450
469451
469452
469453
469454
469460
469461
469728
469729
469730
469733
469734
469735
469736
469741
469742
469743
469999
470000
470001
470002
470003
470007
470008
470009
470010
470011
470020
470021
470022
470023
470024
470252
470254
470255
470256
470257
470258
470261
470262
470263
470264
470265
470273
470274
470275
470276
470277
470278
470499
470501
470502
470503
470504
470505
470508
470509
470510
470511
470512
470513
470514
470515
470516
470520
470521
470522
470523
470524
470755
470756
470761
470762
470763
470764
470765
470766
470767
470768
470769
470770
470771
470772
470773
470776
470777
470778
470779
470780
470781
470782
470783
471030
471031
471032
471033
471034
471035
471036
471037
471038
471039
471040
471041
471042
471043
471044
471045
471046
471047
471048
471049
471052
471054
471055
471056
471057
471058
471059
471303
471304
471305
471306
471307
471308
471309
471310
471311
471312
471313
471314
471315
471316
471317
471318
471319
471320
471321
471322
471323
471324
471325
471326
471327
471328
471329
471330
471331
471332
471333
471582
471583
471584
471585
471586
471587
471588
471589
471590
471591
471592
471593
471594
471595
471596
471597
471598
471599
471600
471601
471602
471603
471604
471605
471606
471607
471837
471838
471839
471840
471841
471842
471843
471844
471845
471846
471847
471848
471849
471850
471851
471852
471853
471854
471855
471856
471857
471858
471859
471860
471861
471862
472112
472113
472114
472115
472116
472117
472118
472119
472120
472121
472122
472123
472124
472125
472126
472127
472128
472129
472130
472131
472132
472135
472136
472137
472138
472139
472140
472141
472142
472408
472409
472410
472411
472412
472413
472414
472415
472416
472417
472418
472419
472420
472421
472422
472423
472424
472425
472426
472427
472428
472429
472430
472433
472434
472435
472436
472437
472439
472712
472713
472714
472715
472716
472717
472718
472719
472720
472721
472722
472723
472724
472725
472726
472727
472728
472729
472733
472734
472735
473014
473015
473016
473017
473018
473019
473020
473021
473022
473023
473024
473025
473026
473027
473028
473029
473030
473037
473317
473318
473319
473320
473321
473322
473323
473324
473325
473326
473327
473328
473329
473330
473331
473332
473333
473622
473623
473624
473625
473626
473627
473628
473629
473630
473631
473632
473633
473634
473635
473636
473637
473638
473639
473948
473949
473950
473951
473952
473953
473954
473955
473956
473957
473958
473959
473960
473961
473962
473963
473964
474271
474272
474273
474274
474275
474276
474277
474278
474279
474280
474281
474282
474283
474284
474285
474589
474590
474591
474592
474593
474594
474595
474596
474597
474598
474599
474600
474601
474602
474603
474604
474909
474910
474911
474912
474913
474914
474915
474916
474917
474918
474919
474920
474921
475237
475238
475239
475240
475241
475242
475243
475244
475245
475246
475247
475579
475580
475581
475582
475583
475584
475585
475586
475587
475588
475904
475905
475906
475907
475908
475909
475910
475911
475912
475913
475914
475915
476243
476244
476245
476246
476247
476248
476249
476250
476251
476252
476253
476588
476589
476590
476591
476592
476593
476594
476595
476596
476597
476598
476599
476600
476950
476951
476952
476953
476954
476955
476956
476958
476959
476960
476961
477308
477309
477310
477311
477312
477315
477677
477678
477679
477680
477681
478056
478057
478423
478424
478425
478426
478769
478770
478771
478772
479118