50
51
52
53
54
55
62
63
65
66
514
515
516
517
518
519
520
521
525
526
527
528
529
971
972
973
974
975
976
977
978
979
980
981
982
983
984
1396
1397
1398
1399
1400
1401
1402
1403
1404
1405
1406
1407
1408
1409
1410
1805
1806
1810
1811
1812
1813
1814
1815
1816
1817
1818
1819
1820
1821
1822
1823
1824
2213
2214
2215
2216
2218
2219
2222
2223
2224
2225
2226
2227
2229
2230
2231
2232
2233
2234
2235
2236
2617
2618
2619
2620
2621
2622
2624
2625
2626
2627
2628
2630
2631
2633
2634
2635
3033
3034
3035
3036
3037
3038
3039
3040
3046
3051
3417
3418
3419
3420
3421
3422
3423
3424
3791
3792
3793
3794
4166
4167
4168
4169
4572
4573
4574
4575
4576
4988
4989
4990
4991
494509
494510
494511
494965
494966
494967
494968
494982
495412
495413
495414
495415
495428
495430
495431
495432
495433
495434
495873
495874
495875
495876
495885
495886
495887
495888
495889
495890
495891
495892
495893
495894
495895
496314
496315
496316
496317
496318
496327
496328
496329
496333
496334
496335
496336
496772
496773
496774
496775
496776
496777
496778
496779
496780
496785
496786
496787
496788
496789
496790
496791
497256
497257
497258
497259
497260
497261
497262
497263
497264
497265
497273
497275
497276
497277
497280
497281
497282
497737
497738
497739
497740
497741
497742
497743
497744
497745
497746
497753
497754
497756
497757
497758
497759
497760
497761
497762
497763
498221
498225
498226
498227
498228
498229
498230
498231
498232
498233
498236
498237
498238
498239
498240
498241
498244
498245
498246
498247
498248
498725
498726
498727
498728
498729
498730
498731
498732
498733
498734
498735
498736
498737
498738
498742
498743
498744
498745
498746
498750
498751
498752
498753
498754
499241
499242
499243
499244
499245
499246
499247
499248
499249
499250
499251
499252
499253
499259
499260
499261
499262
499263
499264
499265
499267
499268
499269
499270
499271
499272
499756
499757
499758
499759
499760
499761
499762
499763
499764
499765
499766
499767
499768
499774
499775
499776
499777
499778
499779
499780
499783
499784
499785
499786
499787
499788
499789
499790
500292
500293
500294
500295
500296
500297
500298
500299
500300
500301
500302
500303
500308
500309
500310
500311
500312
500313
500314
500315
500318
500319
500320
500321
500322
500323
500827
500828
500829
500830
500831
500832
500833
500834
500835
500836
500837
500838
500839
500840
500841
500842
500843
500844
500845
500846
500847
500848
500849
500850
500851
500852
500853
500854
500855
501343
501344
501345
501346
501347
501348
501349
501350
501351
501352
501353
501354
501355
501356
501357
501358
501359
501360
501361
501362
501363
501364
501365
501366
501367
501368
501369
501861
501862
501863
501864
501865
501866
501867
501868
501869
501870
501871
501872
501874
501875
501876
501877
501878
501879
501880
501881
501882
501883
501884
502326
502327
502328
502329
502330
502331
502332
502333
502334
502335
502336
502337
502338
502339
502340
502341
502342
502343
502344
502345
502346
502347
502348
502349
502350
502784
502785
502786
502787
502788
502789
502790
502792
502793
502794
502796
502797
502798
502799
502800
502801
502802
502803
502804
502805
503254
503255
503256
503257
503258
503259
503264
503266
503267
503268
503269
503270
503272