448788
448789
448790
448791
449106
449107
449108
449109
449110
449111
449112
449113
449114
449441
449442
449443
449444
449445
449446
449447
449448
449449
449450
449451
449769
449770
449771
449772
449773
449774
449775
449778
449779
449780
450114
450115
450116
450117
450118
450119
450120
450121
450122
450123
450124
450125
450126
450454
450455
450456
450457
450458
450459
450460
450461
450462
450463
450464
450465
450466
450467
450468
450776
450777
450778
450779
450780
450781
450782
450783
450784
450785
450786
450787
450788
450789
450790
451104
451105
451106
451107
451108
451109
451110
451111
451112
451113
451114
451115
451116
451118
451119
451428
451429
451430
451431
451432
451433
451434
451435
451436
451437
451438
451439
451441
451442
451740
451744
451745
451746
451747
451748
451749
451750
451751
451752
451753
451754
451755
451756
451757
452062
452066
452067
452068
452069
452070
452071
452072
452073
452074
452075
452076
452077
452078
452079
452080
452372
452373
452375
452376
452377
452378
452379
452380
452381
452382
452383
452384
452385
452386
452387
452699
452700
452701
452702
452703
452704
452705
452706
452707
452708
452709
452710
452711
452712
452713
452714
452715
452716
453034
453035
453036
453037
453038
453039
453040
453041
453042
453043
453044
453045
453046
453047
453048
453049
453050
453051
453052
453373
453374
453375
453376
453377
453378
453379
453380
453381
453382
453383
453384
453385
453386
453387
453388
453389
453695
453696
453699
453700
453701
453702
453703
453704
453705
453706
453707
453708
453709
453710
453711
453712
454011
454012
454013
454014
454015
454016
454017
454018
454019
454020
454321
454322
454323
454324
454325
454326
454327
454328
454329
454647
454648
454649
454650
454652
454653
454654
454655
454967
454968
454969
454970
454972
454973
454974
454975
455272
455273
455274
455275
455276
455277
455278
455279
455280
455283
455284
455285
455286
455287
455288
455289
455290
455291
455292
455591
455600
455601
455602
455603
455604
455605
455606
455607
455608
455609
455610
455611
455612
455613
455616
455617
455618
455619
455620
455621
455622
455623
455624
455625
455626
455627
455628
455940
455942
455943
455944
455949
455950
455951
455952
455953
455954
455955
455956
455957
455958
455959
455960
455961
455962
455963
455964
455965
455966
455968
455969
455970
455971
455972
455973
455974
455975
456293
456294
456295
456296
456297
456298
456299
456300
456301
456302
456303
456304
456305
456306
456307
456308
456309
456310
456311
456312
456313
456314
456315
456316
456317
456318
456319
456323
456324
456627
456628
456629
456630
456631
456632
456633
456634
456635
456636
456637
456638
456639
456640
456641
456642
456643
456644
456645
456646
456647
456648
456649
456650
456652
456653
456654
456950
456951
456952
456953
456954
456955
456956
456957
456958
456959
456960
456961
456962
456963
456964
456965
456966
456967
456968
456969
456970
456971
456972
456973
456974
456975
456977
456978
456979
457274
457275
457276
457277
457278
457279
457280
457281
457282
457283
457284
457285
457286
457287
457288
457289
457290
457291
457293
457294
457295
457296
457598
457599
457600
457601
457602
457603
457604
457605
457606
457607
457608
457609
457610
457611
457612
457613
457614
457615
457616
457617
457618
457914
457915
457916
457917
457918
457919
457920
457921
457922
457923
457924
458209
458210
458211
458212
458213
458214
458215
458216
458217
458520
458521
458522
458523
458524
458833
458834
458835
458836
458837
458838
459154
459155
459156
459157
459458
459459
459761