298232
298233
298234
298235
298746
298747
298748
298749
299264
299265
299266
299779
299780
299781
299782
299783
300291
300292
300293
300294
300295
300296
300297
300298
300828
300829
300830
300831
300832
300833
300834
300835
300836
300837
301360
301361
301362
301363
301364
301365
301366
301367
301368
301369
301370
301896
301897
301898
301899
301900
301901
301902
301903
301904
301905
301906
302411
302412
302420
302421
302422
302423
302424
302426
302427
302428
302429
302430
302431
302432
302952
302953
302954
302955
302959
302960
302961
302962
302964
302965
302966
302967
302968
302969
302970
302971
302972
302973
302974
303494
303495
303496
303497
303498
303501
303502
303503
303504
303505
303506
303507
303508
303509
303510
303511
303512
303513
303514
303515
303516
304038
304039
304042
304043
304044
304045
304046
304047
304048
304049
304050
304051
304052
304053
304054
304055
304056
304057
304058
304059
304060
304061
304062
304063
304586
304587
304588
304589
304590
304591
304595
304596
304597
304598
304599
304600
304601
304602
304603
304604
304605
304606
304607
304608
304609
304610
304611
304612
304613
304614
304615
305136
305137
305138
305139
305140
305144
305145
305146
305147
305148
305149
305150
305151
305152
305153
305154
305155
305156
305157
305158
305159
305160
305161
305162
305163
305164
305684
305685
305686
305687
305688
305689
305690
305691
305692
305693
305694
305695
305696
305697
305698
305699
305700
305701
305702
305703
305704
305705
305706
305707
305708
305709
305710
305711
305712
305713
305714
306250
306251
306252
306253
306254
306255
306256
306257
306258
306259
306260
306261
306262
306263
306264
306265
306266
306267
306268
306269
306270
306271
306272
306273
306274
306275
306276
306277
306278
306279
306280
306796
306797
306798
306800
306803
306804
306805
306806
306807
306808
306809
306810
306811
306812
306813
306814
306815
306816
306817
306818
306819
306820
306821
306822
306823
306824
306825
306826
306827
306828
306830
306831
307355
307356
307357
307358
307361
307362
307363
307364
307365
307366
307367
307370
307371
307372
307373
307374
307375
307376
307377
307378
307379
307380
307381
307382
307383
307384
307385
307386
307387
307891
307892
307896
307897
307898
307899
307900
307901
307904
307905
307906
307907
307908
307909
307910
307911
307912
307913
307914
307915
307916
307917
307918
307919
307920
307921
307922
308440
308441
308442
308443
308444
308445
308446
308447
308448
308449
308453
308454
308455
308456
308457
308458
308459
308460
308461
308462
308463
308464
308465
308466
308467
308468
308469
308470
308471
308991
308992
308993
308994
308995
308996
308997
308998
308999
309000
309003
309004
309005
309006
309007
309008
309009
309010
309011
309012
309013
309014
309015
309016
309017
309018
309019
309020
309021
309527
309528
309529
309530
309531
309532
309533
309534
309535
309537
309538
309546
309547
309548
309549
309550
309551
309552
309553
309556
309557
309558
309559
310070
310071
310072
310085
310086
310087
310088
310089
310090
310091
310092
310094
310095
310096
310097
310098
310622
310623
310624
310639
310641
310642
310643
310644
310645
310646
310647
310648
310649
310650
310651
310652
310653
310654
310655
311161
311162
311163
311180
311181
311182
311183
311184
311185
311186
311187
311188
311189
311190
311191
311192
311703
311704
311705
311724
311725
311726
311727
311728
311729
311730
311731
311732
311733
311734
311735
312229
312249
312252
312253
312254
312255
312751
312752
313219
313220
313221
313697
313698
313699
314159
314160