233105
233684
234238
234239
234240
234241
234242
234247
234248
234249
234250
234774
234775
234776
234777
234778
234779
234780
234781
234782
234783
234784
234785
234786
234787
235327
235328
235329
235330
235331
235332
235333
235334
235335
235336
235337
235899
235900
235901
235902
235903
235904
235906
235907
235908
235909
235910
236495
236496
236497
236498
236499
236500
236503
236504
236505
236506
236507
237111
237112
237113
237114
237115
237116
237117
237118
237119
237120
237123
237124
237125
237126
237738
237739
237740
237741
237742
237743
237744
237745
237746
237747
237748
237749
237750
237751
237752
237753
237754
237755
238344
238345
238346
238347
238348
238349
238350
238351
238352
238353
238354
238355
238356
238357
238359
238360
238361
238362
238943
238944
238945
238946
238947
238948
238949
238950
238951
238952
238953
238954
238955
238956
238957
238961
238962
238963
239570
239571
239572
239573
239574
239575
239576
239577
239578
239579
239580
239581
239582
239583
239584
239585
239586
239587
239588
239589
239590
239591
240201
240202
240205
240206
240207
240208
240209
240210
240211
240212
240213
240214
240215
240216
240217
240218
240219
240220
240221
240222
240223
240224
240797
240798
240799
240800
240801
240802
240803
240804
240805
240806
240807
240808
240809
240810
240811
240812
240813
240814
240815
240816
240817
241367
241368
241369
241370
241371
241372
241373
241374
241375
241376
241377
241378
241379
241380
241381
241382
241383
241384
241385
241386
241387
241388
241389
241954
241955
241956
241957
241958
241959
241960
241961
241962
241963
241964
241965
241966
241967
241968
241969
241970
241971
241972
242555
242556
242557
242558
242559
242560
242561
242562
242563
242564
242565
242566
242567
242568
243153
243154
243155
243156
243157
243158
243159
243160
243161
243162
243163
243164
243165
243166
243167
243169
243758
243759
243760
243761
243762
243763
243764
243765
243766
243767
243768
243769
243770
243771
243772
243773
243774
243775
243776
243779
244359
244360
244361
244363
244364
244365
244366
244367
244368
244369
244370
244371
244372
244373
244374
244375
244376
244377
244378
244379
244380
244381
244382
244383
244964
244965
244966
244967
244968
244969
244970
244971
244972
244973
244974
244975
244976
244977
244978
244979
244980
244981
244982
244983
244984
244985
244986
244987
244988
245572
245573
245574
245575
245576
245577
245578
245579
245580
245581
245582
245583
245584
245585
245586
245587
245588
245589
245590
245591
245592
245593
245594
245595
245596
245597
245598
245599
245600
246157
246158
246159
246161
246162
246163
246164
246165
246166
246167
246168
246169
246170
246171
246172
246173
246174
246175
246176
246177
246178
246179
246180
246739
246741
246742
246743
246744
246745
246746
246747
246748
246749
246750
246751
246752
246753
246754
246755
246756
246757
246758
246759
246760
246761
246762
246763
246764
246765
247317
247318
247319
247320
247321
247322
247323
247324
247325
247326
247327
247328
247329
247330
247332
247333
247334
247335
247336
247337
247338
247339
247340
247341
247342
247343
247888
247889
247892
247893
247894
247895
247896
247897
247898
247902
247903
247904
247905
247906
247907
248445
248446
248448
248449
248450
248451
248452
248453
248454
248457
248458
248459
248460
248461
248462
249000
249002
249003
249004
249005
249006
249007
249008
249009
249010
249011
249012
249013
249551
249552
249553
249554
249555
249556
249557
249558
249559
249560
249561
249562
250097
250098
250099
250100
250101
250102
250106
250107
250635