10171
10723
10724
10725
11267
11268
11269
11270
11271
11272
11843
11844
11845
11846
11847
11848
12415
12423
12424
12425
12426
12427
12428
12999
13000
13001
13002
13003
13010
13011
13012
13013
13014
13015
13588
13589
13590
13591
13592
13600
13601
13602
13603
13604
14184
14185
14186
14187
14188
14189
14190
14198
14199
14200
14202
14203
14204
14205
14775
14776
14777
14778
14779
14791
14792
14793
15359
15360
15361
15362
15363
15376
15377
15378
15921
15922
15923
15924
15925
15926
15932
15933
15934
15935
15936
15937
15938
16511
16512
16513
16514
16515
16516
16517
16518
16519
16520
16521
16522
16523
16524
16525
16526
16527
16528
16529
16530
16531
16532
17084
17085
17086
17087
17088
17089
17090
17091
17092
17093
17094
17095
17096
17097
17098
17099
17100
17101
17102
17103
17104
17665
17666
17667
17668
17669
17670
17671
17672
17674
17675
17676
17677
17678
17679
17680
17681
17682
18216
18217
18218
18219
18220
18221
18222
18223
18224
18225
18226
18227
18228
18229
18230
18757
18758
18759
18760
18761
18762
18763
18764
18765
18766
18767
18768
18769
18770
18771
18772
19306
19307
19308
19309
19310
19311
19312
19313
19314
19315
19316
19317
19318
19319
19320
19321
19322
19854
19855
19856
19857
19858
19859
19860
19861
19862
19863
19864
19865
19866
19867
19868
19869
19870
20397
20398
20399
20400
20401
20402
20403
20404
20405
20406
20407
20408
20409
20410
20411
20412
20413
20414
20415
20416
20955
20956
20957
20958
20959
20960
20961
20962
20963
20964
20965
20966
20967
20968
20969
20970
20971
20972
20973
20978
21500
21501
21502
21503
21504
21505
21506
21507
21508
21509
21511
21512
21513
21514
21515
21516
21517
21518
21519
21520
21521
21522
21523
21524
21525
21526
22040
22041
22042
22043
22044
22045
22046
22047
22048
22049
22050
22052
22053
22054
22055
22056
22057
22058
22059
22060
22061
22062
22063
22573
22574
22575
22576
22577
22578
22579
22580
22581
22582
22583
22584
22585
22586
22587
22588
22589
22590
22592
22593
22594
22595
23098
23099
23100
23101
23102
23103
23104
23105
23106
23107
23108
23109
23110
23111
23112
23113
23114
23121
23624
23625
23626
23629
23630
23631
23632
23633
23634
23635
23636
23637
23638
23639
23640
23641
23642
23643
23644
23645
24143
24144
24145
24149
24150
24151
24152
24153
24154
24155
24156
24157
24158
24159
24160
24161
24162
24163
24636
24637
24638
24639
24640
24641
24642
24643
24644
24645
24646
24647
24648
24649
24650
24651
24652
24653
24654
25124
25125
25126
25127
25128
25129
25130
25131
25132
25133
25134
25135
25136
25137
25138
25139
25140
25141
25142
25631
25632
25633
25634
25635
25636
25637
25638
25639
25640
25641
25642
25643
25644
26110
26111
26112
26113
26114
26115
26116
26117
26118
26119
26120
26121
26122
26123
26124
26125
26126
26614
26615
26616
26617
26618
26619
26620
26621
26622
26623
26624
26625
26626
26627
26628
26629
26630
27097
27098
27099
27100
27102
27104
27105
27106
27107
27108
27109
27110
27111
27112
27595
27596
27597
27605
27607
27608
27609
27610
27611
27612
28112
28113
28114
28115
28116
28123
28124
28597
28598
28599
29058