171660
171661
171662
172182
172183
172184
172697
172698
172699
172700
172701
172702
173199
173200
173201
173202
173204
173205
173206
173207
173208
173210
173211
173728
173729
173730
173731
173732
173733
173734
173735
173736
173737
173738
173739
173740
174258
174259
174260
174261
174262
174263
174264
174265
174266
174267
174794
174795
174796
174797
174798
174799
174800
174801
174802
175316
175317
175318
175319
175320
175321
175322
175323
175324
175325
175326
175327
175328
175855
175856
175857
175858
175859
175860
175861
175862
175863
175864
175865
175866
175867
175868
175869
175870
175871
175872
176451
176452
176453
176454
176455
176456
176457
176458
176459
176460
176461
176462
176463
176464
176465
176466
177067
177068
177069
177070
177076
177077
177078
177079
177080
177081
177082
177083
177084
177085
177086
177715
177716
177720
177721
177722
177723
177724
177725
177726
177727
177728
177729
178362
178363
178364
178365
178369
178370
178371
178372
178373
178374
178375
178376
178377
178378
178379
178998
178999
179000
179001
179002
179003
179006
179007
179008
179009
179010
179011
179012
179013
179014
179015
179016
179017
179648
179649
179650
179651
179652
179653
179654
179655
179656
179657
179658
179659
179660
179661
179662
179663
179664
179665
179666
179667
179668
179669
180287
180288
180289
180290
180291
180292
180293
180294
180295
180296
180297
180298
180299
180300
180301
180302
180303
180304
180305
180306
180307
180308
180309
180310
180311
180312
180953
180954
180955
180956
180957
180958
180959
180961
180962
180963
180964
180965
180966
180967
180968
180969
180970
180971
180972
180973
180974
181626
181627
181628
181629
181630
181631
181632
181633
181634
181635
181636
181638
181641
181642
181643
181644
181645
181647
181648
181649
182291
182292
182293
182294
182295
182296
182297
182298
182299
182300
182301
182302
182303
182304
182305
182306
182307
182308
182312
182929
182930
182931
182932
182933
182934
182935
182936
182937
182938
182939
182940
182941
182942
182943
182944
182945
182946
182947
182948
182949
183555
183556
183557
183558
183559
183560
183561
183562
183563
183564
183565
183566
183567
183568
183569
183570
183571
183572
183573
183574
183575
184145
184146
184147
184148
184149
184150
184151
184152
184153
184154
184155
184156
184157
184158
184159
184160
184161
184162
184163
184164
184746
184747
184748
184749
184750
184751
184752
184753
184754
184755
184756
184757
184758
184759
184760
184761
184762
184763
184764
184765
184766
184767
184768
185376
185377
185378
185379
185380
185381
185382
185383
185384
185385
185386
185387
185388
185389
185390
185391
185392
185393
186016
186017
186019
186020
186021
186022
186023
186024
186025
186026
186027
186028
186030
186031
186032
186033
186034
186035
186661
186662
186663
186664
186665
186666
186670
186671
186672
186673
186674
186675
187275
187276
187277
187278
187279
187280
187286
187287
187888
187895
187896
187900
187909
188508
188509
188510
188511
188512
188513
188514
188515
188517
188520
188521
188522
189122
189123
189124
189126
189127
189128
189129
189130
189131
189132
189133
189134
189135
189136
189137
189138
189139
189720
189721
189722
189723
189724
189725
189726
189727
189728
189729
189730
189732
189733
189734
190297
190298
190299
190300
190301
190302
190303
190304
190305
190306
190307
190309
190310
190311
190870
190871
190872
190873
190874
190875
190876
190877
190878
190879
190880
190881
191434
191435
191436
191437
191438
191439
191440
191441
192002
192003
192004
192005
192006
192563
192564