466770
466771
466772
467100
467101
467102
467429
467754
468076
468377
468677
468678
468679
468680
468974
468975
468976
468977
468978
468979
468980
468981
468982
469262
469263
469264
469265
469266
469267
469268
469269
469270
469271
469272
469273
469274
469566
469567
469568
469569
469570
469571
469572
469573
469574
469575
469576
469577
469578
469855
469856
469857
469858
469859
469860
469861
469862
469863
469864
469867
469868
470134
470135
470137
470138
470139
470140
470141
470142
470143
470144
470145
470146
470147
470148
470149
470150
470151
470388
470389
470390
470391
470392
470393
470394
470395
470396
470397
470398
470399
470400
470401
470402
470403
470639
470640
470641
470642
470643
470644
470645
470646
470647
470648
470649
470650
470651
470652
470653
470654
470655
470905
470906
470907
470908
470909
470910
470911
470912
470913
470914
470915
470916
470917
470918
470919
470920
470921
471176
471177
471178
471179
471180
471181
471182
471183
471184
471185
471186
471187
471188
471189
471190
471191
471192
471449
471450
471451
471452
471453
471454
471455
471456
471457
471458
471459
471460
471461
471462
471463
471464
471465
471466
471467
471468
471469
471717
471718
471719
471720
471721
471722
471723
471724
471725
471726
471727
471728
471729
471730
471731
471732
471733
471734
471735
471736
471971
471972
471973
471974
471975
471976
471977
471978
471979
471980
471981
471982
471983
471984
471985
471986
471987
471988
471989
471990
471991
471992
471993
471994
471995
471996
471997
471998
471999
472000
472001
472255
472256
472257
472258
472259
472260
472261
472262
472263
472264
472265
472266
472267
472268
472269
472270
472271
472272
472273
472274
472275
472276
472277
472278
472279
472280
472281
472282
472283
472284
472285
472286
472554
472555
472556
472557
472558
472559
472560
472561
472562
472563
472564
472565
472566
472567
472568
472569
472570
472571
472572
472573
472574
472575
472576
472577
472578
472579
472580
472581
472582
472583
472584
472585
472586
472862
472863
472864
472865
472866
472867
472868
472869
472870
472871
472872
472873
472874
472875
472876
472877
472878
472879
472880
472881
472882
472883
472884
472885
472886
473164
473165
473166
473167
473168
473169
473170
473171
473172
473173
473174
473175
473176
473177
473178
473179
473180
473181
473182
473183
473184
473185
473186
473465
473466
473467
473468
473469
473470
473471
473472
473473
473474
473475
473476
473477
473478
473479
473480
473481
473482
473483
473484
473792
473793
473794
473795
473796
473797
473798
473799
473800
473801
473802
473803
473804
473805
473806
473807
473808
473809
473810
473811
473812
473813
474124
474125
474126
474127
474128
474129
474130
474131
474132
474133
474135
474136
474137
474138
474139
474140
474141
474142
474444
474445
474446
474447
474448
474449
474450
474451
474452
474453
474454
474455
474456
474457
474458
474459
474460
474461
474462
474773
474774
474775
474776
474777
474778
474779
474780
474781
474782
474783
474784
474785
474786
474787
474788
474789
474790
474791
474792
474793
474794
474795
475094
475095
475096
475097
475098
475099
475100
475101
475102
475103
475104
475105
475106
475107
475108
475109
475110
475111
475112
475113
475114
475115
475433
475434
475435
475436
475437
475438
475439
475440
475441
475442
475443
475444
475445
475446
475447
475451
475452
475453
475772
475773
475774
475775
475776
475777
475778
475782
475785
475786
475787
476109
476110
476111
476112
476113
476114
476115
476116
476442
476443
476444
476445
476446
476800
476801
477158
477159