166854
167343
167855
167856
167857
167858
167859
167860
167861
168382
168383
168384
168385
168386
168387
168388
168389
168895
168896
168897
168898
168899
168900
168901
168902
168903
168904
169407
169408
169409
169410
169411
169412
169413
169414
169924
169925
169926
169927
169928
169929
170450
170452
170453
170454
170455
170456
170998
170999
171001
171002
171003
171004
171529
171530
171531
171532
172059
172060
172061
172567
172568
172571
172572
172573
172575
172576
173072
173073
173074
173075
173076
173077
173078
173079
173080
173592
173593
173594
173595
173596
173597
173599
173600
173601
174119
174120
174121
174122
174123
174124
174125
174662
174663
174664
174665
174666
174667
174668
175196
175197
175198
175199
175200
175201
175723
175724
175725
175726
175727
175728
175729
175730
175731
175732
176310
176311
176312
176313
176314
176315
176316
176317
176318
176319
176320
176321
176322
176323
176922
176923
176924
176925
176926
176927
176928
176929
176932
176933
176934
176935
176936
176937
176938
177568
177569
177570
177571
177572
177573
177574
177575
177576
177577
177578
177579
177580
177581
177582
177583
177584
177585
177586
178219
178220
178221
178222
178223
178224
178225
178226
178227
178228
178229
178230
178231
178232
178233
178868
178869
178870
178871
178872
178873
178874
178875
178879
178880
179523
179524
179525
179526
179527
179528
179529
179530
179538
180159
180160
180161
180162
180163
180164
180165
180166
180167
180168
180169
180170
180171
180181
180182
180183
180184
180185
180816
180817
180818
180819
180820
180821
180822
180823
180824
180825
180826
180827
180828
180838
180839
180840
180841
180842
180843
180844
181493
181494
181495
181496
181497
181498
181499
181500
181501
181502
181503
181504
181505
181506
181507
181520
181521
181522
181523
181524
182167
182168
182169
182170
182171
182173
182174
182175
182176
182177
182178
182179
182180
182181
182190
182191
182192
182193
182194
182195
182804
182808
182809
182810
182811
182812
182814
182815
182816
182817
182818
182819
182820
182821
182822
182823
182830
182831
182832
182833
182834
182835
183436
183437
183438
183439
183440
183441
183442
183443
183444
183445
183446
183447
183448
183449
183450
183451
183452
183453
183454
183455
183456
183461
183462
183463
183464
183465
183466
184025
184026
184027
184028
184029
184030
184031
184032
184033
184034
184035
184036
184037
184038
184039
184040
184041
184042
184045
184046
184047
184048
184049
184050
184051
184629
184630
184631
184632
184633
184634
184635
184636
184637
184638
184639
184640
184641
184642
184643
184644
184645
184646
184647
184648
184649
184650
184651
184652
184653
184654
184655
184656
185258
185259
185260
185261
185262
185263
185264
185265
185266
185267
185268
185269
185270
185271
185272
185273
185274
185275
185276
185277
185906
185907
185908
185909
185910
185911
185912
185913
185914
185915
185916
185917
185918
185919
185920
185921
185922
185923
185924
186550
186551
186552
186553
186554
186555
186556
186557
186558
186559
186560
186561
186562
186563
186564
186565
186566
186567
186568
186569
186570
186571
187180
187181
187182
187183
187184
187185
187186
187188
187189
187190
187191
187192
187193
187194
187195
187787
187788
187789
187790
187791
187794
187795
187800
187801
187802
187803
187804
187805
188406
188407
188408
188409
188411
188412
189016
189017
189018
189019
189020
189625
189626
189627
189628
190206
190207
190208
190209
190783
190784
190785
190786
190787
191340
191341
191342
191343
191344
191345
191908
191909
192467
193025