410345
410791
410792
410793
411243
411244
411245
411246
411710
411711
411712
411713
411714
411715
411716
412190
412191
412192
412193
412194
412195
412667
412668
412669
412670
412671
412672
412673
412674
412675
413149
413150
413151
413152
413153
413154
413155
413156
413157
413158
413159
413656
413657
413658
413659
413660
413661
413662
413663
413664
414137
414138
414139
414140
414141
414142
414143
414144
414148
414149
414618
414619
414620
414621
414622
414623
414624
414625
414626
414627
414632
414633
415151
415152
415153
415154
415155
415156
415157
415158
415159
415160
415161
415163
415165
415684
415685
415686
415687
415688
415689
415690
415691
415692
415693
415696
415698
416218
416219
416220
416221
416222
416223
416224
416225
416732
416733
416734
416735
416736
416737
417205
417206
417207
417208
417209
417210
417211
417681
417682
417683
417684
417685
417686
417687
417688
417689
417690
418156
418157
418158
418159
418160
418161
418163
418643
418644
418645
418646
418647
418648
419143
419144
419145
419146
419147
419148
419149
419150
419151
419152
419630
419631
419632
419633
419634
419635
419636
419637
419638
419639
420135
420136
420137
420138
420139
420140
420141
420142
420143
420144
420145
420619
420620
420621
420622
420623
420624
420625
420626
420627
420628
420629
420630
421106
421107
421108
421109
421110
421111
421112
421113
421114
421115
421116
421117
421118
421570
421571
421572
421573
421574
421575
421576
421577
421578
421579
421580
421581
421582
422035
422036
422037
422038
422039
422040
422041
422042
422043
422044
422045
422046
422047
422048
422491
422492
422493
422494
422495
422496
422497
422498
422499
422500
422501
422502
422503
422959
422960
422961
422962
422963
422964
422965
422966
422967
422968
422969
423432
423433
423434
423435
423436
423437
423438
423439
423917
423918
423919
423920
423921
424409
424410
424411
424412
424413
424414
424886
424887
424888
424889
424890
424891
425366
425367
425368
425369
425370
425371
425372
425373
425374
425375
425376
425377
425378
425846
425847
425848
425849
425850
425851
425852
425853
425854
425855
425856
425857
425858
426338
426339
426340
426341
426342
426343
426344
426345
426346
426347
426348
426349
426350
426855
426856
426857
426858
426859
426860
426861
426862
426863
426864
426865
426866
426867
426868
426869
426870
427393
427394
427395
427401
427402
427403
427404
427405
427406
427407
427408
427409
427410
427411
427412
427413
427913
427914
427920
427921
427922
427923
427924
427925
427926
427927
427928
427929
427930
427931
427932
427933
428432
428433
428434
428435
428436
428437
428439
428440
428441
428442
428443
428444
428445
428446
428447
428448
428449
428450
428451
428452
428453
428937
428938
428939
428940
428941
428942
428943
428944
428945
428946
428947
428948
428949
428950
428951
428952
428953
428954
428955
428956
428957
428958
429473
429474
429475
429476
429477
429478
429479
429480
429481
429482
429483
429484
429485
429486
429487
429488
429489
429490
429491
429492
429493
429494
429495
430037
430038
430039
430040
430041
430042
430043
430044
430045
430046
430047
430048
430049
430575
430576
430577
430578
430579
430580
430581
430582
430583
430584
430585
431109
431110
431111
431112
431113
431114
431115
431116
431117
431118
431119
431632
431633
431634
431635
431636
431637
431638
431639
431640
431641
431642
431643
432130
432131
432132
432133
432134
432135
432136
432137
432138
432139
432140
432141
432644
432645
432646
432647
432648
432649
432650
432652
432655
433170
433171
433172
433173
433682
433683