58038
58039
58040
58041
58042
58043
58608
58609
58610
58611
58612
58613
59169
59170
59171
59172
59173
59174
59175
59755
59756
59757
59758
59759
59760
59761
60367
60368
60369
60370
60371
60372
60373
60966
60967
60968
60969
60970
60971
60972
60973
60974
60975
61550
61551
61552
61553
61554
61555
61556
61557
61558
61560
61561
61562
61563
62151
62152
62153
62154
62155
62158
62159
62160
62161
62741
62742
62746
62747
62748
62749
63308
63309
63310
63311
63312
63313
63901
63902
63903
63904
63905
64497
64498
64499
64500
64501
64502
65084
65086
65087
65088
65655
65656
65657
65658
66209
66210
66211
66212
66213
66754
66755
66756
67290
67291
67292
67293
67294
67847
67848
67849
67850
67851
67852
67853
68396
68397
68398
68399
68916
68917
68918
68919
68920
68921
68922
68923
68924
69447
69448
69449
69450
69451
69452
69453
69454
69456
69457
69458
69981
69982
69983
69984
69985
69986
69987
69988
69989
69990
69991
69992
69993
69994
69995
70532
70533
70534
70535
70536
70537
70538
70539
70540
70541
70542
70543
70544
70545
70546
70547
71073
71074
71075
71076
71077
71078
71079
71080
71081
71082
71083
71084
71085
71086
71087
71088
71089
71090
71091
71092
71093
71639
71640
71641
71642
71643
71644
71645
71646
71647
71648
71649
71650
71651
71652
72198
72199
72200
72201
72202
72203
72204
72205
72206
72207
72208
72209
72210
72211
72212
72213
72214
72770
72771
72772
72773
72774
72775
72776
72777
72778
72779
72780
72781
72782
72783
72784
72785
73326
73327
73328
73329
73330
73331
73332
73333
73334
73335
73336
73337
73338
73339
73340
73341
73342
73896
73897
73898
73899
73900
73901
73902
73903
73904
73905
73906
73907
73908
73909
73910
73911
73912
74451
74452
74453
74454
74455
74456
74457
74458
74459
74460
74461
74462
74463
74464
74465
74466
74468
74469
75007
75008
75009
75010
75011
75012
75013
75015
75016
75017
75018
75019
75020
75021
75022
75023
75024
75025
75026
75027
75028
75029
75032
75033
75600
75601
75602
75603
75604
75605
75606
75607
75608
75609
75610
75611
75612
75613
75614
75615
75616
75617
75618
75619
75620
75623
75624
75625
75626
75627
75628
75629
76192
76193
76194
76195
76196
76197
76198
76199
76200
76201
76202
76203
76204
76205
76206
76207
76209
76210
76211
76212
76213
76214
76768
76769
76770
76771
76772
76773
76774
76775
76776
76777
76778
76779
76780
76781
76782
76783
76784
76785
76786
76787
76788
76789
76790
76791
76792
76793
76794
77322
77323
77324
77325
77326
77327
77328
77329
77330
77331
77332
77333
77334
77335
77336
77337
77338
77339
77340
77341
77342
77344
77345
77346
77347
77903
77905
77906
77907
77908
77909
77910
77911
77912
77913
77914
77915
77916
77917
77918
77919
77920
77925
78482
78483
78484
78485
78486
78487
78488
78489
78490
78491
78492
78493
78494
78495
78496
78497
78498
78499
79087
79088
79089
79090
79091
79092
79093
79094
79095
79096
79097
79101
79102
79103
79671
79673
79674
79675
79676
79677
79678
79679
79683
79684
79685
80266
80268
80269
80270
80271
80272
80273
80274
80861
80863
80864
80865
81421
81982
81983
81984
81985
82574
82576
82577
82578
83176