297382
297896
297897
297898
297899
297901
298421
298422
298423
298424
298425
298426
298427
298428
298429
298430
298937
298938
298939
298940
298941
298942
298943
298944
298945
298946
298947
298948
299448
299449
299450
299451
299452
299453
299454
299455
299456
299457
299458
299459
299460
299461
299462
299463
299464
299465
299466
299957
299958
299959
299960
299961
299962
299963
299964
299965
299966
299967
299968
299969
299970
299971
299972
300482
300483
300484
300485
300486
300487
300488
300489
300490
300491
300492
300493
300494
300495
300496
300497
300498
300499
300500
300507
300508
300509
300510
301022
301023
301024
301025
301026
301027
301028
301029
301030
301031
301032
301033
301034
301035
301036
301037
301038
301039
301040
301041
301042
301045
301046
301579
301580
301581
301582
301583
301584
301585
301586
301587
301588
301589
301590
301591
301592
301593
301594
301595
301596
301597
301598
301599
301600
302112
302113
302114
302115
302116
302117
302118
302119
302120
302121
302122
302123
302124
302125
302126
302127
302128
302129
302130
302131
302132
302133
302134
302135
302136
302137
302138
302139
302140
302141
302648
302649
302650
302651
302652
302653
302654
302655
302656
302657
302658
302659
302660
302661
302662
302663
302664
302665
302666
302667
302668
302669
302670
302671
302672
302673
302674
302675
302676
302677
303188
303189
303190
303191
303192
303193
303194
303195
303196
303197
303198
303199
303200
303201
303202
303203
303204
303205
303206
303207
303208
303209
303210
303211
303212
303213
303725
303726
303731
303732
303733
303735
303736
303737
303738
303739
303740
303741
303742
303743
303744
303745
303746
303747
303748
303749
303750
303751
303752
303753
303754
303755
303756
303757
303758
304260
304261
304263
304264
304265
304266
304267
304268
304269
304270
304272
304273
304274
304275
304276
304277
304278
304279
304280
304281
304282
304283
304284
304288
304289
304290
304291
304292
304293
304294
304815
304816
304817
304818
304819
304820
304821
304822
304823
304825
304828
304829
304830
304831
304832
304833
304834
304835
304836
304837
304838
304839
304844
304845
304846
304847
304848
304849
304850
305371
305372
305373
305374
305375
305376
305383
305384
305385
305386
305387
305388
305389
305390
305391
305392
305393
305394
305395
305399
305400
305401
305402
305403
305404
305405
305406
305931
305932
305933
305934
305940
305941
305942
305943
305944
305945
305946
305947
305948
305949
305950
305951
305955
305956
305957
305958
305959
305960
305961
305962
306483
306484
306485
306494
306495
306496
306497
306498
306499
306500
306501
306502
306503
306504
306505
306511
306512
306513
306514
306515
306516
306517
306518
307034
307035
307036
307037
307038
307039
307049
307050
307051
307052
307053
307054
307056
307057
307058
307059
307060
307066
307067
307068
307069
307070
307071
307072
307073
307586
307587
307588
307589
307590
307598
307599
307600
307601
307602
307603
307604
307605
307606
307607
307608
307609
307610
307611
307612
307613
307615
307616
307618
307619
307620
307621
308144
308145
308146
308147
308148
308149
308150
308151
308152
308153
308154
308155
308156
308157
308159
308160
308165
308166
308167
308168
308169
308170
308693
308694
308697
308698
308699
308700
308701
308702
308703
308709
308710
308711
308718
308719
309252
309253
309254
309255
309256
309257
309258
309260
309781
309782
309783
309784
309785
309786
309787
309788
309789
310319
310320
310321
310322
310323
310865
310866
310867
310868
311391
311392
311393
311394
311395
311925
311926