55310
55311
55794
55795
56284
56285
56286
56287
56787
56788
56789
56790
56791
56792
56793
57316
57317
57318
57319
57320
57321
57322
57323
57324
57877
57878
57879
57880
57881
57882
57883
57884
57885
57886
58437
58438
58439
58440
58441
58442
58443
58444
58445
58446
58447
59003
59004
59005
59006
59007
59008
59009
59010
59011
59012
59013
59014
59015
59581
59582
59583
59584
59585
59586
59587
59588
59589
59590
60182
60183
60184
60188
60189
60190
60191
60192
60193
60793
60794
60795
60797
60798
60804
60805
60806
60807
60808
61386
61390
61391
61396
61397
61398
61399
61400
61401
61981
61982
61983
61984
61985
61989
61990
61991
61994
61995
61996
61997
61998
61999
62000
62001
62002
62575
62576
62577
62578
62579
62580
62585
62586
62588
62589
62590
62591
62592
62593
62594
62595
62596
62597
63140
63141
63142
63143
63148
63149
63151
63153
63154
63155
63156
63157
63158
63159
63722
63726
63727
63728
63729
63730
63731
63732
63735
63736
63737
63738
63739
64307
64312
64313
64314
64315
64316
64317
64322
64323
64324
64325
64326
64895
64896
64898
64900
64901
64902
64903
64912
64913
64915
65478
65479
65480
65481
65482
65485
65486
65491
65493
65494
65495
65496
65497
65498
66040
66041
66042
66043
66044
66045
66046
66047
66052
66056
66057
66585
66586
66587
66588
66589
66590
66591
66594
66595
66596
66597
66598
66599
67126
67127
67128
67129
67130
67131
67132
67133
67135
67136
67668
67672
67673
67674
67675
67676
67677
67678
67681
67682
67683
68228
68229
68230
68231
68232
68233
68234
68235
68236
68237
68238
68241
68242
68243
68770
68771
68772
68773
68774
68775
68776
68777
68778
68779
68780
68781
69306
69307
69308
69309
69310
69311
69839
69840
69841
69842
69843
69844
69845
69846
69847
70387
70388
70389
70390
70391
70393
70941
70942
70943
70944
70945
70946
70948
70949
71502
71503
71504
71505
71506
71507
71509
71510
72065
72066
72067
72068
72069
72070
72071
72072
72073
72635
72636
72637
72638
72639
72640
72641
72642
72643
72644
72645
73193
73194
73195
73196
73197
73198
73774
73775
73776
73777
73778
73779
74321
74322
74323
74324
74325
74326
74327
74328
74329
74330
74331
74332
74333
74334
74872
74873
74874
74875
74876
74877
74878
74879
74880
74881
74882
74883
74884
74885
74886
75448
75449
75450
75451
75452
75453
75454
75455
75456
75457
75458
75459
75460
75461
75462
75463
76046
76047
76048
76049
76050
76051
76052
76053
76054
76055
76615
76616
76617
76618
76619
76620
76621
76622
76623
76624
76625
77181
77182
77183
77184
77185
77186
77187
77188
77749
77750
77751
78330
78331
78332
78333
78334
78926
78928
78929
78930
78931
79518
79519
79520
79521
79522
80122
80123
80125
80126
80127
80705
80706
80707
80708
80709
81277
81278
81279
81280
81281
81282
81824
81825
81826
81827
81828
81829
81830
81831
81832
82414
82415
82416
82417
82418
82419
82420
82421
82422
83011
83012
83013
83014
83015
83016
83017
83018
83019
83020
83021
83589
83590
83591
83592
83593
83594
84144
84145
84146
84147
84148
84149
84713
84714
84715
84716
84717
85275
85276
85277
85845
85846
85847
85849
86388
86957
87492
87493
88006