83471
83473
84027
84028
84029
84030
84592
84593
84594
84595
84597
85162
85163
85164
85165
85166
85167
85738
85739
85740
85741
85742
85744
85745
86290
86291
86292
86293
86294
86295
86296
86297
86298
86840
86841
86842
86843
86844
86845
86846
86847
86848
86849
86850
86851
86852
86853
86854
86855
86856
87386
87387
87388
87389
87390
87391
87392
87393
87394
87395
87396
87397
87398
87399
87400
87401
87402
87404
87405
87406
87407
87408
87906
87907
87908
87909
87910
87911
87912
87913
87914
87915
87916
87917
87918
87919
87920
87921
87923
87926
87927
88420
88421
88422
88423
88424
88425
88426
88427
88428
88429
88430
88431
88432
88433
88434
88435
88436
88437
88952
88953
88954
88955
88956
88957
88958
88959
88960
88961
88962
88963
88964
88965
88966
88967
88968
88969
88970
88971
88972
88973
89453
89454
89455
89456
89457
89458
89459
89460
89461
89462
89463
89464
89465
89466
89467
89468
89469
89470
89471
89472
89473
89474
89475
89992
89993
89994
89995
89996
89997
89998
89999
90000
90001
90002
90003
90004
90005
90006
90007
90008
90009
90010
90011
90012
90013
90014
90015
90519
90520
90521
90522
90523
90524
90525
90526
90527
90528
90529
90530
90531
90532
90533
90534
90535
90536
90537
90538
90539
90540
90541
90542
90543
91070
91071
91072
91073
91074
91075
91076
91077
91078
91079
91080
91081
91082
91083
91084
91085
91087
91088
91089
91090
91091
91092
91093
91640
91641
91642
91643
91644
91645
91646
91647
91648
91649
91650
91651
91652
91653
91654
91655
91656
91657
91658
91659
91660
92210
92211
92212
92213
92214
92215
92216
92217
92218
92220
92221
92222
92223
92224
92225
92226
92227
92228
92229
92795
92796
92797
92798
92799
92800
92801
92802
92803
92804
92805
92806
92807
92808
92809
92810
92811
92812
93393
93394
93395
93396
93397
93398
93399
93400
93401
93402
93403
93404
93406
94027
94028
94029
94030
94031
94032
94033
94034
94035
94036
94037
94038
94039
94040
94629
94630
94631
94632
94633
94634
94635
94636
94637
94638
94639
94640
94641
94642
94643
94644
94645
95254
95255
95256
95257
95258
95259
95260
95261
95262
95263
95264
95265
95266
95267
95268
95269
95270
95271
95272
95273
95274
95919
95920
95921
95922
95923
95924
95925
95926
95927
95928
95929
95930
95931
95932
95933
95934
95935
95936
95937
95938
95939
95940
95941
95942
95943
95944
95945
96560
96561
96562
96564
96565
96566
96567
96568
96569
96570
96571
96572
96573
96574
96575
96576
96577
96578
96579
96580
96581
96582
96583
96584
97218
97219
97220
97223
97224
97225
97226
97227
97228
97229
97230
97231
97232
97233
97234
97235
97236
97237
97238
97836
97837
97838
97839
97840
97841
97842
97843
97844
97845
97846
97847
97848
97849
97850
97851
97852
97853
97854
97855
98450
98451
98452
98453
98454
98455
98456
98457
98458
98459
98460
99073
99074
99075
99076
99077
99078
99079
99715
99716
99717
100364
100365
100368
100369
100370
101035
101036
101037
101038
101039
101040
101041
101042
101043
101044
101717
101718
101720
101721
101722
101723
101724
102356
102357
102358
102359
102360
102979
102980
102981
102982
102983
102984
102985
103589
103590
103591
103592
103593
103594