382309
382310
382852
382853
382854
382855
382856
383424
383426
383427
383428
383429
384002
384003
384004
384005
384006
384007
384008
384009
384010
384581
384582
384583
384584
384585
384586
384587
384588
384589
384590
384591
384592
384593
385133
385134
385135
385136
385137
385138
385139
385140
385141
385142
385143
385144
385145
385146
385147
385671
385672
385674
385675
385676
385677
385678
385679
385680
385683
385684
385685
385686
385687
386233
386234
386235
386237
386238
386239
386240
386241
386242
386245
386246
386247
386248
386249
386774
386775
386776
386777
386778
386782
386783
386785
386786
386787
386788
386789
387309
387310
387315
387316
387317
387318
387319
387320
387322
387323
387328
387329
387330
387331
387332
387333
387337
387338
387339
387340
387341
387342
387343
387344
387870
387871
387872
387873
387876
387877
387878
387879
387880
387881
387882
387883
387884
387885
387886
387889
387890
387891
387892
387893
387894
387895
387896
387897
387898
387899
387900
387901
387902
387903
387904
387905
387906
387907
387908
388428
388429
388430
388431
388432
388433
388434
388435
388436
388437
388438
388439
388440
388441
388444
388445
388446
388447
388448
388449
388450
388451
388452
388453
388454
388455
388456
388457
388458
388459
388460
388461
388462
388976
388977
388979
388980
388981
388982
388983
388984
388987
388991
388992
388993
388994
388995
388996
388997
388998
388999
389000
389001
389002
389003
389004
389005
389006
389007
389520
389521
389522
389523
389533
389534
389535
389536
389537
389538
389539
389540
389541
389542
389543
389544
389545
389546
389547
389548
389549
390064
390065
390066
390067
390077
390079
390080
390081
390082
390083
390084
390085
390086
390087
390088
390089
390090
390624
390625
390626
390627
390637
390638
390639
390640
390641
390642
390643
390644
390645
390646
390647
390648
390649
391173
391174
391184
391185
391186
391187
391188
391189
391190
391191
391192
391193
391194
391195
391196
391197
391198
391199
391734
391735
391743
391744
391745
391746
391747
391748
391749
391750
391751
391752
391753
391754
391755
391756
391757
391758
392291
392292
392293
392294
392295
392296
392297
392298
392299
392300
392303
392304
392305
392838
392839
392840
392841
392842
392843
392844
392845
393368
393369
393370
393371
393374
393375
393904
393905
393906
393907
394422
394431
394432
394433
394434
394435
394436
394437
394952
394953
394963
394964
394965
394966
394967
394968
394969
395501
395502
395503
395510
395511
395512
395513
395514
395515
395516
396059
396060
396061
396062
396067
396068
396069
396070
396071
396072
396073
396074
396591
396592
396593
396594
396595
396596
396597
396598
396599
396600
396601
396602
396603
396604
396605
396606
396607
396608
397118
397119
397120
397121
397122
397123
397124
397125
397126
397127
397128
397129
397130
397131
397132
397133
397134
397135
397136
397137
397635
397636
397637
397638
397639
397640
397641
397642
397643
397644
397645
397646
397647
397648
397649
397650
397651
397652
398171
398172
398173
398174
398175
398176
398177
398178
398179
398180
398181
398182
398184
398185
398186
398721
398722
398723
398724
398725
398726
398727
398728
398729
398730
398731
399271
399272
399273
399274
399275
399276
399277
399278
399279
399796
399797
399800
399801
399802
399803
400310
400315
400316
400317
400318
400319
400320
400321
400814
400815
400816
400817
400818
400819
400820
400821
401318
401319
401320
401321
401322
401323
401324
401325
401824
401825
401826
401827
401828
401829
401830
402324
402325
402326
402835