381743
381744
381745
381746
381747
381748
381749
381755
381758
381759
382295
382296
382297
382298
382299
382300
382301
382302
382303
382304
382306
382307
382308
382309
382310
382837
382838
382839
382840
382841
382842
382843
382844
382845
382846
382847
382848
382849
382850
382851
382852
382853
382854
382855
382856
383411
383412
383413
383414
383415
383416
383417
383418
383419
383420
383421
383422
383423
383424
383425
383426
383427
383428
383429
383994
383995
383996
383997
383998
383999
384000
384001
384002
384003
384004
384005
384006
384007
384008
384009
384573
384574
384575
384576
384577
384578
384579
384580
384581
384582
384583
384584
384585
384586
384587
384588
384589
384590
384591
385127
385128
385129
385130
385131
385132
385133
385134
385135
385136
385137
385138
385139
385140
385141
385142
385143
385144
385656
385657
385658
385659
385660
385663
385664
385666
385667
385668
385669
385670
385671
385672
385673
385674
385675
385676
385677
385678
385679
385680
386221
386222
386223
386224
386225
386226
386228
386229
386230
386231
386232
386233
386234
386235
386236
386237
386238
386239
386240
386241
386242
386761
386762
386763
386764
386765
386766
386767
386768
386769
386770
386771
386772
386773
386774
386775
386776
386777
386778
386779
386780
386781
386783
387303
387304
387305
387306
387307
387308
387309
387310
387311
387312
387313
387314
387315
387316
387317
387318
387319
387320
387321
387322
387323
387324
387325
387862
387863
387864
387865
387866
387867
387868
387869
387870
387871
387872
387873
387874
387875
387876
387877
387878
387879
387880
387881
387882
387883
387884
387885
387886
388421
388422
388423
388424
388425
388426
388427
388428
388429
388430
388431
388432
388433
388434
388435
388436
388437
388438
388439
388440
388441
388442
388969
388970
388971
388972
388973
388974
388975
388976
388977
388978
388979
388980
388981
388982
388983
388984
388985
388986
388987
389515
389516
389517
389518
389519
389520
389521
389522
389523
389524
389525
390057
390058
390059
390060
390061
390062
390063
390064
390065
390066
390067
390613
390614
390615
390616
390617
390618
390619
390620
390621
390622
390623
390624
390625
390626
390627
391162
391163
391164
391165
391166
391167
391168
391169
391170
391171
391172
391173
391174
391723
391724
391725
391726
391727
391728
391729
391730
391731
391732
391733
391734
391735
391736
392268
392269
392270
392271
392272
392273
392274
392275
392276
392277
392278
392279
392280
392281
392282
392283
392284
392285
392286
392287
392288
392819
392820
392821
392822
392823
392824
392825
392826
392827
392828
392829
392830
392831
392832
392833
392834
392835
392836
393345
393346
393347
393348
393349
393350
393351
393352
393353
393354
393355
393356
393357
393358
393359
393360
393361
393362
393363
393364
393365
393366
393882
393883
393884
393885
393886
393887
393888
393889
393890
393891
393892
393893
393894
393895
393896
393897
393898
393899
393900
393901
393902
394414
394415
394416
394417
394418
394419
394420
394421
394423
394424
394425
394426
394427
394428
394429
394430
394939
394940
394941
394942
394943
394944
394945
394946
394947
394948
394949
394950
394951
394954
394955
394956
394957
394958
394960
394961
394962
395489
395490
395491
395492
395493
395494
395495
395496
395497
395498
395499
395500
395504
395505
395506
395507
395508
395509
396051
396052
396053
396054
396055
396056
396057
396058
396063
396064
396065
396066
396583
396584
396585
396586
396587
396588
396589
396590
397112
397113
397114
397115
397116
397117
397633
397634