59566
59567
60155
60769
60770
61358
61359
61360
61361
61362
61363
61952
61953
61954
61955
61956
61957
61958
61959
61960
62545
62546
62547
62548
62549
62550
62551
62552
62553
62554
62555
62556
62557
62558
62559
63112
63113
63114
63115
63116
63117
63118
63119
63120
63121
63122
63123
63124
63695
63696
63697
63698
63699
63700
63701
63702
63703
63704
63705
63706
63707
63708
64287
64288
64289
64290
64291
64292
64293
64294
64295
64296
64297
64299
64300
64301
64302
64303
64873
64874
64875
64876
64877
64878
64879
64880
64881
64882
64883
64884
64885
64886
64887
64888
64889
64890
64891
64892
64893
64894
65452
65453
65454
65455
65456
65457
65458
65459
65460
65461
65462
65463
65464
65465
65466
65467
65468
65469
65470
65471
65472
65473
65474
65475
65476
65477
66015
66016
66017
66018
66023
66024
66025
66028
66029
66030
66031
66032
66033
66034
66036
66037
66038
66561
66562
66563
66570
66571
66572
66573
66574
66575
66576
66580
66581
67099
67100
67110
67111
67113
67114
67115
67119
67120
67121
67122
67648
67660
67661
67662
67663
67664
67665
67666
67667
68219
68220
68221
68222
68223
68224
68758
68760
68761
68762
69290
69291
69292
69824
69825
70368
70369
70370
70915
70918
70921
70922
70923
70924
71474
71475
71476
71477
71478
71479
71480
71481
71482
71483
71484
72038
72039
72040
72041
72042
72043
72044
72045
72046
72047
72048
72049
72612
72613
72614
72615
72616
72617
72618
72620
72621
73169
73170
73171
73172
73173
73175
73176
73177
73748
73749
73750
73751
73752
73755
73757
73759
73760
73761
74299
74302
74303
74304
74305
74306
74307
74308
74309
74310
74311
74313
74314
74843
74844
74845
74846
74847
74848
74849
74850
74851
74852
74853
74854
74855
74857
74858
74859
75417
75418
75419
75420
75421
75422
75423
75424
75425
75426
75427
75428
75429
75430
75431
76015
76016
76017
76018
76019
76020
76021
76022
76023
76024
76025
76026
76027
76028
76029
76030
76585
76586
76587
76588
76589
76590
76591
76592
76593
76594
76595
76596
76597
76598
76599
76600
76601
77148
77149
77150
77151
77152
77153
77154
77155
77156
77157
77158
77159
77160
77161
77162
77163
77164
77711
77712
77713
77714
77715
77716
77717
77718
77719
77720
77721
77722
77723
77724
77725
77726
78287
78288
78289
78290
78291
78292
78293
78294
78295
78296
78297
78298
78299
78300
78880
78885
78886
78887
78888
78889
78890
78891
78892
78893
78894
78895
78896
78897
78898
78899
79466
79467
79472
79473
79474
79475
79476
79477
79478
79479
79480
79481
79482
79483
79484
79485
80059
80060
80061
80062
80063
80064
80065
80066
80067
80069
80070
80071
80072
80073
80074
80075
80076
80077
80078
80079
80080
80081
80644
80645
80646
80649
80650
80651
80652
80653
80654
80655
80656
80657
80658
80659
80660
80661
80662
81231
81232
81233
81234
81235
81236
81237
81238
81239
81240
81241
81242
81243
81244
81771
81772
81774
81775
81776
81777
81778
81779
81780
81781
81782
81783
82369
82370
82371
82372
82373
82374
82375
82376
82377
82378
82964
82965
82966
82967
82968
82969
82970
82971
82972
82973
83539
83540
83541
83542
83543
83545
83546
84099
84101
84676