131468
131469
131470
131987
131988
131989
131990
132509
132510
132513
132514
132515
132516
133042
133043
133044
133045
133046
133047
133048
133051
133594
133595
133596
133597
133598
133599
133600
133601
133604
134171
134172
134173
134174
134175
134176
134178
134179
134180
134181
134757
134758
134759
134760
134761
134762
134763
134764
134765
134766
134767
134768
134769
134770
135368
135369
135370
135371
135372
135373
135374
135375
135376
135377
135378
135379
135380
135381
135382
135967
135968
135969
135970
135971
135972
135973
135974
135975
135976
135977
135978
136577
136578
136579
136580
136581
136582
136583
136584
136585
136586
137169
137170
137171
137172
137173
137174
137175
137176
137177
137178
137746
137747
137748
137749
137750
137751
137752
137753
138337
138338
138339
138340
138341
138342
138922
138923
138924
138925
138926
138927
138928
138929
139530
139531
139532
139533
139534
139535
139536
139537
139538
139539
140137
140138
140139
140140
140141
140142
140143
140144
140145
140146
140147
140148
140149
140150
140742
140743
140744
140746
140747
140748
140749
140750
140751
140752
140753
140754
141332
141333
141336
141337
141338
141339
141340
141341
141342
141343
141344
141345
141918
141919
141920
141921
141922
141923
141924
141925
141926
141927
141928
142494
142495
142496
142497
142498
142499
142500
142501
142502
143051
143052
143054
143055
143056
143057
143058
143059
143060
143608
143609
143611
143612
143613
143614
143615
143616
143618
144150
144152
144153
144154
144155
144688
144689
144692
144693
144694
144695
144696
144697
144698
144699
144700
144701
144702
145251
145252
145253
145254
145255
145256
145257
145258
145259
145260
145261
145262
145263
145264
145265
145266
145267
145268
145811
145812
145813
145814
145815
145817
145818
145819
145820
145821
145822
145823
145824
145825
145826
145827
145828
145829
145830
145831
145832
146372
146373
146377
146378
146379
146380
146381
146382
146383
146384
146385
146386
146387
146388
146389
146932
146933
146935
146936
146937
146938
146939
146940
146941
146942
146943
146944
146945
146946
146947
146948
146949
146950
146951
146952
146953
147478
147479
147480
147481
147482
147483
147484
147485
147486
147487
147488
147489
147490
147491
147492
147493
147494
147495
147496
147497
147498
147499
147500
148026
148027
148028
148029
148030
148031
148032
148033
148034
148035
148036
148037
148038
148039
148040
148041
148042
148043
148044
148045
148046
148577
148578
148579
148580
148581
148582
148583
148584
148585
148586
148587
148588
148589
148590
148591
148592
148593
148594
148595
148596
148597
148598
148599
149098
149099
149100
149101
149102
149103
149104
149105
149106
149107
149108
149109
149110
149111
149112
149113
149114
149115
149116
149117
149118
149638
149639
149640
149641
149642
149643
149644
149645
149646
149647
149648
149649
149650
149651
149652
149653
149654
149655
149656
149657
149658
149659
150171
150172
150173
150174
150175
150176
150177
150178
150179
150180
150181
150182
150183
150184
150185
150186
150187
150188
150189
150190
150191
150192
150193
150705
150706
150707
150708
150709
150710
150712
150713
150715
150716
150717
150718
150719
150720
150721
150722
150723
151251
151252
151258
151259
151261
151262
151263
151265
151803
151811
151812
151813
151814
151815
151816
151817
151818
152361
152370
152371
152372
152373
152374
152375
152376
152912
152913
152914
152915
152916
152917
152918
153449
153450
153451
153452
153453
153454
153455
153456
153959
153960
153961
153962
153963
153964
153965
153966