321952
321953
322415
322416
322417
322418
322419
322420
322905
322906
322907
322908
322909
322910
322911
323380
323381
323382
323383
323384
323385
323870
323871
323872
323873
323874
323875
324374
324375
324376
324377
324378
324379
324891
324892
324893
324894
324895
325412
325413
325414
325415
325422
325423
325936
325937
325938
325939
325940
325941
325942
325943
325944
325945
325946
325947
325948
326453
326454
326455
326456
326457
326458
326459
326460
326461
326462
326463
326464
326465
326466
326467
326468
326951
326952
326963
326964
326965
326966
326967
326968
326969
326970
326971
326972
326973
326974
326975
326976
326977
326978
326979
326980
326981
326982
326983
326984
327461
327462
327463
327464
327465
327466
327467
327468
327476
327478
327479
327480
327481
327482
327483
327484
327485
327486
327487
327488
327489
327490
327491
327492
327493
327494
327495
327496
327497
327498
327499
327500
327501
327991
327992
327993
327994
327995
327996
327997
327998
327999
328000
328001
328002
328006
328007
328008
328009
328010
328011
328012
328013
328014
328015
328016
328017
328018
328019
328020
328021
328022
328023
328025
328026
328027
328028
328029
328030
328031
328032
328501
328503
328504
328505
328506
328507
328508
328509
328512
328513
328514
328517
328518
328519
328520
328521
328522
328523
328524
328525
328526
328528
328529
328530
328531
328532
328533
328534
328535
328536
328537
328538
328539
328986
328987
328988
328992
328993
328994
328995
328996
328997
328998
328999
329000
329001
329002
329003
329004
329007
329008
329010
329011
329012
329013
329014
329015
329016
329454
329455
329456
329457
329458
329460
329461
329462
329463
329464
329465
329466
329467
329468
329469
329470
329471
329472
329473
329474
329475
329477
329478
329479
329480
329481
329482
329483
329484
329485
329486
329913
329914
329916
329917
329918
329919
329920
329921
329922
329923
329924
329925
329926
329927
329928
329929
329930
329931
329932
329933
329934
329935
329936
329937
329938
329941
329942
329943
329944
329945
329946
329947
330373
330376
330377
330378
330379
330380
330381
330382
330383
330384
330385
330386
330387
330388
330389
330390
330391
330392
330393
330394
330395
330396
330400
330401
330408
330409
330410
330411
330412
330413
330414
330836
330837
330838
330839
330840
330841
330842
330843
330848
330849
330850
330851
330852
330853
330854
330855
330856
330857
330858
330859
330860
330861
330864
330865
330867
330868
330877
330878
330879
331313
331316
331322
331323
331324
331327
331328
331329
331330
331331
331332
331333
331334
331335
331336
331337
331346
331347
331348
331781
331790
331791
331792
331797
331798
331799
331800
331801
331802
331803
331804
331805
331806
331807
331816
331817
332265
332266
332282
332283
332284
332286
332287
332288
332289
332290
332291
332292
332293
332300
332301
332302
332774
332775
332776
332777
332778
332779
332780
332781
332782
332783
332784
332785
332786
332789
332790
333261
333262
333263
333264
333265
333266
333267
333268
333269
333270
333271
333272
333273
333279
333738
333739
333740
333741
333742
333743
333744
333745
333746
333747
333748
333749
333750
334189
334190
334191
334192
334193
334194
334195
334196
334197
334198
334199
334200
334642
334644
334645
334646
334647
334648
334649
334650
334651
334652
334653
334654
334655
335099
335100
335101
335102
335103
335104
335105
335106
335107
335549
335550
335551
335552
335557
336008
336009
336010
336011
336471
336472
336473
336474
336956
336957
336958
336959
337479
337480
337481
338011
338013
338555