92388
92966
92967
92968
92969
93577
93578
93579
93580
93581
93582
93583
93584
94209
94210
94211
94212
94213
94214
94215
94829
94830
94831
94832
94833
94834
94835
94836
95456
95457
95458
95459
95460
95461
95462
95463
96101
96102
96103
96104
96105
96106
96107
96108
96745
96746
96750
97400
98017
98618
98619
98620
98621
98622
99224
99225
99226
99227
99228
99229
99230
99231
99867
99868
99869
99870
99871
99872
99873
100513
100514
100518
100519
100521
100522
100523
100524
100525
101191
101196
101197
101198
101199
101200
101201
101863
101869
101870
101871
101872
101873
102508
102509
102510
102511
102512
102513
102514
102515
102516
102517
103130
103131
103132
103133
103134
103135
103136
103738
103739
103740
103741
103742
103743
103744
103745
103746
103747
103748
104359
104360
104361
104362
104363
104364
104365
104366
104367
104368
104369
104984
104985
104986
104987
104988
104989
104990
104991
104992
104993
104994
105604
105605
105606
105607
105608
105609
105610
105611
105612
105613
105614
106212
106215
106216
106217
106218
106219
106220
106221
106222
106223
106224
106225
106226
106227
106228
106229
106230
106231
106232
106233
106234
106235
106823
106824
106825
106826
106827
106828
106829
106830
106831
106832
106833
106834
106835
106836
106837
106838
106840
106841
106842
106843
106844
106845
106846
107417
107418
107419
107420
107421
107422
107423
107424
107425
107426
107427
107428
107429
107430
107431
107435
107436
107437
107438
107439
107440
108021
108022
108023
108024
108025
108026
108027
108028
108029
108030
108031
108032
108033
108034
108035
108036
108040
108041
108042
108043
108639
108640
108641
108642
108643
108644
108645
108646
108647
108648
108649
108650
108651
108652
108653
108654
108655
108656
108657
108658
108659
108660
108661
108662
108663
108665
108666
109272
109273
109274
109275
109276
109277
109278
109279
109280
109281
109282
109283
109284
109285
109286
109287
109288
109289
109290
109291
109292
109293
109294
109295
109296
109297
109298
109299
109300
109301
109302
109303
109909
109910
109911
109912
109913
109914
109915
109916
109917
109918
109919
109920
109921
109922
109923
109924
109925
109926
109927
109928
109929
109930
109931
109932
109933
109934
109935
109936
109937
109938
109939
110525
110526
110527
110528
110529
110530
110531
110532
110533
110534
110535
110536
110537
110538
110539
110540
110541
110542
110543
110544
110545
110546
110547
110549
110550
110551
110552
110554
110555
111171
111172
111173
111174
111175
111176
111177
111178
111179
111180
111181
111182
111183
111184
111185
111186
111187
111188
111189
111190
111191
111192
111193
111194
111195
111196
111197
111198
111199
111200
111792
111793
111794
111795
111796
111797
111798
111799
111800
111801
111802
111803
111804
111805
111806
111807
111808
111809
111810
111811
111812
111813
111814
111815
111816
111817
111818
112389
112390
112391
112392
112393
112394
112395
112396
112397
112398
112399
112400
112401
112402
112403
112404
112405
112406
112407
112408
112409
112410
112411
112983
112984
112985
112986
112987
112988
112989
112990
112991
112992
112993
112994
112995
112996
112997
112998
112999
113000
113001
113002
113003
113577
113578
113579
113580
113581
113582
113585
113588
113589
113590
114140
114141
114142
114143
114144
114145
114148
114149
114150
114697
114698
114699
114700
114701
114702
114703
115257
115258
115259
115260
115261
115809
115810
115811
115812
115813
116369
116370
116371
116373
116919
117484