317746
317747
317750
318236
318237
318238
318239
318241
318755
318756
318757
318758
318759
318760
319253
319254
319255
319742
319743
320230
320231
320708
320709
320710
320711
321179
321180
321649
321650
321651
321652
322110
322111
322112
322113
322581
322582
322583
322584
322585
323087
323088
323089
323090
323091
323092
323093
323561
323562
323563
323564
323565
323566
323567
323568
323569
324052
324053
324054
324055
324056
324057
324058
324059
324060
324061
324062
324560
324561
324562
324563
324564
324565
324566
324567
324568
324569
324570
324571
324572
325083
325084
325085
325086
325087
325088
325089
325090
325091
325092
325607
325608
325609
325610
325611
325612
325613
325614
326124
326125
326126
326127
326128
326129
326130
326131
326132
326133
326134
326635
326636
326637
326638
326639
326640
326641
326642
326643
326644
326645
326646
326647
327148
327149
327150
327151
327152
327153
327154
327155
327156
327157
327158
327159
327682
327683
327684
327685
327686
327687
327688
327689
327690
328208
328209
328210
328211
328212
328213
328214
328215
328216
328217
328709
328710
328711
328712
328713
328714
328715
328716
328717
328718
329191
329192
329193
329194
329195
329196
329197
329198
329199
329200
329201
329653
329654
329655
329656
329657
329658
329659
329660
329661
329662
330106
330107
330108
330109
330110
330111
330112
330113
330114
330115
330562
330563
330564
330565
330566
330567
330568
330569
330570
331038
331039
331040
331041
331042
331043
331506
331507
331508
331509
331510
331511
331982
331983
331984
331985
331986
331987
331988
331989
332460
332461
332462
332463
332464
332465
332466
332467
332468
332943
332944
332945
332946
332947
332948
332949
332950
332951
332952
332953
333431
333432
333433
333434
333435
333436
333437
333438
333439
333440
333441
333442
333884
333885
333886
333887
333888
333889
333890
333891
333892
333893
333894
334338
334339
334340
334341
334342
334343
334344
334345
334346
334347
334348
334349
334802
334803
334804
334805
334806
334807
334808
334809
334810
334811
334812
334813
334814
335260
335261
335262
335263
335264
335265
335266
335267
335268
335269
335270
335271
335272
335719
335720
335721
335722
335723
335724
335725
335726
335727
335728
335729
336173
336174
336175
336176
336177
336178
336179
336180
336181
336182
336183
336658
336659
336660
336661
336662
336663
336664
336665
336666
336667
336668
336669
336670
337150
337151
337152
337153
337154
337155
337156
337157
337158
337159
337160
337161
337162
337163
337164
337165
337166
337167
337168
337169
337170
337171
337172
337658
337659
337660
337661
337662
337663
337665
337666
337667
337668
337669
337670
337671
337672
337673
337674
337675
337676
337677
337678
337679
337680
337681
337682
337683
337684
338192
338193
338194
338195
338203
338204
338205
338206
338207
338208
338209
338210
338211
338212
338213
338214
338215
338216
338217
338218
338219
338738
338739
338747
338748
338749
338750
338751
338752
338753
338754
338755
338756
338757
338758
338759
338760
338761
338762
338763
339277
339278
339286
339287
339288
339289
339290
339291
339292
339293
339294
339295
339806
339807
339811
339812
339813
339814
339815
339816
339817
339818
339819
339820
339821
339822
340339
340347
340348
340349
340350
340351
340352
340353
340354
340896
340897
340898
340899
340900
340901
340902
340903
340904
340905
341445
341446
341447
341448
341449
341450
341451
341452
341453
341952
341953
341954
341955
342488
342489
342490
342491
343038
343039
343040
343041
343604
343605
343606
343607
343608
344163