52278
52747
52751
52752
52753
53208
53210
53211
53212
53213
53214
53666
53667
53669
53670
53671
53672
53673
53674
54130
54131
54132
54133
54135
54136
54137
54138
54139
54140
54602
54603
54604
54605
54606
54610
54611
54612
54613
55073
55074
55075
55076
55077
55078
55082
55083
55084
55085
55086
55566
55567
55568
55569
55570
55571
55572
55573
55574
55575
55577
55578
56061
56062
56063
56064
56065
56066
56067
56071
56072
56073
56569
56570
56571
56573
56574
56575
56587
57071
57072
57073
57074
57075
57076
57077
57085
57086
57087
57089
57631
57632
57633
57634
57635
57636
57637
57643
57644
57645
57646
57647
57649
58174
58175
58176
58177
58178
58179
58180
58181
58187
58188
58189
58190
58191
58192
58193
58194
58737
58738
58739
58740
58741
58742
58743
58744
58748
58750
58751
58752
58753
58754
58755
58756
59297
59298
59299
59300
59301
59302
59303
59304
59305
59306
59309
59310
59311
59312
59313
59314
59315
59316
59893
59894
59895
59896
59897
59898
59899
59900
59901
59902
59903
59904
59905
59906
59907
59908
59909
59910
59911
59912
59913
59914
60506
60507
60508
60509
60510
60511
60512
60513
60514
60515
60516
60517
60518
60519
60520
60521
60522
60523
60524
60525
60526
60527
61104
61105
61106
61107
61108
61109
61110
61111
61112
61113
61114
61115
61116
61117
61118
61119
61120
61121
61122
61123
61124
61125
61690
61691
61692
61693
61694
61695
61696
61697
61698
61699
61700
61701
61702
61703
61704
61705
61706
61707
61708
61709
61710
61711
62294
62295
62296
62297
62298
62299
62300
62301
62302
62303
62304
62305
62306
62307
62308
62309
62310
62311
62312
62313
62314
62315
62316
62317
62874
62875
62876
62877
62878
62879
62880
62881
62882
62883
62884
62885
62886
62887
62888
62889
62890
62891
62892
62893
62894
62895
63433
63434
63435
63436
63437
63438
63439
63440
63441
63442
63443
63444
63445
63446
63447
63448
63449
63450
63451
63452
63453
63454
63455
63456
63457
63458
63459
64035
64036
64037
64038
64039
64040
64041
64042
64043
64044
64045
64046
64047
64048
64049
64050
64051
64634
64635
64636
64637
64638
64639
64640
64641
64642
64643
64644
64645
64646
64647
64648
65215
65216
65217
65218
65219
65220
65221
65222
65223
65224
65225
65226
65227
65228
65229
65230
65231
65232
65781
65782
65783
65784
65785
65786
65787
65788
65789
65790
65791
65792
65793
65796
65797
65798
66337
66338
66339
66340
66341
66342
66343
66344
66345
66346
66347
66348
66349
66350
66351
66352
66353
66873
66874
66875
66878
66879
66880
66881
66882
66883
66884
66885
66886
66887
66888
67402
67403
67404
67407
67408
67409
67410
67411
67412
67413
67414
67415
67416
67417
67418
67967
67968
67969
67973
67974
67975
67976
67977
67978
67979
67980
67981
67982
67983
68501
68506
68507
68508
68509
68510
68511
68512
68513
68514
68515
69032
69033
69034
69035
69036
69037
69038
69039
69040
69041
69572
69573
69574
69575
69576
69577
69578
69579
69580
70109
70110
70113
70114
70115
70116
70117
70651
70652
70653
70654
70655
70656
71195
71196
71197
71198
71199
71762
71763
71764
71765
72331
72332
72333
72334
72335
72893
72894
72895
72896