360739
361233
361234
361235
361762
361763
361764
361765
362296
362297
362298
362299
362300
362821
362822
362823
362824
362826
363325
363326
363327
363329
363330
363849
363850
363851
363852
363853
363854
364364
364365
364366
364367
364368
364369
364370
364371
364374
364876
364877
364878
364880
364881
364882
364883
364884
364886
364887
364888
365371
365372
365373
365374
365375
365376
365377
365378
365379
365380
365381
365382
365383
365384
365857
365858
365859
365860
365861
365862
365863
365864
365865
365866
365867
365868
365869
365870
365871
365872
365873
366316
366317
366318
366319
366320
366321
366322
366323
366325
366326
366327
366328
366329
366330
366331
366781
366782
366783
366784
366785
366786
366787
366788
366789
366790
366791
366792
366793
366794
367270
367271
367272
367274
367275
367276
367277
367278
367279
367280
367281
367282
367776
367778
367779
367780
367781
367782
367783
367784
367785
367786
367787
367788
368292
368295
368296
368297
368301
368302
368303
368304
368305
368306
368808
368809
368810
368811
368812
368813
368814
368815
368816
368817
368818
368823
369298
369299
369300
369301
369302
369303
369304
369305
369306
369307
369308
369309
369776
369777
369778
369779
369780
369781
369782
369783
369784
369785
369786
369787
369788
370255
370256
370257
370258
370259
370260
370261
370262
370263
370743
370744
370745
370746
370747
370748
370749
370750
371231
371238
371239
371240
371241
371242
371243
371244
371730
371731
371732
371734
371736
371737
371738
371739
371740
371741
371742
371743
372243
372244
372245
372246
372247
372248
372249
372250
372251
372252
372253
372254
372255
372256
372257
372258
372749
372751
372752
372753
372754
372755
372756
372757
372758
372759
372760
372761
372762
372763
372764
372765
372766
372767
372768
373260
373261
373264
373265
373266
373267
373268
373269
373270
373271
373272
373273
373274
373275
373276
373277
373278
373279
373280
373281
373797
373798
373799
373800
373802
373803
373804
373805
373806
373807
373808
373809
373810
373811
373812
373813
373814
373815
373816
373817
373818
374358
374359
374360
374361
374362
374363
374364
374365
374366
374367
374368
374369
374370
374371
374372
374373
374374
374375
374376
374377
374378
374379
374947
374948
374949
374950
374951
374952
374953
374954
374955
374956
374957
374958
374959
374960
374961
374962
374963
374964
374965
374966
374967
374968
374969
375531
375532
375533
375534
375535
375536
375537
375538
375539
375540
375541
375542
375543
375544
375545
375546
375547
375548
375549
375550
375551
375552
375553
376129
376130
376131
376132
376133
376134
376135
376136
376137
376138
376139
376140
376141
376142
376143
376144
376145
376146
376147
376148
376149
376739
376740
376741
376742
376743
376744
376745
376746
376747
376748
376749
376750
376751
376752
376753
376754
376755
376756
376757
376758
376759
376760
376761
377340
377341
377342
377343
377344
377345
377346
377347
377348
377349
377350
377351
377352
377353
377354
377355
377356
377357
377907
377908
377909
377910
377911
377912
377913
377914
377915
377916
377917
377918
377919
377920
377921
377922
377923
377924
377925
377926
377927
377928
377929
377930
378462
378463
378464
378465
378466
378467
378468
378469
378470
378471
378472
378473
378474
378475
378476
378477
378478
378479
378480
379000
379001
379002
379003
379004
379005
379006
379007
379008
379009
379010
379011
379012
379563
379564
379565
379566
379567
379568
379569
379570
380133
380134
380135
380136
380137
380138
380717
380719
380720
381298
381299
381300
381865