318374
318867
318868
318869
318891
319354
319355
319356
319357
319358
319378
319379
319380
319381
319382
319383
319384
319847
319848
319849
319850
319851
319852
319853
319866
319867
319868
319869
319870
319871
319872
319873
320335
320336
320337
320338
320339
320340
320341
320355
320356
320357
320358
320359
320360
320361
320362
320808
320810
320811
320812
320813
320814
320830
320831
320832
320833
320834
320835
320836
320837
321271
321273
321274
321275
321276
321292
321293
321294
321295
321296
321297
321298
321299
321300
321739
321740
321741
321742
321756
321757
321758
321759
321760
321761
321762
322205
322206
322207
322217
322218
322219
322220
322221
322222
322223
322224
322225
322226
322227
322228
322229
322230
322231
322232
322233
322684
322685
322686
322687
322688
322689
322694
322695
322696
322697
322698
322699
322700
322701
322702
322703
322704
322705
322706
322707
322708
322709
322710
323181
323182
323183
323184
323185
323186
323187
323188
323189
323195
323196
323197
323198
323199
323200
323201
323202
323203
323204
323205
323206
323207
323208
323209
323657
323658
323659
323660
323661
323662
323663
323664
323668
323669
323670
323671
323672
323673
323674
323675
323676
323677
323678
323679
323680
323681
323682
324150
324151
324152
324153
324154
324155
324156
324157
324158
324159
324160
324161
324162
324163
324164
324165
324166
324167
324168
324169
324170
324171
324172
324666
324667
324668
324669
324670
324671
324672
324673
324674
324675
324676
324677
324678
324679
324680
324681
324682
324683
324684
324685
324686
324687
324688
324689
324690
324691
324692
324693
325185
325186
325187
325190
325191
325192
325193
325194
325195
325196
325197
325198
325199
325200
325201
325202
325203
325204
325205
325206
325207
325208
325209
325210
325713
325716
325717
325718
325719
325720
325721
325722
325723
325724
325725
325726
325727
325728
325729
325730
325731
325732
325733
325734
325735
325736
325737
326230
326231
326232
326233
326234
326235
326236
326237
326238
326239
326240
326241
326242
326243
326245
326246
326734
326735
326736
326737
326738
326739
326740
326741
326742
326743
326744
326745
326746
326747
326748
327248
327249
327250
327251
327252
327253
327254
327255
327256
327257
327258
327259
327260
327786
327787
327788
327789
327790
327791
327792
327793
327794
327795
327796
327797
327798
327799
328309
328310
328311
328312
328313
328314
328315
328316
328317
328318
328319
328320
328810
328811
328812
328813
328814
328815
328816
328817
329293
329294
329295
329296
329297
329298
329299
329300
329743
329744
329745
329746
329747
329748
329749
329750
330202
330203
330204
330205
330206
330207
330208
330209
330210
330211
330668
330669
330670
330671
330672
330673
330674
330675
330676
330677
330678
331143
331144
331145
331146
331147
331148
331149
331150
331151
331152
331153
331617
331618
331619
331620
331621
331622
331623
331624
331625
332095
332096
332097
332098
332099
332100
332101
332102
332104
332105
332106
332580
332581
332582
332583
332584
332585
332586
332587
333059
333060
333061
333062
333063
333064
333065
333066
333067
333068
333552
333553
333554
333555
333556
333557
333558
333990
333991
333992
333993
333994
333995
333996
333997
333998
334449
334450
334451
334452
334453
334454
334455
334457
334458
334908
334909
334910
334911
334912
334913
334914
335354
335355
335356
335357
335358
335359
335360
335361
335815
335816
335817
335818
335819
335821
335822
336282
336283
336284
336285
336286
336287
336772
336773
336774
336775
337280
337281
337282
337283
337793