61429
61430
61431
62035
62036
62037
62039
62040
62041
62628
62629
62630
62631
62632
62633
62634
63193
63194
63195
63196
63197
63775
63776
63777
63778
63779
63780
63781
64368
64369
64370
64958
64959
65540
65541
65549
66091
66092
66093
66096
66100
66101
66633
66634
66638
66639
66640
66642
66643
66645
66646
66647
66648
67172
67173
67174
67175
67178
67179
67180
67181
67182
67183
67184
67185
67186
67187
67189
67190
67191
67192
67721
67722
67723
67724
67725
67730
67731
67732
67733
67734
67735
67736
67737
67738
67739
67740
67741
67742
67743
68279
68280
68281
68282
68283
68284
68285
68286
68287
68288
68289
68290
68291
68292
68293
68294
68295
68296
68297
68298
68299
68300
68301
68807
68808
68809
68810
68811
68812
68813
68814
68815
68816
68817
68818
68819
68820
68821
68822
68823
68824
68825
69344
69345
69346
69347
69348
69349
69350
69351
69352
69353
69354
69355
69356
69357
69358
69359
69360
69879
69880
69881
69882
69883
69884
69885
69886
69887
69888
69889
69890
69891
69892
70426
70427
70428
70429
70430
70431
70432
70433
70434
70435
70436
70437
70438
70439
70983
70984
70985
70986
70987
70988
70989
70990
70991
70992
70993
70994
70995
70996
70997
70998
70999
71000
71001
71541
71542
71543
71544
71545
71546
71547
71548
71549
71550
71551
71552
71553
71554
71555
71556
71557
71558
71559
71560
71563
72103
72104
72105
72106
72107
72108
72109
72110
72111
72112
72113
72114
72115
72116
72117
72118
72119
72120
72121
72122
72123
72675
72676
72677
72678
72679
72680
72681
72682
72683
72684
72685
72686
72687
72688
72689
72690
72691
72692
72693
72694
72695
72696
72697
72698
72699
73229
73230
73231
73232
73233
73234
73235
73236
73237
73238
73239
73240
73241
73242
73243
73244
73245
73246
73247
73248
73249
73250
73251
73252
73253
73254
73805
73806
73807
73808
73809
73810
73811
73812
73813
73814
73815
73816
73817
73818
73819
73822
73823
73824
74360
74364
74365
74366
74367
74368
74369
74370
74371
74372
74373
74374
74375
74376
74377
74378
74382
74383
74384
74912
74913
74914
74915
74916
74917
74918
74919
74920
74921
74922
74923
74924
74925
74926
74927
75491
75492
75493
75494
75495
75496
75497
75498
75499
75500
75501
75502
75503
75509
75510
76082
76085
76086
76087
76088
76089
76090
76091
76092
76093
76094
76095
76096
76657
76658
76659
76660
76661
76662
76663
76664
76665
76666
76667
76668
77217
77218
77219
77220
77221
77222
77223
77224
77225
77226
77227
77228
77229
77788
77789
77790
77791
77792
77793
77794
77795
77796
77797
77798
77799
77800
77801
78365
78366
78367
78368
78369
78370
78371
78372
78373
78374
78375
78376
78377
78378
78379
78960
78961
78962
78963
78964
78965
78966
78967
78968
78969
78970
78971
78972
78973
78974
78975
78976
78977
79551
79552
79553
79554
79555
79556
79557
79558
79559
79560
79561
79562
79563
79564
79565
79566
80156
80157
80158
80159
80160
80161
80162
80163
80164
80165
80166
80169
80738
80739
80740
80741
80742
80743
80744
80745
80746
80747
80748
80749
81307
81308
81309
81310
81311
81312
81313
81314
81315
81857
81858
81859
81860
81861
81865
82448
82450
82451