295698
295699
295700
296168
296169
296649
296650
296651
296652
296653
296654
296655
296656
296657
297137
297138
297143
297144
297145
297146
297147
297148
297149
297150
297646
297647
297648
297654
297655
297656
297657
297658
297659
297660
297661
297662
297663
298157
298158
298159
298160
298168
298169
298170
298171
298172
298173
298174
298175
298176
298672
298673
298674
298675
298683
298684
298685
298686
298687
298688
298689
298690
298691
299186
299187
299194
299195
299196
299197
299198
299199
299200
299201
299202
299203
299204
299205
299206
299712
299713
299714
299715
299716
299717
299718
299726
299727
299728
299729
299730
299731
300221
300222
300223
300224
300225
300226
300227
300228
300229
300241
300242
300243
300244
300246
300763
300764
300765
300766
300767
300768
300769
300770
300771
300772
300781
300782
300783
300784
300785
300786
300787
301296
301297
301299
301300
301301
301302
301303
301317
301318
301319
301320
301321
301322
301323
301324
301847
301848
301849
301850
301851
301852
301853
301860
301861
301862
301863
301864
301865
301867
302372
302373
302377
302378
302380
302381
302382
302383
302384
302385
302912
302914
302915
302916
302917
302918
302919
302920
302921
302922
302923
302924
302925
302926
303456
303457
303458
303459
303460
303461
303462
303463
303464
303465
303466
303467
303468
303469
303470
303471
303472
303473
303474
304005
304006
304007
304008
304009
304010
304011
304012
304013
304014
304015
304016
304017
304018
304019
304020
304021
304022
304549
304550
304551
304552
304553
304554
304555
304556
304557
304558
304559
304560
304561
304562
304563
304564
304565
304566
304567
304568
305091
305092
305093
305094
305095
305096
305097
305098
305099
305100
305101
305102
305103
305104
305105
305106
305107
305108
305109
305110
305111
305112
305638
305639
305640
305641
305642
305643
305644
305645
305646
305647
305648
305649
305650
305651
305652
305653
305654
305655
305656
305657
305658
305659
306196
306197
306198
306199
306200
306201
306202
306204
306205
306206
306207
306208
306209
306210
306211
306212
306213
306214
306215
306216
306217
306218
306219
306747
306748
306749
306750
306751
306752
306753
306754
306755
306756
306757
306758
306759
306760
306761
306762
306763
306764
307305
307306
307307
307308
307309
307310
307311
307312
307313
307314
307315
307316
307317
307318
307319
307321
307840
307841
307842
307843
307844
307845
307846
307847
307848
307849
307850
307851
307852
307853
307854
307855
307856
307857
308389
308390
308391
308392
308393
308394
308395
308396
308397
308398
308399
308400
308401
308402
308403
308404
308405
308407
308937
308938
308939
308940
308941
308942
308943
308944
308945
308946
308947
308948
308949
308950
308951
308952
308953
308954
309479
309480
309481
309482
309483
309484
309485
309486
309487
309488
309489
309490
309491
309492
309493
309494
309495
309496
310020
310021
310022
310023
310024
310025
310026
310027
310028
310029
310030
310573
310574
310575
310576
310577
310578
310579
310580
310581
310582
310583
310584
311101
311102
311103
311104
311105
311106
311107
311108
311109
311110
311111
311112
311113
311642
311643
311644
311645
311646
311647
311648
311649
311650
311651
311652
311653
311654
312172
312173
312174
312175
312176
312177
312178
312179
312180
312181
312672
312673
312674
312675
312676
312677
312678
312679
312680
312681
312682
312683
313142
313143
313144
313145
313146
313147
313148
313149
313150
313151
313618
313619
313620
313621
313622
313623
313624
313625
314091
314092
314093
314094
314553
314554