403049
403050
403526
403527
403528
403529
403530
403531
403532
403533
403534
403535
404004
404005
404006
404007
404008
404009
404010
404011
404013
404014
404471
404472
404473
404475
404476
404477
404478
404479
404480
404482
404483
404933
404934
404935
404936
404937
404938
404939
404941
404942
405391
405393
405394
405395
405396
405397
405400
405401
405856
405857
405861
405862
406316
406317
406318
406319
406320
406322
406323
406324
406756
406757
406758
406759
406760
406761
406762
406763
406764
406765
406768
407204
407205
407206
407207
407208
407209
407210
407211
407212
407213
407214
407215
407216
407630
407631
407632
407633
407634
407635
407636
407637
407639
407640
407641
408071
408072
408073
408074
408075
408076
408077
408513
408514
408515
408516
408517
408518
408941
408942
408943
408944
408945
408946
408947
408948
409400
409401
409402
409403
409404
409405
409406
409407
409408
409409
409862
409863
409864
409865
409866
409867
409868
409869
409870
409871
409872
409873
410324
410325
410326
410327
410328
410329
410330
410331
410332
410333
410334
410335
410336
410773
410774
410775
410776
410777
410778
410779
410780
410781
410782
410783
410784
410785
411224
411225
411226
411227
411228
411229
411230
411231
411232
411233
411234
411235
411236
411237
411238
411688
411689
411690
411691
411692
411693
411694
411695
411696
411697
411698
411699
411700
411701
411702
411703
411704
411705
411706
411707
411708
411709
412164
412165
412166
412167
412168
412169
412170
412171
412172
412173
412174
412175
412176
412177
412178
412179
412180
412181
412182
412183
412184
412185
412186
412187
412188
412189
412650
412651
412652
412653
412654
412655
412656
412657
412658
412659
412660
412661
412662
412663
412664
412665
412666
413136
413137
413138
413139
413140
413141
413142
413143
413144
413145
413146
413147
413148
413640
413641
413642
413643
413644
413645
413646
413647
413648
413649
413650
413651
413652
413653
413654
413655
414123
414124
414125
414126
414127
414128
414129
414130
414131
414132
414133
414134
414135
414136
414605
414606
414607
414608
414609
414610
414611
414612
414613
414614
414615
414616
415135
415136
415137
415138
415139
415140
415141
415142
415143
415144
415145
415146
415147
415148
415149
415667
415668
415669
415670
415671
415672
415673
415674
415675
415676
415677
415678
415679
415680
415681
416199
416200
416201
416202
416203
416204
416205
416206
416207
416208
416209
416210
416211
416212
416213
416214
416715
416716
416717
416718
416719
416720
416721
416722
416723
416724
416725
416726
416727
416728
417193
417194
417195
417196
417197
417198
417199
417200
417201
417664
417665
417666
417667
417668
417669
417670
417671
417672
417673
417674
418136
418137
418138
418139
418140
418141
418142
418143
418144
418145
418146
418147
418148
418149
418150
418626
418627
418628
418629
418630
418631
418632
418633
418634
418635
418636
419128
419129
419130
419131
419132
419133
419134
419135
419136
419612
419613
419614
419615
419616
419617
419618
419619
419620
419621
420116
420117
420118
420119
420120
420121
420122
420123
420124
420125
420603
420604
420605
420606
420607
420608
420609
421098
421099
421100
421101
421102
421103
421104
421566
421567
421568
421569
422034
422484
422485
422486
422487
422488
422489
422490
422952
422953
422954
422955
422956
422957
422958
423425
423426
423427
423428
423429
423430
423431
423908
423909
423910
423911
423912
423913
423914
423915
423916
424402
424403
424404
424405
424406
424407
424408
424882
424883
424884
424885
425364
425365
425844
425845