45520
46029
46030
46031
46032
46033
46034
46540
46541
46542
46543
46544
46545
47009
47010
47011
47012
47013
47014
47016
47017
47018
47464
47465
47466
47467
47468
47469
47470
47471
47472
47899
47900
47901
47902
47903
47904
47905
47906
47907
47908
48370
48371
48372
48373
48374
48375
48376
48377
48848
48849
48850
48851
48852
48853
49310
49311
49312
49313
49314
49315
49316
49317
49791
49792
49793
49794
49795
49796
49797
49798
50267
50268
50269
50270
50271
50272
50273
50737
50738
50739
50740
50741
51198
51199
51200
51201
51202
51203
51657
51661
51662
51663
51664
51665
51666
51667
52126
52127
52128
52130
52131
52132
52133
52134
52135
52136
52137
52603
52604
52605
52606
52607
52608
52609
52610
52611
52613
52614
52615
53071
53073
53074
53075
53076
53519
53520
53521
53522
53523
53527
53528
53529
53980
53981
53982
53983
53984
53985
53986
53990
54459
54460
54461
54462
54463
54464
54465
54466
54467
54468
54469
54943
54944
54946
54947
54948
54949
54950
54951
55431
55433
55434
55435
55436
55916
55917
56405
56900
56901
57444
57445
57446
57447
57998
57999
58000
58565
58566
58567
58568
58569
59128
59129
59130
59131
59713
59714
59715
60321
60322
60323
60928
60929
60930
60931
61512
61513
61514
62114
62115
62116
62117
62118
62119
62120
62700
62701
62702
62703
62704
62705
62706
63268
63269
63270
63271
63272
63863
63864
63865
63866
64452
64453
64454
64455
64456
64457
64458
64459
64460
64461
64462
64463
64464
64465
64466
64467
65041
65042
65043
65044
65045
65046
65047
65048
65049
65051
65052
65053
65054
65059
65060
65061
65062
65063
65615
65616
65617
65618
65619
65620
65621
65622
65623
65624
65625
65626
65630
65631
65633
66167
66169
66170
66172
66173
66174
66175
66176
66177
66178
66179
66184
66185
66186
66187
66188
66189
66710
66711
66712
66713
66714
66715
66716
66717
66718
66719
66720
66721
66722
66723
66724
66725
66726
66727
66728
66729
66730
66731
66732
66733
66734
66735
66736
67247
67248
67249
67250
67251
67252
67253
67254
67256
67257
67258
67259
67260
67261
67262
67263
67264
67265
67266
67267
67268
67272
67273
67274
67806
67807
67808
67809
67810
67811
67812
67813
67814
67815
67816
67817
67818
67820
67821
67822
67823
67824
67825
68359
68360
68361
68362
68363
68364
68365
68366
68367
68368
68369
68370
68371
68372
68373
68374
68375
68376
68377
68378
68886
68887
68888
68889
68890
68891
68892
68893
68894
68895
68896
68897
68898
68899
68900
68901
68902
68903
68904
68905
69416
69417
69418
69419
69420
69421
69423
69424
69425
69426
69427
69428
69429
69430
69431
69432
69952
69953
69954
69955
69956
69957
69958
69959
69960
69961
69962
69963
69964
69966
70500
70501
70502
70503
70504
70505
70506
70507
70508
70509
70510
70511
71049
71050
71051
71052
71053
71054
71055
71056
71614
71615
71616
71617
71618
71619
72170
72171
72172
72173
72174
72175
72176
72177
72178
72742
72743
72744
72745
72746
72747
72748
72749
73302
73303
73304
73305
73306
73307
73870
73871
73872
73873
73874
73875
74429
74430
74431
74432
74433
74434
74435
74436
74987
74988
74989
74990
74991
74992
75582
75583
75584