216766
216767
217337
217897
217898
218452
218453
218454
219008
219009
219010
219011
219012
219013
219519
219520
219521
219522
220054
220055
220056
220622
221185
221186
221739
221740
221741
222271
222272
222273
222274
222275
222276
222795
222796
222797
222798
222799
222800
222801
222802
222803
222804
222805
223312
223313
223314
223315
223316
223317
223318
223319
223320
223321
223322
223323
223846
223847
223848
223849
223850
223851
223852
223853
223854
223855
223856
223857
223858
223859
224368
224369
224370
224371
224372
224373
224374
224375
224376
224377
224378
224379
224380
224381
224876
224877
224878
224879
224880
224881
224882
224883
224884
224885
225389
225390
225391
225392
225393
225394
225395
225396
225892
225893
225899
225900
225901
225902
225903
226398
226399
226400
226401
226402
226403
226404
226405
226406
226408
226409
226410
226411
226412
226414
226907
226908
226909
226910
226911
226912
226913
226914
226915
226916
226917
226918
226919
226920
226921
226922
226923
227410
227411
227412
227413
227414
227415
227416
227417
227418
227419
227420
227421
227422
227423
227912
227913
227924
227925
227926
227927
227928
227929
227930
227931
227932
227933
227934
227935
227936
227937
228439
228440
228441
228442
228443
228447
228452
228453
228454
228455
228456
228457
228458
228459
228460
228461
228462
228463
228464
228958
228959
228960
228961
228962
228964
228969
228970
228971
228972
228973
228974
228975
228976
228977
228978
228979
229472
229473
229474
229475
229476
229477
229478
229484
229485
229486
229487
229488
229489
229490
229491
229492
229493
229494
230005
230006
230007
230008
230009
230010
230011
230012
230017
230018
230019
230020
230021
230022
230023
230024
230025
230026
230027
230028
230029
230030
230543
230544
230545
230546
230547
230548
230549
230550
230556
230557
230558
230559
230560
230561
230562
230563
230564
230565
230566
230567
231082
231083
231084
231086
231087
231089
231090
231091
231092
231093
231096
231097
231098
231099
231100
231101
231102
231628
231629
231630
231631
231632
231633
231634
231635
231638
231639
231642
231643
231644
231645
231646
231649
231650
231651
231652
231653
231654
232201
232202
232203
232204
232205
232206
232207
232208
232209
232210
232211
232212
232215
232216
232217
232218
232219
232222
232223
232225
232226
232227
232772
232773
232774
232775
232776
232777
232778
232779
232780
232781
232785
232789
232790
232791
233365
233366
233367
233368
233369
233370
233371
233372
233373
233374
233375
233378
233379
233380
233383
233384
233953
233954
233955
233956
233957
233958
233959
233960
233962
233963
233964
233965
233966
233967
233968
234500
234501
234502
234503
234504
234505
234506
234507
234508
234509
234510
234512
234513
234514
234515
235064
235065
235066
235067
235068
235069
235070
235071
235072
235073
235615
235616
235617
235619
235620
235621
235622
235623
235624
236201
236202
236203
236204
236205
236206
236207
236208
236209
236804
236805
236806
236807
236808
236809
236810
236811
236812
236813
236814
236815
237424
237425
237426
237427
237428
237429
237430
237431
237432
237433
237434
238041
238042
238043
238044
238045
238046
238047
238048
238049
238050
238051
238644
238645
238646
238647
238648
238649
238650
238651
238652
238653
238654
239262
239263
239264
239265
239266
239267
239268
239269
239270
239271
239883
239884
239885
239886
239887
239888
239889
239890
240489
240491
240492
240493
240494
240495
240496
240497
240498
241076
241077
241078
241079
241080
241081
241651
241652
241653
241654
241655
242238
242239