87100
87101
87627
87628
87629
88148
88149
88150
88151
88152
88153
88677
88679
88680
88681
88682
88685
88686
88687
89196
89197
89198
89199
89200
89201
89202
89203
89204
89205
89206
89712
89713
89714
89715
89716
89717
89718
89719
89720
89721
89722
89723
89724
90236
90237
90238
90239
90240
90241
90242
90243
90244
90245
90246
90247
90248
90249
90250
90770
90771
90772
90773
90774
90775
90776
90777
90778
90780
90781
90782
90783
90784
90785
90786
90787
90788
90789
91329
91330
91331
91332
91333
91334
91335
91336
91338
91339
91340
91341
91342
91343
91344
91345
91346
91347
91348
91895
91896
91897
91898
91902
91903
91904
91905
91906
91907
91908
91909
91910
91911
92469
92470
92471
92472
92473
92474
92475
92476
92477
92478
92479
92480
92481
92482
93054
93055
93056
93057
93058
93059
93060
93061
93062
93063
93064
93065
93066
93067
93068
93069
93070
93071
93677
93678
93679
93680
93681
93682
93683
93684
93685
93686
93687
93688
93689
93690
93691
93692
93693
93694
93695
94303
94304
94305
94306
94307
94308
94309
94310
94311
94312
94313
94314
94315
94316
94317
94318
94319
94320
94321
94921
94922
94923
94924
94925
94926
94927
94928
94929
94930
94931
94932
94934
94935
94936
94937
95546
95547
95549
95550
95551
95552
95553
95555
95556
95557
95558
95559
95560
95561
95562
95563
95564
95565
96184
96185
96186
96187
96188
96189
96190
96192
96193
96194
96195
96196
96197
96198
96199
96200
96201
96202
96203
96204
96205
96206
96207
96820
96821
96822
96823
96824
96825
96826
96827
96828
96829
96830
96831
96832
96833
96834
96835
96836
96837
96838
96839
96840
96841
96842
96843
96844
96846
96847
97471
97472
97473
97474
97475
97476
97477
97478
97479
97480
97481
97482
97483
97484
97485
97486
97488
97489
97490
97491
97492
97493
97494
97495
97496
97497
97498
97499
98087
98088
98089
98090
98091
98092
98094
98099
98102
98103
98104
98105
98106
98699
98700
98701
98702
98703
98704
98708
98709
98710
98711
98712
98720
98722
98723
98724
98725
98726
99306
99307
99308
99309
99310
99311
99312
99313
99314
99315
99316
99317
99318
99319
99320
99326
99330
99331
99332
99964
99965
99966
99967
99968
99969
99970
99971
99972
99975
99976
99977
99978
99981
99982
99984
99985
99986
100619
100620
100621
100622
100623
100624
100625
100626
100627
100628
100629
100630
100631
100632
100633
100634
100635
100636
100637
100638
100639
101293
101294
101295
101296
101297
101298
101299
101300
101302
101303
101304
101305
101306
101307
101308
101309
101310
101311
101312
101313
101951
101952
101953
101954
101955
101956
101957
101958
101959
101960
101961
101962
101963
101964
101965
101966
101967
101968
101969
101970
102580
102581
102582
102583
102585
102586
102587
102588
102589
102590
102591
102592
102593
102594
102595
102596
102597
103202
103203
103204
103205
103207
103208
103209
103210
103211
103212
103213
103214
103215
103216
103217
103816
103817
103818
103819
103820
103821
103822
103823
103824
103825
103826
103827
103828
103829
103830
103831
103832
104444
104445
104446
104447
104448
104449
104450
104453
104454
104455
104456
104457
105069
105070
105071
105072
105073
105074
105075
105078
105079
105080
105691
105692
105693
105694
105699
105700
105701
106317
106318