156235
156715
156716
156717
156718
156719
156720
156721
156722
157209
157210
157211
157212
157213
157214
157215
157216
157217
157218
157683
157684
157685
157686
157687
157688
157689
157690
157691
157692
157693
157694
157695
157696
157697
157698
157699
158166
158167
158168
158169
158170
158171
158172
158173
158174
158175
158176
158177
158178
158179
158180
158181
158182
158183
158645
158646
158647
158648
158649
158650
158651
158652
158653
158654
158655
158656
158657
158658
158659
158661
158662
158663
158664
158665
158666
158667
159099
159100
159101
159102
159103
159104
159105
159106
159107
159108
159109
159110
159111
159112
159113
159114
159115
159116
159117
159118
159121
159122
159123
159124
159524
159525
159532
159533
159534
159535
159536
159537
159538
159539
159540
159541
159542
159543
159544
159545
159546
159547
159548
159549
159550
159551
159552
159553
159554
159555
159556
159968
159969
159976
159977
159978
159979
159980
159981
159982
159983
159984
159985
159986
159987
159988
159989
159990
159991
159992
159993
159994
159995
159996
159997
159998
160400
160401
160402
160403
160404
160405
160406
160407
160408
160409
160410
160411
160412
160413
160414
160415
160416
160417
160418
160419
160420
160421
160422
160423
160424
160425
160426
160832
160833
160834
160835
160836
160837
160838
160839
160840
160841
160842
160843
160844
160845
160846
160847
160848
160849
160850
160851
160852
160853
160854
160855
160856
160857
160860
160861
160862
161287
161288
161289
161290
161291
161292
161293
161294
161295
161296
161297
161298
161299
161300
161301
161302
161303
161304
161305
161306
161307
161308
161309
161310
161311
161312
161316
161317
161318
161319
161759
161760
161762
161763
161764
161765
161766
161767
161768
161769
161770
161771
161772
161773
161774
161775
161776
161777
161778
161779
161780
161781
161782
161783
161784
161785
161786
161787
161788
161789
161790
162253
162254
162255
162256
162257
162258
162259
162260
162261
162262
162263
162264
162265
162266
162267
162268
162269
162270
162271
162272
162273
162274
162275
162276
162277
162278
162732
162733
162734
162735
162736
162737
162738
162739
162740
162741
162742
162743
162744
162745
162746
162747
162748
162749
162750
162751
162752
162753
162754
162755
163187
163188
163189
163190
163191
163192
163193
163194
163195
163196
163197
163198
163199
163200
163203
163204
163205
163206
163207
163208
163635
163636
163637
163638
163639
163640
163641
163642
163643
163644
163645
163646
163650
163651
163652
163653
163654
164079
164080
164081
164082
164083
164084
164085
164086
164087
164088
164525
164526
164527
164528
164529
164530
164531
164532
164533
164534
164535
164536
165017
165018
165019
165020
165021
165022
165023
165024
165025
165026
165027
165493
165494
165495
165496
165497
165498
165499
165500
165501
165502
165503
165504
165505
165506
165507
165971
165972
165973
165974
165975
165976
165977
165978
165979
165980
165981
165982
165983
165984
166457
166458
166459
166460
166461
166462
166463
166464
166465
166466
166467
166940
166941
166942
166943
166944
166945
166946
166947
166948
166949
166950
166951
166952
166953
166954
166955
166956
166957
167438
167439
167440
167441
167442
167443
167444
167445
167446
167447
167448
167449
167450
167953
167954
167955
167956
167957
167958
167959
167960
167961
167962
167963
167964
168480
168481
168486
168487
168488
168489
168490
168997
168998
168999
169000
169001
169508
169509
169510
169511
169512
169513
170024
170025
170026
170027
170028
170029
170030
170555
170556
170557