484487
484812
484813
485141
485142
485143
485144
485480
485481
485482
485483
485484
485816
485817
485818
485819
485820
485821
485822
486123
486124
486125
486126
486127
486128
486129
486130
486131
486132
486133
486134
486135
486440
486441
486442
486443
486444
486445
486446
486447
486448
486449
486770
486771
486772
486773
486774
487134
487135
487136
487137
487138
487495
487496
487497
487498
487876
487877
487878
487879
487880
487881
488252
488253
488254
488255
488652
488653
488654
488655
488656
489046
489047
489048
489049
489050
489051
489452
489453
489454
489455
489456
489457
489458
489459
489885
489886
489887
489888
489889
489890
489891
489892
490295
490296
490297
490298
490301
490302
490303
490304
490305
490306
490307
490700
490701
490702
490703
490704
490705
490708
490709
490710
490711
490712
490713
491094
491095
491096
491097
491098
491099
491100
491102
491103
491104
491105
491106
491107
491494
491495
491496
491497
491498
491499
491500
491501
491502
491503
491504
491505
491506
491507
491898
491902
491903
491906
491907
491908
491909
491910
491911
491912
491913
491914
491915
492316
492317
492318
492320
492321
492324
492325
492326
492327
492328
492329
492330
492332
492732
492733
492734
492735
492736
492737
492738
492739
492740
492741
492742
492743
492744
492745
492746
492747
492748
493167
493168
493169
493173
493174
493175
493176
493177
493178
493179
493180
493181
493589
493590
493591
493595
493596
493597
493598
493599
493600
493601
493602
493603
494010
494011
494012
494013
494014
494015
494016
494017
494018
494019
494020
494021
494022
494023
494024
494025
494026
494447
494448
494449
494452
494453
494454
494455
494456
494457
494458
494459
494460
494461
494462
494463
494464
494465
494466
494467
494903
494904
494905
494908
494909
494910
494911
494912
494913
494914
494915
494916
494917
494918
494919
494920
494921
494922
495351
495357
495358
495359
495360
495361
495362
495363
495364
495365
495366
495367
495368
495369
495370
495371
495372
495373
495374
495810
495811
495812
495813
495814
495815
495816
495820
495821
495822
495823
495824
495825
495826
495827
495828
495829
495830
495831
495832
495833
495834
495835
495836
495837
495838
495839
495840
496264
496265
496266
496267
496270
496271
496272
496273
496274
496275
496276
496277
496278
496279
496280
496281
496282
496283
496284
496285
496286
496287
496288
496289
496290
496718
496719
496721
496722
496723
496724
496725
496726
496727
496728
496729
496730
496731
496732
496733
496734
496735
496736
496737
496738
496739
496740
496741
496742
496743
497202
497203
497204
497205
497206
497207
497209
497210
497211
497212
497213
497214
497215
497216
497217
497218
497219
497220
497221
497222
497223
497224
497225
497678
497679
497680
497681
497682
497683
497685
497686
497687
497688
497689
497690
497691
497692
497693
497694
497695
497696
497697
497698
497699
497700
497701
497702
497703
497704
497705
498152
498153
498154
498155
498156
498157
498158
498159
498160
498161
498162
498163
498164
498165
498166
498167
498168
498169
498170
498171
498172
498173
498651
498652
498653
498654
498655
498656
498657
498658
498659
498660
498662
498663
498666
498667
498668
498669
498670
498671
499163
499164
499165
499166
499167
499168
499169
499170
499171
499172
499173
499174
499175
499178
499179
499180
499181
499182
499183
499184
499663
499664
499665
499666
499667
499668
499669
499670
499671
499672
499673
499674
499675
499676
499678
499679
499685
499686
499687
499688
499689
500201
500202
500203
500204
500205
500737
501264
501265