432750
433273
433274
433277
433777
433778
433779
433780
433781
433782
433783
433784
433785
433786
433787
433788
434274
434275
434276
434277
434278
434279
434280
434281
434282
434283
434768
434769
434770
434771
434772
434773
434774
434775
434776
435270
435271
435272
435273
435274
435275
435276
435277
435278
435279
435281
435282
435283
435284
435285
435286
435754
435755
435756
435757
435758
435759
435760
435761
435762
435763
435765
435766
435767
435768
435769
435770
436222
436223
436224
436225
436226
436227
436228
436229
436230
436231
436232
436678
436679
436680
436681
436682
436683
436684
436685
436686
436687
437110
437111
437112
437113
437114
437115
437116
437117
437118
437119
437120
437121
437577
437578
437579
437580
437581
437582
437583
437584
437585
437586
437587
438022
438023
438024
438025
438026
438027
438028
438029
438030
438031
438032
438033
438034
438035
438036
438462
438463
438477
438478
438479
438480
438481
438482
438483
438484
438485
438486
438487
438488
438489
438490
438908
438909
438910
438911
438914
438915
438916
438917
438918
438919
438920
438921
438922
438923
438924
438925
438926
438927
438928
439343
439344
439345
439346
439347
439348
439352
439353
439354
439355
439356
439357
439358
439359
439360
439361
439362
439363
439364
439365
439372
439373
439374
439752
439753
439754
439755
439756
439757
439758
439759
439760
439765
439766
439767
439768
439769
439770
439771
439772
439773
439774
439775
439776
439777
439778
439779
439780
439781
439782
439786
439787
439788
440143
440144
440145
440146
440147
440148
440149
440150
440151
440152
440153
440154
440155
440156
440157
440158
440159
440160
440161
440162
440163
440165
440166
440167
440168
440169
440170
440171
440172
440173
440174
440175
440176
440528
440529
440530
440531
440532
440533
440534
440535
440536
440537
440538
440539
440540
440541
440542
440543
440544
440545
440546
440547
440548
440549
440550
440551
440552
440553
440554
440555
440558
440559
440561
440562
440912
440913
440914
440915
440916
440917
440918
440919
440920
440921
440922
440923
440924
440925
440926
440927
440928
440929
440930
440931
440932
440933
440934
440935
440936
440937
440938
440942
440943
440945
440946
440947
440948
441306
441307
441308
441309
441310
441311
441312
441313
441314
441315
441316
441317
441318
441319
441320
441321
441324
441325
441326
441327
441328
441329
441330
441331
441334
441337
441338
441339
441340
441341
441686
441687
441688
441689
441690
441691
441692
441697
441698
441699
441700
441701
441702
441703
441704
441705
441708
441711
441712
441713
441714
441715
442040
442041
442042
442048
442049
442050
442051
442052
442053
442054
442055
442057
442058
442060
442061
442062
442413
442414
442415
442416
442417
442418
442419
442420
442421
442422
442423
442424
442425
442426
442427
442772
442773
442774
442775
442776
442777
442778
442779
442780
442781
442782
442783
442784
442785
442786
442787
442788
443145
443146
443147
443148
443149
443150
443151
443152
443153
443154
443155
443156
443157
443508
443509
443510
443511
443512
443513
443514
443515
443516
443517
443518
443519
443520
443521
443886
443887
443888
443889
443890
443891
443892
443893
443894
443895
443896
443897
444254
444255
444256
444257
444258
444259
444260
444261
444262
444263
444264
444620
444622
444623
444624
444625
444626
444627
444628
444629
444630
444978
444979
444980
444981
444982
444983
444984
444985
445347
445348
445349
445350
445351
445352
445353
445716
445717
445718
445719
446084
446085
446086
446087
446454
446455
446457
446458
446800