160818
161274
161275
161739
161740
161741
161742
161743
161744
161745
162222
162223
162224
162225
162226
162227
162228
162229
162230
162231
162703
162704
162705
162706
162707
162708
162709
163153
163155
163156
163157
163158
163159
163160
163161
163162
163163
163600
163601
163602
163603
163604
163605
163606
163607
163608
163609
163610
163611
164036
164038
164039
164040
164042
164043
164044
164045
164046
164047
164048
164049
164050
164051
164052
164053
164054
164055
164056
164057
164058
164485
164486
164487
164488
164489
164490
164491
164492
164493
164494
164495
164496
164497
164498
164499
164500
164501
164502
164503
164504
164505
164506
164507
164508
164509
164510
164975
164976
164977
164978
164979
164980
164981
164982
164983
164984
164985
164986
164987
164988
164989
164990
164991
164992
164993
164994
164995
164996
164997
164998
165447
165455
165456
165458
165459
165460
165461
165462
165463
165464
165465
165466
165467
165468
165469
165470
165471
165472
165473
165474
165922
165923
165927
165930
165931
165932
165933
165934
165935
165936
165937
165938
165939
165940
165941
165942
165943
165944
165945
165946
165947
165948
165949
166409
166410
166411
166412
166413
166414
166415
166416
166417
166418
166419
166420
166421
166422
166423
166424
166425
166426
166427
166428
166429
166430
166431
166432
166433
166434
166435
166436
166437
166890
166891
166892
166893
166894
166895
166896
166897
166898
166899
166900
166901
166902
166903
166904
166905
166906
166907
166908
166909
166910
166911
166912
166913
166914
166915
166916
166917
166918
166919
166920
166921
166922
167382
167383
167384
167385
167386
167387
167388
167389
167390
167391
167392
167393
167394
167395
167396
167397
167398
167399
167400
167401
167402
167403
167404
167406
167407
167408
167409
167410
167411
167412
167413
167414
167415
167416
167417
167418
167419
167423
167429
167430
167904
167905
167906
167907
167908
167909
167910
167911
167912
167913
167914
167915
167916
167917
167918
167919
167920
167921
167922
167923
167924
167925
167926
167927
167928
167929
167930
167931
167932
167933
167934
167935
167936
167937
167938
167939
167940
167941
167942
167943
167944
168433
168434
168436
168437
168438
168439
168440
168441
168442
168443
168444
168445
168446
168447
168448
168449
168450
168451
168452
168453
168454
168455
168456
168457
168458
168459
168460
168461
168462
168463
168464
168465
168466
168467
168468
168469
168470
168471
168472
168948
168950
168951
168952
168954
168955
168956
168957
168958
168959
168960
168962
168964
168965
168966
168967
168968
168969
168970
168971
168972
168973
168974
168975
168976
168977
168978
168979
168980
168981
168982
169462
169463
169464
169465
169467
169468
169469
169470
169471
169472
169479
169480
169481
169482
169483
169484
169485
169486
169487
169488
169489
169490
169491
169492
169493
169494
169975
169976
169977
169978
169982
169983
169986
169987
169988
169989
169990
169996
169997
169998
169999
170000
170001
170002
170003
170004
170005
170006
170007
170008
170500
170501
170502
170503
170512
170513
170514
170515
170516
170523
170524
170525
170526
170527
170528
170529
170530
170531
170532
170533
170534
170535
171063
171064
171065
171066
171067
171068
171069
171070
171075
171076
171077
171078
171079
171080
171081
171082
171083
171084
171085
171585
171586
171587
171595
171597
171598
171599
171600
171601
171602
171603
171604
171605
171606
172119
172122
172123
172124
172125
172126
172127
172130
172131
172634
172635
172636
172637
172638
172639
172641
173139
173143
173144