120448
120449
120992
120993
120994
120995
120997
120998
120999
121518
121519
121520
121521
121522
121523
121524
121525
121526
122049
122050
122051
122052
122053
122054
122055
122056
122057
122058
122059
122566
122567
122568
122569
122570
122571
122572
122573
122574
122575
122576
122577
123104
123105
123106
123107
123108
123109
123110
123111
123112
123113
123114
123115
123116
123117
123118
123119
123667
123668
123669
123670
123671
123672
123673
123674
123675
123676
123677
123678
123679
123680
123681
124235
124236
124237
124238
124239
124240
124241
124242
124243
124244
124245
124246
124247
124248
124801
124802
124803
124804
124805
124806
124807
124808
124809
125365
125366
125367
125368
125369
125370
125371
125372
125373
125374
125917
125923
125924
125925
125926
125927
125928
125929
125930
125931
125932
125933
126467
126468
126469
126470
126471
126472
126473
126479
126480
126481
126482
126483
126484
126485
126486
126487
126488
126489
126490
126491
127014
127015
127016
127017
127018
127019
127020
127025
127026
127027
127028
127031
127032
127033
127034
127035
127036
127037
127552
127553
127554
127555
127556
127560
127561
127562
127563
127564
127565
127567
127568
127569
127570
127571
127572
127573
127574
128084
128086
128087
128089
128092
128093
128094
128095
128096
128097
128098
128099
128100
128101
128102
128103
128104
128105
128106
128590
128591
128592
128593
128594
128595
128596
128597
128598
128599
128600
128601
128602
128603
128604
128605
128606
128607
128608
128609
128610
128611
128612
128613
128614
129092
129093
129094
129095
129096
129097
129098
129099
129100
129101
129102
129103
129104
129105
129106
129107
129108
129109
129110
129111
129112
129113
129114
129115
129116
129117
129118
129607
129608
129610
129611
129612
129613
129614
129615
129616
129617
129618
129619
129620
129621
129622
129623
129624
129625
129626
129627
129628
129629
129630
129631
129632
129633
129634
130134
130135
130136
130137
130138
130139
130140
130141
130142
130143
130144
130145
130146
130147
130148
130149
130150
130151
130152
130153
130154
130155
130156
130157
130659
130660
130661
130662
130663
130664
130665
130666
130667
130668
130669
130670
130671
130672
130673
130675
130676
130677
130678
130679
130680
130681
130682
130683
131164
131165
131166
131167
131168
131169
131170
131171
131172
131173
131174
131175
131176
131177
131178
131179
131180
131181
131182
131183
131184
131185
131186
131187
131188
131684
131685
131686
131687
131688
131689
131690
131691
131692
131693
131694
131695
131696
131697
131698
131699
131700
131701
131702
131703
131704
132205
132206
132207
132208
132209
132210
132211
132212
132213
132214
132215
132216
132217
132218
132219
132220
132221
132222
132223
132224
132225
132226
132724
132725
132726
132727
132728
132729
132730
132731
132732
132733
132734
132735
132736
132737
132738
132739
132740
133276
133279
133280
133281
133282
133283
133284
133285
133286
133287
133288
133289
133290
133291
133292
133293
133840
133846
133847
133848
133849
133850
133851
133852
133853
133854
133855
133856
133857
133858
133859
134443
134444
134445
134446
134447
134448
134449
134450
134452
134453
134454
135020
135021
135022
135023
135024
135025
135030
135031
135032
135033
135624
135625
135626
135627
135628
135629
135630
135631
135632
135636
135637
135638
136230
136231
136232
136233
136234
136235
136236
136240
136834
136835
136836
136837
136838
136839
136840
136841
136842
137422
137423
137424
137425
137426
137427
137428
137429
137430
137987
137988
137989
137994
138580