85453
85454
86022
86023
86577
86578
86580
86581
87134
87135
87136
87137
87138
87139
87140
87141
87665
87666
87667
87668
87670
88185
88186
88187
88716
88717
88718
89237
89238
89762
89763
89764
89765
89766
89767
89768
90283
90284
90285
90286
90287
90288
90289
90290
90291
90292
90828
90829
90830
90831
90832
90833
91385
91386
91387
91946
91947
91948
91949
92512
92513
92514
92515
92516
92517
92518
92519
92520
92521
93102
93103
93104
93105
93106
93107
93108
93110
93724
93725
93726
93727
93728
93729
93730
93736
93737
93738
93739
94346
94347
94348
94349
94350
94351
94352
94353
94354
94357
94358
94359
94360
94361
94362
94955
94959
94960
94961
94962
94963
94964
94965
94966
94967
94968
94969
94970
94971
94972
94973
95588
95589
95590
95591
95592
95593
95594
95595
95596
95597
95598
95599
95600
95601
95602
95603
95604
95605
95606
95607
95608
95609
96227
96228
96229
96230
96232
96233
96234
96235
96236
96237
96238
96239
96240
96241
96242
96243
96244
96245
96246
96247
96248
96249
96250
96251
96252
96253
96254
96255
96864
96866
96867
96870
96871
96872
96873
96874
96875
96876
96877
96878
96879
96880
96881
96882
96883
96884
96885
96886
96887
96888
96889
96890
96891
96892
96893
96894
96895
97507
97509
97511
97512
97513
97514
97516
97517
97518
97520
97521
97522
97523
97524
97525
97526
97527
97528
97529
97530
97531
97532
97533
97534
97535
97536
97537
97538
97539
97540
98113
98114
98115
98116
98117
98118
98119
98120
98121
98122
98124
98125
98126
98129
98130
98131
98132
98133
98134
98135
98136
98137
98138
98139
98140
98141
98142
98143
98144
98145
98146
98733
98734
98735
98736
98737
98738
98739
98740
98741
98743
98744
98745
98746
98747
98750
98751
98752
98753
98754
98755
98756
98757
98758
98759
98760
98761
98762
98763
98764
99339
99340
99341
99342
99343
99344
99345
99346
99349
99351
99352
99353
99354
99355
99356
99357
99358
99359
99360
99361
99362
99363
99364
99365
99366
99367
99368
99373
99374
99993
99994
99996
99997
99999
100000
100001
100002
100004
100005
100008
100009
100010
100011
100012
100013
100014
100015
100016
100017
100018
100019
100020
100021
100645
100646
100647
100648
100649
100650
100651
100652
100653
100654
100655
100656
100657
100658
100661
100662
100663
100664
100665
100666
100667
100668
100669
100670
100671
100672
100673
100674
101321
101322
101323
101324
101325
101326
101327
101328
101329
101330
101331
101332
101333
101334
101335
101336
101337
101338
101339
101340
101341
101342
101343
101344
101345
101346
101350
101351
101352
101979
101980
101981
101982
101984
101985
101986
101987
101988
101989
101990
101991
101992
101993
101994
101995
101996
101997
101998
101999
102000
102004
102005
102006
102007
102607
102608
102609
102612
102613
102614
102615
102616
102617
102618
102619
102620
102621
102622
102623
102628
102629
102630
102631
102632
103235
103236
103237
103238
103239
103240
103245
103246
103249
103250
103251
103252
103253
103254
103255
103855
103857
103858
103866
103867
103868
103869
103870
103871
103872
103873
103874
103875
103876
103877
104487
104488
104497
104498
104499
104500
104501
104502
104503
104504
104505
105123
105124
105125
105126
105127
105128
105129
105745
105746
105747
105748
106359
106360
106361
106971
106972