334215
334216
334217
334678
334679
334680
335135
335136
335137
335138
335590
335591
335592
335593
335594
335595
335610
335611
335612
335613
336051
336053
336054
336055
336056
336057
336058
336059
336060
336068
336069
336070
336072
336073
336074
336523
336524
336525
336526
336527
336528
336529
336530
336531
336532
336533
336539
336540
336541
336542
336543
336544
336545
336546
336547
336548
337010
337011
337016
337017
337018
337019
337020
337021
337022
337025
337026
337027
337028
337029
337030
337031
337032
337033
337034
337527
337528
337533
337534
337535
337536
337537
337538
337539
337542
337543
337544
337545
337546
337547
337548
337549
337550
337551
338060
338061
338062
338065
338066
338067
338068
338069
338070
338071
338072
338077
338078
338079
338080
338081
338082
338083
338084
338085
338604
338605
338606
338607
338608
338609
338610
338612
338614
338616
338617
338618
338621
338622
338623
338624
338625
338626
338627
338628
339136
339137
339138
339139
339140
339145
339146
339147
339148
339153
339154
339155
339156
339157
339158
339159
339160
339161
339660
339661
339662
339663
339664
339665
339666
339672
339673
339674
339675
339676
339677
339678
339679
339680
339681
339682
339683
339684
339685
339686
340185
340186
340187
340188
340189
340190
340198
340199
340200
340201
340203
340204
340205
340206
340207
340208
340209
340210
340211
340212
340727
340728
340729
340730
340731
340732
340737
340738
340739
340740
340741
340742
340743
340744
340745
340746
340747
340748
340749
340750
340751
341277
341280
341281
341282
341283
341284
341286
341287
341288
341289
341290
341291
341293
341294
341295
341296
341787
341788
341789
341790
341791
341792
341793
341794
341795
341796
341797
341798
341799
341800
341803
341804
341805
341806
342316
342317
342318
342319
342320
342321
342322
342323
342324
342325
342326
342327
342328
342329
342330
342331
342332
342333
342334
342335
342336
342337
342338
342854
342855
342856
342857
342858
342859
342860
342861
342862
342863
342864
342865
342866
342867
342868
342869
342870
342871
342872
342873
342874
342875
342876
342877
342878
343416
343417
343418
343419
343420
343421
343422
343423
343424
343425
343426
343427
343428
343429
343430
343431
343432
343433
343434
343435
343436
343437
343438
343439
343440
343978
343979
343980
343981
343982
343983
343984
343985
343986
343987
343988
343989
343990
343991
343992
343993
343994
343995
343996
343997
343998
343999
344000
344001
344535
344536
344537
344538
344539
344540
344541
344542
344543
344544
344545
344546
344547
344548
344549
344550
344551
344552
344553
344554
344555
344556
344557
344558
345065
345068
345069
345070
345071
345072
345073
345074
345075
345076
345077
345078
345079
345080
345081
345083
345084
345085
345086
345087
345088
345089
345090
345091
345092
345093
345630
345631
345632
345633
345634
345635
345636
345640
345641
345642
345643
345644
345646
345647
345648
345649
345650
345651
345652
345653
345654
345655
345656
345657
346172
346173
346174
346180
346181
346182
346183
346184
346186
346187
346188
346189
346190
346191
346192
346193
346194
346197
346198
346199
346715
346716
346724
346725
346726
346727
346728
346732
346733
346734
346735
346736
346737
346738
346742
347281
347284
347288
347289
347291
347292
347293
347849
347851
347856
347857
347858
347859
347860
348433
348434
348435
348436
349032
349033
349034
349650
349651
349652
350248
350249
350250
350828
350829
350830
351400
351401
351402
351403
351965
351966
351967
351968
352528
352529
352530
352531
353090
353091
353092