396617
396618
396622
397143
397144
397145
397146
397149
397150
397151
397656
397657
397658
397659
397660
397661
397662
397665
397666
397667
397668
397669
397670
398191
398192
398193
398194
398195
398196
398197
398198
398199
398200
398201
398202
398203
398204
398205
398206
398207
398742
398743
398744
398745
398746
398747
398748
398749
398750
398751
398752
398753
398754
398755
398756
398757
398758
399290
399291
399292
399293
399294
399295
399296
399297
399298
399299
399300
399301
399302
399303
399304
399305
399306
399307
399308
399806
399807
399808
399815
399816
399817
399818
399819
399820
399821
399822
399823
399824
399825
399826
399827
399828
399829
399830
399831
399832
399833
399834
400322
400328
400329
400330
400331
400332
400333
400334
400335
400336
400337
400338
400339
400340
400341
400342
400824
400825
400831
400832
400833
400834
400835
400836
400837
400838
400839
400840
400841
400842
400843
401326
401328
401329
401335
401336
401337
401338
401339
401340
401341
401342
401343
401344
401345
401346
401347
401831
401832
401833
401834
401835
401841
401842
401843
401844
401845
401846
401847
401848
401849
402327
402328
402329
402330
402331
402332
402333
402334
402335
402336
402339
402340
402341
402342
402343
402344
402345
402346
402347
402837
402838
402839
402840
402843
402844
402845
402849
402850
402851
402852
402853
402854
402855
402856
402857
402858
403327
403328
403329
403330
403331
403332
403333
403334
403335
403336
403337
403338
403339
403340
403341
403342
403802
403803
403804
403805
403806
403807
403808
403809
403810
403811
403812
403813
403814
403815
403816
403817
403818
404270
404271
404272
404273
404274
404275
404276
404277
404278
404279
404280
404281
404282
404283
404284
404285
404286
404287
404288
404718
404719
404720
404721
404722
404723
404724
404725
404726
404727
404728
404729
404730
404731
404732
404733
404734
404735
404736
404737
405174
405175
405176
405177
405178
405179
405180
405181
405182
405183
405184
405186
405187
405188
405189
405190
405191
405192
405193
405620
405621
405622
405623
405624
405625
405626
405627
405628
405629
405630
405632
405633
405634
405635
405636
405637
405638
405639
406085
406086
406087
406088
406089
406090
406091
406092
406093
406094
406095
406096
406097
406098
406099
406100
406101
406102
406103
406104
406543
406544
406545
406546
406547
406548
406549
406550
406551
406552
406553
406554
406555
406556
406557
406558
406990
406991
406992
406993
406994
406995
406996
406997
406998
406999
407000
407001
407002
407003
407004
407005
407426
407428
407430
407431
407432
407433
407434
407435
407436
407437
407438
407439
407440
407441
407442
407443
407859
407861
407862
407863
407864
407865
407866
407867
407868
407869
407870
407871
407872
407873
407874
407875
408320
408321
408322
408323
408324
408325
408326
408327
408328
408769
408770
408771
408772
408773
408774
408775
408776
408777
409206
409207
409208
409209
409210
409211
409212
409213
409214
409215
409216
409677
409678
409679
409680
409681
409682
409683
409684
409685
409686
410152
410153
410154
410155
410156
410157
410158
410159
410600
410601
410602
410603
410604
410605
410606
410607
410608
411047
411048
411050
411051
411052
411053
411054
411514
411515
411516
411517
411519
411520
411521
411522
411976
411977
411978
411979
411980
411981
411982
411983
412459
412460
412461
412462
412463
412464
412465
412466
412467
412942
412943
412944
412945
412946
412947
412948
412949
412950
413428
413431
413432
413433
413434
413908
413911
413912
413913
413914
414404
414405
414908