58808
58809
59369
59373
59374
59375
59964
59965
59966
59967
59968
59969
59970
60581
60582
60583
60585
60586
60587
60588
60589
60590
61181
61182
61183
61184
61185
61186
61187
61188
61189
61190
61191
61192
61761
61762
61765
61766
61767
61768
61769
61770
61772
61773
61774
61775
61776
62357
62358
62359
62360
62361
62362
62363
62364
62365
62367
62368
62369
62370
62371
62375
62927
62928
62929
62930
62933
62934
62935
62936
62937
62938
62939
62940
62941
62942
62943
62944
63491
63492
63493
63494
63495
63496
63497
63498
63499
63504
63505
63506
63507
63508
63509
63510
63511
63512
64088
64089
64090
64091
64092
64093
64094
64095
64096
64100
64101
64102
64103
64104
64105
64106
64684
64685
64686
64687
64688
64689
64690
64691
64694
64695
64696
64697
64698
64699
65270
65271
65272
65274
65280
65281
65282
65283
65284
65285
65287
65288
65843
65844
65846
65852
65853
65854
65855
65856
65857
65860
65861
65862
65863
66395
66396
66397
66398
66403
66404
66405
66406
66407
66408
66409
66410
66413
66414
66415
66416
66937
66938
66943
66944
66945
66946
66947
66949
66950
66951
66953
66954
66955
67470
67480
67481
67482
67483
67484
67485
67486
67487
67488
67489
67490
68037
68047
68048
68051
68052
68053
68054
68056
68057
68058
68565
68568
68569
68570
68581
68582
68583
68584
68585
68586
68587
68588
68589
68590
68591
68592
69081
69082
69086
69087
69092
69093
69094
69095
69099
69100
69101
69103
69104
69105
69106
69107
69108
69109
69110
69111
69112
69113
69114
69629
69630
69631
69633
69634
69636
69643
69646
69647
69648
69649
69650
69651
69652
69653
69654
69655
69656
69657
69658
69659
70157
70158
70160
70161
70162
70168
70169
70170
70175
70176
70177
70178
70179
70180
70181
70182
70183
70184
70185
70186
70704
70705
70706
70707
70708
70709
70710
70711
70715
70716
70717
70718
70722
70723
70724
70725
70726
70727
70728
70729
70730
70731
70732
70733
71250
71251
71252
71253
71254
71255
71256
71257
71258
71259
71260
71261
71264
71265
71273
71274
71275
71276
71277
71278
71279
71280
71281
71815
71816
71817
71818
71819
71820
71821
71822
71823
71824
71825
71826
71827
71830
71841
71842
71843
71844
71845
72381
72382
72383
72384
72385
72386
72387
72388
72389
72390
72391
72392
72393
72394
72395
72397
72414
72937
72938
72939
72940
72941
72942
72943
72944
72945
72946
72947
72948
72949
72950
72951
72952
72953
72954
72973
72974
72975
73493
73494
73495
73496
73497
73498
73499
73500
73501
73502
73503
73504
73505
73506
73507
73508
73509
73510
73511
73512
73513
73514
73515
73533
74060
74061
74062
74063
74064
74065
74066
74067
74068
74069
74070
74071
74072
74073
74074
74075
74076
74077
74078
74079
74080
74081
74083
74614
74615
74617
74618
74619
74620
74621
74622
74623
74624
74625
74626
74627
74628
74629
74630
74631
74632
74633
75189
75190
75191
75192
75193
75194
75195
75196
75197
75198
75199
75200
75201
75790
75791
75792
75793
75796
75797
75798
76371
76372
76373
76378
76379
76380
76943
76944
76945
76946
76951
76952
77496
77497
77498
77499
77508
78075
78076
78077
78078
78654
78655
79249
79250
79839
79840
80431