390963
390964
390965
391510
391511
391513
391517
391518
391519
392064
392065
392066
392067
392069
392073
392074
392075
392076
392077
392618
392619
392620
392621
392622
392627
392628
392629
392630
392631
393149
393150
393151
393152
393153
393154
393155
393156
393157
393158
393159
393676
393677
393678
393679
393680
393681
393682
393683
393684
393685
393686
393687
393688
393689
393690
393691
394219
394220
394221
394222
394223
394224
394225
394226
394227
394228
394229
394230
394231
394232
394233
394234
394738
394739
394740
394742
394743
394744
394746
394747
394748
394749
394750
394751
394752
395272
395273
395274
395276
395277
395278
395279
395280
395281
395282
395283
395284
395285
395286
395287
395288
395819
395820
395821
395823
395824
395825
395826
395827
395828
395829
395830
395831
395832
395833
395834
396373
396374
396375
396376
396377
396378
396379
396380
396381
396382
396389
396390
396898
396899
396900
396901
396902
396903
396904
396905
396906
396917
396918
396924
397413
397414
397415
397416
397417
397418
397419
397420
397421
397422
397423
397424
397432
397437
397438
397939
397940
397941
397942
397943
397944
397945
397946
397947
397949
397950
397951
397952
397953
397955
397956
397963
397964
397965
397966
397967
397968
397969
397970
397971
397972
397973
397975
397976
397977
398488
398489
398490
398491
398492
398493
398494
398495
398496
398498
398499
398500
398501
398502
398503
398504
398505
398506
398507
398508
398510
398511
398512
398513
398514
398515
398516
398517
398518
398519
398520
398521
398522
398524
398525
398526
398527
398528
398529
399059
399060
399061
399064
399065
399066
399069
399071
399072
399073
399076
399077
399078
399079
399080
399081
399082
399083
399084
399085
399086
399087
399088
399089
399090
399091
399092
399093
399094
399095
399096
399097
399098
399099
399100
399597
399604
399605
399606
399607
399611
399612
399616
399618
399619
399620
399621
399622
399623
399624
399625
399626
399627
399628
399629
399630
399631
399632
399633
399634
400141
400142
400143
400144
400145
400146
400147
400148
400149
400150
400151
400152
400153
400154
400155
400632
400633
400634
400635
400636
400637
400638
400639
400640
400641
400642
400643
400644
401125
401126
401127
401128
401129
401130
401131
401132
401133
401134
401135
401136
401137
401138
401634
401635
401636
401637
401638
401639
401640
401641
401642
401643
401644
402130
402131
402133
402134
402135
402136
402137
402138
402139
402140
402143
402639
402640
402641
402642
402643
402644
402645
402646
402647
402648
402649
402650
402651
402652
402653
402654
403130
403131
403132
403133
403134
403135
403136
403137
403138
403139
403140
403141
403142
403143
403144
403608
403609
403610
403613
403614
403615
403616
403617
403618
403619
404086
404087
404088
404093
404094
404095
404096
404097
404557
404558
404559
404560
404561
404562
404563
404564
404566
404567
405019
405020
405021
405022
405023
405024
405025
405027
405028
405029
405030
405471
405472
405473
405474
405475
405476
405477
405481
405933
405934
405938
405939
405940
405941
405943
405944
405945
406388
406389
406390
406391
406392
406393
406394
406395
406396
406398
406399
406834
406835
406836
406837
406838
406839
406840
406841
407279
407280
407281
407282
407283
407284
407285
407286
407288
407289
407290
407712
407713
407714
407715
407717
407718
407719
407720
407721
407722
407723
408152
408153
408154
408155
408156
408157
408158
408159
408594
408595
408596
408597
408598
408599
408600
409029
409031
409032
409033
409034
409035
409492
409495
409496