32061
32062
32064
32065
32575
32576
32577
32578
32579
32580
33074
33075
33076
33077
33078
33079
33587
33588
34086
34087
34600
34601
35126
35127
35128
35129
35634
35635
35636
35637
36129
36130
36131
36132
36133
36606
36609
36610
37070
37071
37072
37073
37074
37540
37541
37542
37543
37544
37545
37546
38018
38019
38027
38029
38030
38031
38032
38033
38521
38523
38524
38525
38532
38533
38537
38538
39027
39028
39029
39030
39031
39032
39037
39038
39040
39041
39042
39550
39551
39552
39553
39554
39555
39556
39561
39562
39563
39567
40081
40082
40083
40085
40086
40087
40088
40089
40090
40091
40092
40610
40611
40612
40613
40614
40615
40616
40617
40618
40619
40620
40621
40622
41139
41140
41141
41142
41143
41144
41145
41146
41147
41148
41149
41150
41709
41710
41711
41712
41713
41714
41715
41716
41717
41718
42282
42283
42285
42286
42287
42288
42289
42290
42291
42857
42858
42859
42860
42861
42862
42863
42864
42865
43420
43421
43422
43423
43424
43425
43426
43427
43428
43429
43983
43984
43985
43986
43987
43988
43989
43993
44533
44534
44535
44536
44537
44540
44541
44542
45057
45058
45059
45060
45061
45062
45063
45064
45592
45593
45595
45596
45597
45598
45599
45600
45601
45602
45603
46093
46094
46095
46096
46097
46098
46099
46100
46101
46102
46104
46105
46106
46107
46108
46607
46608
46609
46610
46611
46612
46614
46615
46617
46618
46619
46620
46621
46623
46624
46625
46628
46629
46630
47070
47074
47075
47077
47078
47079
47080
47081
47082
47083
47084
47085
47087
47088
47089
47090
47091
47092
47093
47531
47532
47533
47534
47538
47539
47540
47541
47542
47543
47544
47545
47546
47547
47548
47549
47550
47551
47552
47553
47972
47980
47981
47982
47983
47984
47985
47986
47987
47988
47989
47990
47991
47995
48454
48455
48456
48457
48458
48459
48460
48461
48462
48463
48464
48465
48466
48467
48468
48932
48933
48934
48935
48936
48937
48938
48939
48940
48941
48942
48943
48944
49400
49401
49402
49403
49404
49405
49406
49407
49408
49409
49410
49411
49412
49413
49414
49415
49416
49417
49418
49883
49884
49885
49886
49887
49888
49889
49890
49891
49892
49893
49894
49895
49896
49897
49898
49899
49900
50353
50354
50355
50356
50357
50358
50359
50360
50361
50362
50363
50364
50365
50366
50367
50368
50369
50370
50371
50372
50833
50834
50835
50836
50837
50838
50839
50840
50841
50842
50843
50844
50845
50846
50847
50848
50849
50850
50851
50852
50853
51296
51297
51298
51299
51300
51301
51302
51303
51304
51305
51306
51307
51308
51309
51310
51311
51312
51313
51314
51315
51316
51764
51765
51766
51767
51768
51769
51770
51771
51772
51773
51774
51775
51776
51777
51778
51779
51780
51781
51782
51783
51784
52227
52228
52229
52230
52231
52232
52233
52234
52235
52236
52237
52238
52239
52240
52241
52242
52243
52698
52699
52700
52701
52702
52703
52704
52705
52706
52707
52708
52709
52710
52711
52712
52713
52714
52715
53167
53168
53169
53170
53171
53172
53173
53174
53175
53176
53177
53615
53616
53617
53622
53623
53624
53625
53626
54083
54084
54085
54086
54087
54088
54556
54557
54558
54559
54560
55034
55035
55036