318932
318933
318934
318935
318936
319435
319436
319437
319438
319439
319440
319441
319923
319924
319925
319926
319927
319928
319929
319930
319931
320408
320409
320410
320411
320412
320413
320414
320415
320416
320425
320426
320890
320891
320892
320893
320894
320895
320896
320897
320905
321355
321356
321357
321358
321365
321366
321367
321368
321369
321370
321371
321817
321818
321819
321820
321821
321823
321828
321829
321830
321831
321832
321833
322291
322292
322293
322294
322295
322296
322297
322298
322299
322302
322303
322304
322305
322306
322767
322768
322769
322770
322771
322772
322773
322774
322775
322776
322777
322778
322779
322780
322781
322782
322783
322784
322785
322786
322787
323264
323265
323266
323267
323268
323269
323270
323271
323272
323273
323274
323275
323276
323277
323278
323279
323280
323748
323749
323750
323751
323752
323753
323754
323755
323756
323757
323758
323759
323760
323761
323762
323763
324243
324244
324245
324246
324247
324248
324249
324250
324251
324252
324253
324254
324255
324256
324257
324258
324259
324260
324261
324262
324263
324758
324759
324760
324761
324762
324763
324764
324765
324766
324767
324768
324769
324770
324771
324772
324773
324774
324775
325276
325277
325278
325279
325280
325281
325282
325283
325284
325285
325286
325287
325288
325289
325290
325291
325292
325293
325294
325295
325296
325297
325805
325806
325807
325808
325809
325810
325811
325812
325813
325814
325815
325816
325817
325818
325819
325820
325821
325822
325823
325824
325825
325826
326316
326317
326318
326319
326320
326321
326322
326323
326324
326325
326326
326327
326328
326329
326330
326331
326332
326333
326334
326335
326336
326820
326821
326822
326825
326826
326827
326828
326829
326830
326831
326832
326833
326834
326835
326836
326837
326838
326839
326840
326841
326842
326843
326844
326845
326846
326847
326848
326849
326850
327333
327334
327335
327336
327337
327338
327339
327340
327341
327342
327343
327344
327345
327346
327347
327348
327349
327350
327351
327352
327353
327354
327355
327356
327357
327358
327359
327360
327361
327868
327869
327870
327871
327872
327873
327874
327875
327876
327877
327878
327879
327880
327881
327882
327883
327884
327885
327886
327887
327888
327889
327890
327891
327892
327893
327894
327895
328384
328385
328386
328387
328388
328389
328390
328391
328392
328393
328394
328395
328396
328397
328398
328399
328400
328401
328402
328403
328404
328405
328406
328407
328408
328409
328410
328411
328412
328874
328875
328876
328877
328878
328879
328880
328881
328882
328883
328884
328885
328886
328887
328888
328889
328890
328891
328892
328893
328894
328895
328896
328897
329355
329356
329357
329358
329359
329360
329361
329362
329363
329364
329365
329366
329367
329368
329369
329370
329371
329372
329373
329374
329375
329376
329377
329378
329379
329380
329381
329810
329811
329812
329813
329814
329815
329816
329817
329818
329819
329820
329821
329822
329823
329824
329825
329826
329827
329828
329829
329830
329831
329832
329833
329834
329835
330265
330266
330267
330268
330269
330270
330271
330272
330273
330277
330278
330279
330280
330281
330282
330283
330284
330285
330286
330287
330288
330289
330290
330291
330292
330732
330733
330734
330735
330736
330737
330738
330742
330743
330744
330745
330746
330747
330748
330749
330750
330751
330752
330753
330754
330755
330756
331209
331210
331211
331212
331221
331222
331223
331224
331225
331226
331227
331228
331230
331675
331676
331677
331678
331690
331691
332161
332162
332163
332649
332650
332651