345293
345294
345295
345296
345848
345849
345850
345851
345852
345853
345854
346380
346381
346382
346383
346384
346385
346386
346387
346388
346930
346931
346932
346933
346934
346935
346936
346937
346938
346939
346940
346941
346942
347483
347484
347485
347486
347487
347488
347489
347490
347491
347492
347493
347494
347495
348074
348075
348076
348077
348078
348079
348080
348081
348657
348658
348659
348660
348661
348662
348663
348664
348665
349257
349258
349259
349260
349261
349262
349263
349264
349265
349266
349267
349867
349868
349869
349870
349871
349872
349873
349874
349875
349876
349877
350463
350464
350465
350466
350467
350468
350469
350470
350471
350472
350473
351026
351027
351028
351029
351030
351031
351032
351033
351034
351035
351036
351594
351595
351596
351597
351598
351599
351600
351601
352150
352151
352152
352154
352155
352156
352157
352158
352159
352160
352709
352713
352714
352715
352716
352717
353267
353268
353269
353270
353272
353273
353274
353275
353276
353277
353855
353856
353857
353858
353859
353860
353861
353862
353863
353864
353865
354436
354437
354439
354441
354442
354443
354444
354445
354446
354447
354448
354449
354450
355020
355021
355022
355023
355024
355025
355026
355029
355032
355033
355034
355035
355036
355037
355038
355619
355620
355621
355622
355623
355624
355625
355626
355627
355628
355629
355631
355632
355633
355634
355635
355636
356195
356196
356197
356198
356199
356200
356201
356202
356203
356204
356205
356206
356207
356208
356209
356210
356211
356212
356774
356775
356776
356777
356778
356779
356780
356781
356782
356783
356784
356785
356786
356787
357326
357327
357328
357329
357330
357331
357332
357333
357334
357335
357336
357337
357338
357339
357340
357341
357887
357888
357889
357890
357892
357893
357894
357895
357896
357897
357898
357899
357900
357901
357902
357903
357904
358433
358434
358435
358436
358437
358438
358439
358440
358441
358442
358443
358444
358445
358446
358447
358448
358449
358985
358986
358987
358988
358989
358990
358991
358992
358993
358994
358995
358996
358997
358998
358999
359000
359001
359002
359515
359516
359517
359518
359519
359520
359521
359522
359523
359524
359525
359526
359527
359528
359529
360051
360052
360053
360054
360055
360056
360057
360058
360059
360060
360061
360062
360063
360064
360560
360561
360562
360563
360564
360565
360566
360567
360568
360569
360570
360571
360572
360573
360574
361051
361052
361053
361054
361055
361056
361057
361058
361059
361060
361061
361062
361063
361064
361065
361066
361067
361068
361550
361551
361552
361553
361554
361555
361556
361557
361558
361559
361560
361561
361562
361563
361564
361565
361566
361567
361568
361569
361570
361571
362079
362080
362081
362082
362083
362084
362085
362086
362087
362088
362089
362090
362091
362092
362093
362094
362095
362096
362097
362098
362099
362599
362600
362601
362602
362603
362604
362605
362606
362607
362608
362609
362610
362611
362612
362613
362614
362615
362616
362617
362618
362619
363114
363115
363116
363117
363118
363119
363120
363121
363122
363123
363124
363125
363126
363127
363128
363129
363130
363131
363132
363133
363134
363135
363632
363633
363634
363635
363637
363639
363640
363641
363642
363643
363644
363645
363646
363647
363648
363649
363650
363651
363652
364159
364160
364161
364162
364164
364165
364166
364666
364667
364668
364669
364670
364672
364673
364674
365173
365174
365176
365177
365178
365179
365180
365656
365657
365658
365659
365660
366132
366133
366599
366600
367087
367088
367601
367602
367603