466698
466699
466700
467018
467019
467020
467021
467022
467023
467340
467341
467342
467343
467344
467345
467346
467662
467663
467664
467665
467666
467981
467983
467984
467985
467986
467987
468293
468294
468295
468296
468297
468298
468325
468326
468328
468329
468330
468331
468333
468593
468594
468595
468596
468597
468625
468626
468627
468628
468629
468630
468631
468632
468887
468888
468889
468890
468891
468896
468897
468898
468899
468916
468917
468918
468919
468921
468922
468923
468924
468925
468926
469190
469191
469192
469193
469194
469195
469196
469200
469201
469202
469203
469214
469215
469216
469217
469218
469219
469220
469221
469222
469223
469224
469225
469490
469491
469492
469493
469494
469499
469500
469501
469502
469503
469504
469505
469512
469517
469518
469519
469523
469526
469775
469776
469777
469778
469779
469780
469785
469786
469787
469788
469789
469790
469796
469797
469804
469805
470054
470055
470056
470058
470059
470061
470065
470066
470067
470068
470069
470072
470073
470074
470075
470077
470078
470079
470083
470084
470085
470086
470087
470312
470313
470314
470315
470316
470317
470319
470324
470325
470326
470327
470328
470329
470330
470331
470332
470333
470334
470335
470336
470337
470338
470339
470344
470345
470346
470347
470348
470556
470557
470558
470559
470560
470561
470562
470563
470567
470568
470569
470570
470571
470572
470573
470574
470575
470576
470577
470578
470583
470587
470588
470589
470590
470591
470592
470818
470819
470820
470821
470822
470823
470824
470825
470828
470829
470830
470831
470832
470833
470834
470835
470836
470837
470838
470839
470845
470846
470847
470848
470849
470850
470851
470852
470856
471101
471102
471103
471104
471106
471107
471108
471109
471110
471111
471112
471113
471114
471122
471123
471125
471126
471127
471128
471132
471372
471373
471374
471375
471377
471378
471379
471380
471381
471382
471383
471384
471385
471387
471395
471396
471397
471398
471399
471400
471647
471648
471649
471650
471651
471652
471653
471654
471655
471656
471657
471658
471659
471660
471661
471662
471663
471664
471665
471899
471900
471902
471903
471904
471905
471906
471907
471908
471909
471910
471911
471912
471913
471914
471915
472177
472178
472179
472180
472181
472182
472183
472184
472185
472186
472187
472188
472189
472190
472191
472192
472193
472469
472470
472471
472472
472473
472474
472475
472476
472477
472478
472479
472480
472481
472482
472483
472484
472485
472486
472487
472488
472765
472766
472767
472768
472769
472770
472771
472772
472773
472774
472775
472776
472777
472778
472779
472780
472781
472782
472783
472784
472785
472786
473064
473065
473066
473067
473068
473069
473070
473071
473072
473073
473074
473075
473076
473077
473078
473079
473080
473081
473082
473083
473084
473085
473363
473364
473365
473366
473367
473368
473369
473370
473371
473372
473373
473374
473375
473376
473377
473378
473379
473380
473381
473383
473384
473668
473669
473670
473671
473672
473673
473674
473675
473676
473677
473678
473679
473680
473681
473993
473994
473995
473996
473997
473998
473999
474000
474001
474002
474311
474313
474314
474315
474638
474639
474955
474956
474957
474958
474959
475289
475290
475291
475292
475293
475294
475622
475623
475624
475625
475626
475627
475628
475629
475630
475631
475955
475956
475957
475958
475959
475960
475961
475962
475963
475964
476281
476282
476283
476284
476285
476286
476287
476288
476289
476290
476291
476292
476631
476632
476633
476639
476992
476993
476994
477346
477347
477348
477714
477715
477716
477717