406508
406947
406948
406949
406950
407384
407385
407386
407387
407388
407389
407390
407391
407822
407823
407824
407825
407826
408280
408281
408282
408283
408284
408285
408286
408287
408714
408727
408728
408729
408730
408731
408732
408733
409145
409146
409147
409148
409149
409150
409151
409154
409155
409156
409160
409161
409162
409163
409164
409165
409166
409167
409168
409169
409170
409171
409612
409613
409614
409615
409616
409617
409618
409619
409620
409622
409623
409624
409625
409626
409627
409628
409629
409630
409631
409632
409633
409634
409635
409636
409637
409638
409639
410084
410085
410086
410087
410088
410089
410090
410091
410092
410093
410094
410095
410096
410097
410098
410099
410100
410101
410102
410103
410104
410105
410106
410107
410108
410109
410110
410111
410112
410113
410114
410115
410534
410535
410536
410539
410540
410542
410543
410544
410545
410546
410547
410548
410549
410550
410551
410552
410553
410554
410555
410556
410557
410558
410559
410560
410561
410562
410986
410987
410988
410989
410991
410992
410993
410994
410995
410996
410997
410998
410999
411000
411001
411002
411003
411004
411005
411006
411007
411008
411009
411010
411011
411012
411013
411448
411449
411450
411451
411452
411453
411454
411455
411456
411457
411458
411459
411460
411461
411462
411463
411464
411465
411466
411467
411468
411469
411470
411471
411472
411473
411474
411903
411904
411905
411906
411907
411908
411909
411910
411911
411912
411913
411914
411915
411916
411917
411918
411919
411920
411921
411922
411923
411924
411925
411926
411927
411928
411929
411930
411931
412397
412398
412399
412400
412401
412402
412403
412404
412405
412406
412407
412408
412409
412410
412411
412412
412413
412414
412415
412416
412417
412418
412419
412420
412421
412422
412423
412881
412882
412884
412885
412888
412889
412890
412891
412892
412893
412894
412895
412896
412897
412898
412899
412900
412901
412902
412903
412904
412905
412906
412907
412908
412909
412910
413368
413369
413370
413371
413372
413377
413378
413379
413380
413381
413382
413383
413384
413385
413386
413387
413388
413389
413390
413391
413392
413393
413394
413395
413396
413397
413398
413399
413855
413856
413858
413859
413860
413861
413862
413863
413864
413865
413866
413867
413868
413869
413870
413871
413872
413873
413874
413875
413876
413877
413878
413879
414356
414360
414361
414362
414363
414364
414365
414366
414367
414368
414369
414370
414371
414372
414373
414374
414375
414376
414377
414378
414864
414865
414866
414867
414868
414869
414870
414871
414872
414873
414874
414875
414876
414879
414880
414881
415394
415395
415396
415397
415398
415399
415400
415401
415402
415403
415404
415409
415410
415920
415921
415922
415923
415924
415925
415926
415927
415928
415929
415930
415931
415932
415937
415938
416440
416441
416442
416443
416444
416445
416446
416447
416448
416449
416450
416451
416453
416454
416455
416456
416946
416948
416949
416950
416951
416956
416959
416960
416961
416962
417425
417426
417427
417428
417904
417906
417907
417908
418382
418383
418385
418386
418387
418881
418882
418883
418884
418885
418886
418887
418888
419382
419383
419384
419385
419386
419387
419388
419866
419867
419868
419869
419870
419871
419872
419873
420368
420369
420370
420371
420372
420373
420374
420375
420856
420857
420858
420859
420860
420861
421326
421327
421328
421329
421330
421331
421796
421797
421798
421799
421800
421801
421802
422257
422259
422261
422262
422263
422264
422709
422710
422711
422712
422713
423187
423665
423666
423667
423668
423669