13581
13582
14177
14178
14179
14180
14181
14768
14769
14770
14771
14772
14773
14774
15347
15348
15349
15350
15351
15352
15353
15354
15355
15356
15357
15358
15909
15910
15911
15912
15913
15914
15915
15916
15917
15918
15919
15920
15932
15933
15934
15935
16501
16502
16503
16504
16505
16506
16507
16508
16509
16510
16524
16525
16527
17074
17075
17076
17077
17078
17079
17080
17081
17082
17083
17099
17657
17658
17659
17660
17661
17662
17663
17664
17676
17677
17678
17679
17680
18206
18207
18208
18209
18210
18211
18212
18213
18214
18215
18226
18227
18228
18229
18749
18750
18751
18752
18753
18754
18755
18756
18768
18769
18770
18771
18772
19299
19300
19301
19302
19303
19304
19305
19319
19848
19849
19850
19851
19852
19853
19867
19868
20392
20393
20394
20395
20396
20412
20413
20414
20415
20416
20951
20952
20953
20954
20968
20969
20970
20971
20972
20973
21496
21497
21498
21499
21513
21514
21515
21516
21517
21518
21519
22035
22036
22037
22038
22039
22042
22043
22052
22053
22054
22057
22568
22569
22570
22571
22572
22573
22574
22575
22576
22577
22587
22588
22591
22592
23094
23095
23096
23097
23098
23099
23100
23101
23102
23103
23104
23112
23113
23114
23115
23116
23117
23624
23625
23626
23627
23628
23629
23630
23631
23632
23633
23634
23635
23637
23645
23647
23648
24143
24144
24145
24146
24147
24148
24149
24150
24151
24152
24153
24154
24157
24158
24159
24162
24163
24165
24166
24167
24168
24636
24637
24638
24639
24640
24641
24642
24643
24644
24645
24646
24647
24648
24649
24650
24651
24653
24654
24655
24656
24657
24658
25123
25124
25125
25126
25127
25128
25129
25130
25131
25132
25133
25134
25135
25136
25137
25139
25140
25141
25142
25143
25144
25145
25146
25626
25627
25628
25629
25630
25631
25632
25633
25634
25635
25636
25639
25641
25642
25643
25644
25645
25646
25651
25652
25653
25655
25656
25657
26108
26109
26110
26111
26112
26113
26114
26115
26116
26117
26118
26121
26122
26123
26124
26125
26126
26128
26131
26134
26135
26136
26137
26138
26139
26140
26610
26611
26612
26613
26614
26615
26616
26617
26618
26619
26620
26621
26622
26623
26624
26625
26626
26627
26628
26633
26634
26635
26636
26640
26641
26642
26643
26644
26645
27092
27093
27094
27095
27096
27098
27099
27100
27102
27103
27104
27105
27106
27107
27108
27109
27113
27114
27115
27116
27117
27118
27119
27122
27123
27124
27125
27126
27127
27128
27590
27591
27592
27593
27597
27604
27605
27606
27610
27614
27615
27616
27617
27618
27619
27620
27624
27625
27626
27627
27628
28107
28108
28109
28110
28111
28125
28126
28127
28128
28129
28130
28134
28135
28136
28137
28138
28592
28593
28594
28609
28610
28611
28612
28613
28614
28615
28616
28617
28618
28619
28620
28621
28622
28623
29071
29072
29073
29074
29075
29076
29077
29078
29083
29536
29537
29538
29539
29540
29541
29542
29543
29544
30011
30012
30013
30014
30015
30016
30017
30018
30019
30020
30507
30508
30509
30510
30511
30512
30513
31005
31006
31007
31008
31009
31010
31011
31502
31503
31504
31505
31506
31507
31508
31509
32033
32034
32035
32036
32547
32548
32549
32550
33049