62989
63557
63558
63559
64147
64148
64149
64152
64153
64735
64736
64738
64739
64740
64741
65320
65321
65322
65323
65324
65325
65887
65888
65889
65890
65891
65892
65893
66439
66440
66441
66442
66443
66977
67516
67517
67518
67519
67520
68080
68081
68082
68083
68084
68613
68614
68615
68616
68617
68618
68619
68620
69137
69138
69139
69140
69141
69142
69681
69682
69685
69686
69687
69688
69689
69690
69691
70210
70211
70212
70213
70214
70215
70216
70217
70218
70219
70220
70221
70222
70223
70224
70225
70226
70227
70228
70760
70761
70762
70763
70764
70765
70766
70767
70768
70769
70770
70771
70772
70773
70774
70775
70776
71306
71307
71308
71309
71310
71311
71312
71313
71314
71315
71316
71317
71318
71319
71320
71321
71322
71323
71324
71325
71326
71327
71328
71329
71869
71870
71871
71872
71873
71874
71875
71876
71877
71878
71879
71880
71881
71882
71883
71884
71885
71886
71887
71888
71889
72439
72440
72441
72442
72443
72444
72445
72446
72447
72448
72453
72454
72993
72994
72995
72996
73001
73002
73003
73004
73005
73006
73011
73558
73559
73560
73561
73562
73563
73566
73567
73568
73569
73570
73571
73572
73573
73574
73575
73576
74129
74130
74131
74132
74133
74134
74135
74136
74137
74138
74139
74140
74141
74142
74143
74144
74145
74146
74147
74148
74149
74150
74678
74679
74680
74681
74682
74683
74684
74685
74686
74687
74688
74689
74690
74691
74692
74693
74694
74696
74698
74699
74700
75255
75256
75257
75258
75259
75260
75261
75262
75263
75264
75265
75266
75267
75268
75269
75270
75271
75272
75273
75274
75275
75276
75277
75278
75279
75855
75856
75857
75858
75859
75860
75861
75862
75864
75865
75866
75867
75868
75869
75870
75871
75872
75873
75874
75875
75876
75879
75880
75881
75882
76433
76434
76435
76436
76437
76438
76439
76447
76448
76449
76450
76451
76452
76453
76454
76458
76459
76460
76461
77010
77011
77012
77013
77014
77015
77016
77017
77018
77023
77024
77025
77026
77027
77028
77029
77030
77031
77034
77035
77036
77037
77567
77568
77569
77570
77571
77572
77573
77574
77575
77583
77584
77585
77586
77587
77588
77592
77593
77594
77595
78142
78143
78144
78145
78146
78155
78156
78157
78158
78159
78162
78163
78164
78724
78725
78726
78727
78735
78736
78737
78738
78739
78740
78743
78744
78746
79313
79314
79315
79316
79318
79324
79325
79326
79327
79328
79329
79334
79335
79904
79905
79914
79915
79916
79917
79919
79920
79921
80503
80504
80505
80506
80507
80508
80509
81086
81087
81088
81089
81090
81091
81092
81093
81094
81635
81636
81637
81638
81639
81640
81641
81642
81643
81644
81645
82225
82226
82227
82228
82229
82230
82231
82232
82233
82234
82235
82236
82237
82238
82822
82823
82824
82825
82826
82827
82828
82829
82830
82831
82832
82833
82834
82835
82836
82837
82838
82839
83409
83410
83411
83412
83413
83414
83415
83416
83417
83418
83419
83420
83421
83422
83423
83424
83978
83979
83980
83983
83984
83985
83986
83987
83988
83989
83990
84548
84549
84550
85121
85122
85123
85124
85698
85699
85700
85701
85702
85703
85704
85705
85706
86257
86258
86259
86260
86261
86817
86818
86819
87364