378420
378960
378961
378962
378963
378964
379518
379519
379520
380085
380086
380087
380088
380666
380667
380668
380669
380670
380671
380672
380673
381242
381243
381244
381245
381247
381809
381810
381811
381812
381814
381815
381816
382358
382360
382361
382362
382363
382364
382365
382366
382904
382905
382906
382907
382908
382909
382910
382911
382912
382913
382914
383470
383471
383472
383473
383474
383475
383476
383477
383478
383479
384054
384055
384056
384057
384058
384059
384060
384061
384062
384632
384633
384634
384635
384636
384637
384638
384639
385190
385191
385192
385193
385194
385195
385196
385197
385198
385738
385739
385740
385741
385742
385743
385744
385746
386292
386293
386296
386297
386298
386299
386300
386301
386302
386303
386304
386305
386306
386832
386833
386834
386835
386836
386837
386838
386839
386840
386841
386842
386843
386844
386845
386846
386847
386848
387369
387370
387371
387372
387373
387375
387376
387377
387378
387379
387380
387381
387382
387383
387384
387385
387386
387387
387388
387389
387390
387391
387392
387925
387926
387927
387928
387929
387930
387931
387932
387933
387934
387935
387936
387937
387938
387939
387940
387941
387942
387943
387944
387945
387946
387947
388487
388488
388489
388490
388491
388492
388493
388494
388495
388496
388497
388498
388499
388500
388501
388502
388503
388504
388505
389031
389032
389033
389034
389035
389036
389037
389038
389039
389040
389041
389042
389043
389044
389045
389046
389047
389048
389049
389050
389572
389573
389574
389575
389576
389577
389578
389579
389580
389581
389582
389583
389584
389585
389586
389587
389588
389589
390113
390114
390115
390116
390117
390118
390119
390120
390121
390122
390123
390124
390125
390126
390127
390128
390129
390130
390131
390132
390673
390674
390675
390676
390677
390678
390679
390680
390681
390682
390683
390684
390685
390686
390687
390688
390689
390690
390691
390692
390693
390694
391222
391223
391224
391225
391226
391227
391228
391229
391230
391231
391232
391233
391234
391235
391236
391237
391238
391239
391240
391241
391242
391781
391782
391783
391784
391785
391786
391787
391788
391789
391790
391791
391792
391793
391794
391795
391796
391797
391798
391799
391800
391801
391802
392328
392329
392330
392331
392332
392333
392334
392335
392336
392337
392338
392339
392340
392341
392342
392343
392344
392345
392346
392347
392875
392876
392877
392878
392879
392880
392881
392882
392883
392884
392885
392886
392887
392888
392889
392890
392891
392892
393408
393409
393410
393411
393412
393413
393414
393415
393416
393417
393418
393419
393420
393421
393942
393943
393944
393945
393946
393947
393949
393950
393951
393952
393953
393954
393955
393956
394466
394467
394468
394469
394470
394471
394472
394473
394474
394475
394476
394477
394478
394479
394480
394481
394998
394999
395000
395001
395002
395003
395004
395005
395006
395007
395008
395009
395010
395011
395012
395545
395546
395547
395548
395549
395552
395553
395554
395555
396102
396103
396104
396105
396110
396111
396112
396113
396636
396637
396638
396639
396640
396641
396642
396643
397162
397163
397164
397165
397166
397167
397168
397169
397680
397681
397682
397683
397684
397685
397686
397687
398221
398222
398223
398224
398225
398226
398227
398228
398229
398230
398774
398775
398776
398777
398778
398779
398780
398781
398782
398783
398784
398785
398786
399326
399327
399329
399330
399331
399332
399333
399334
399335
399336
399337
399338
399858
399859
399860
399861
399862
399863
399866
399867
399868
400363
400365
400371
400372