469043
469044
469045
469335
469336
469622
469623
469624
469625
469626
469627
469904
469905
469906
469907
469908
469909
470171
470172
470173
470174
470175
470176
470177
470178
470180
470181
470182
470406
470407
470408
470414
470415
470418
470419
470420
470421
470422
470423
470424
470425
470426
470427
470428
470429
470430
470658
470659
470663
470664
470666
470667
470668
470669
470670
470671
470672
470673
470674
470675
470676
470677
470678
470679
470680
470923
470924
470925
470930
470931
470932
470933
470934
470935
470936
470937
470938
470939
470940
470941
470942
470943
470944
470945
470946
470947
470948
470949
471195
471196
471197
471198
471201
471204
471205
471206
471207
471208
471209
471210
471211
471212
471213
471214
471215
471216
471217
471218
471219
471220
471221
471222
471223
471224
471472
471473
471474
471475
471476
471477
471478
471479
471482
471483
471484
471485
471486
471487
471488
471489
471490
471491
471492
471493
471494
471495
471496
471497
471498
471499
471500
471501
471502
471503
471504
471505
471506
471738
471739
471740
471741
471742
471743
471744
471745
471748
471749
471751
471752
471753
471754
471755
471756
471757
471758
471759
471760
471761
471762
471763
471764
471765
471766
471767
471768
471769
472002
472003
472004
472005
472006
472007
472008
472009
472010
472011
472012
472013
472014
472015
472016
472018
472019
472020
472021
472022
472023
472024
472025
472026
472027
472028
472029
472030
472031
472032
472033
472034
472035
472036
472037
472038
472039
472040
472041
472287
472288
472289
472290
472291
472292
472293
472294
472302
472303
472304
472305
472306
472307
472308
472309
472312
472313
472314
472315
472316
472317
472318
472319
472320
472321
472323
472324
472325
472326
472327
472328
472329
472330
472587
472588
472589
472590
472591
472592
472593
472594
472600
472602
472603
472604
472605
472606
472607
472608
472609
472610
472611
472612
472613
472614
472620
472621
472622
472623
472624
472625
472626
472627
472628
472629
472633
472634
472635
472636
472637
472638
472887
472888
472889
472890
472891
472892
472893
472894
472895
472896
472897
472903
472904
472905
472906
472907
472908
472909
472910
472911
472912
472913
472914
472915
472916
472917
472918
472919
472920
472923
472925
472926
472927
472928
472929
472930
472934
472935
472936
472937
472938
473189
473190
473191
473192
473193
473194
473195
473196
473197
473198
473199
473205
473206
473207
473208
473209
473210
473211
473212
473213
473214
473215
473216
473217
473218
473219
473220
473221
473222
473223
473224
473225
473226
473227
473228
473229
473230
473231
473232
473489
473490
473491
473492
473493
473494
473495
473496
473505
473506
473507
473508
473509
473510
473511
473512
473513
473514
473515
473516
473517
473518
473524
473525
473526
473527
473528
473529
473530
473531
473816
473817
473818
473819
473820
473821
473822
473823
473824
473836
473837
473838
473839
473840
473841
473842
473843
473844
473853
473854
473855
473856
473857
473858
473859
474149
474150
474151
474152
474153
474154
474167
474168
474169
474170
474171
474172
474182
474183
474184
474185
474186
474187
474469
474470
474471
474472
474473
474474
474475
474476
474488
474489
474490
474491
474492
474496
474505
474506
474507
474508
474509
474510
474802
474804
474812
474813
474814
474815
474816
474817
474818
474819
474820
474821
474829
474830
474831
474832
474833
475129
475142
475143
475144
475145
475146
475147
475160
475161
475480
475481
475482
475483
475484
475485
475816
475817
475818
475819
475820
475821
476155
476483