335
336
337
338
339
340
341
342
794
795
796
797
798
799
800
801
802
803
804
805
806
807
808
809
1235
1236
1237
1238
1239
1240
1241
1242
1243
1244
1245
1246
1247
1660
1661
1662
1663
1664
1665
1666
1667
1668
1669
2065
2066
2067
2068
2069
2070
2071
2072
2073
2076
2477
2478
2479
2480
2481
2482
2483
2484
2485
2486
2487
2893
2894
2895
2896
2897
2898
2899
2900
2901
2902
2903
2904
2905
2906
2907
3300
3301
3302
3303
3304
3305
3306
3307
3308
3309
3310
3662
3663
3664
3665
3666
3667
3668
3669
3670
3671
3672
3673
3674
3675
3680
3681
3682
3683
3684
4038
4039
4040
4041
4042
4043
4044
4045
4046
4047
4048
4049
4050
4051
4057
4058
4059
4060
4061
4062
4438
4439
4440
4441
4442
4443
4444
4445
4446
4447
4448
4449
4450
4451
4456
4457
4458
4459
4460
4461
4462
4463
4850
4851
4852
4853
4854
4855
4856
4857
4858
4859
4860
4867
4868
4869
4870
4871
4872
4873
4874
5265
5266
5267
5268
5269
5270
5271
5272
5273
5274
5275
5276
5277
5278
5279
5280
5281
5282
5283
5285
5286
5287
5288
5289
5290
5291
5292
5293
5704
5705
5706
5707
5708
5709
5710
5711
5712
5713
5714
5715
5716
5717
5718
5719
5720
5721
5722
5723
5724
5725
5726
5727
5728
5729
5730
5731
5732
6154
6155
6156
6157
6158
6159
6160
6161
6162
6163
6164
6165
6166
6167
6168
6169
6170
6171
6172
6173
6176
6178
6179
6180
6181
6626
6627
6628
6629
6630
6631
6632
6633
6634
6635
6636
6637
6638
6639
6640
6641
6642
6643
6645
6648
6650
6651
6652
6653
7107
7108
7109
7110
7111
7112
7113
7114
7115
7116
7117
7118
7119
7120
7121
7122
7123
7124
7125
7126
7127
7128
7129
7130
7611
7612
7613
7614
7615
7616
7617
7618
7619
7620
7622
7623
7624
7625
7626
7627
7628
7629
7630
7631
7632
8120
8121
8122
8123
8124
8125
8126
8127
8128
8129
8131
8132
8133
8134
8135
8136
8138
8139
8140
8141
8142
8619
8620
8621
8622
8623
8624
8625
8626
8627
8628
8629
8630
8631
8632
8633
8635
8636
9131
9132
9133
9134
9135
9136
9651
9652
9653
9654
9655
10189
10190
10191
10192
10193
10194
10195
10744
10745
10746
10747
10748
10749
10750
10751
10752
10753
11295
11296
11297
11298
11299
11300
11301
11302
11867
11868
11869
11870
11871
11872
12446
12447
12448
12449
12450
12451
12452
13033
13034
13035
13036
13037
13038
13039
13040
13041
13042
13628
13629
496621
496622
497096
497097
497575
498047
498048
498546
498547
499057
499058
499570
499571
499572
499573
500103
500104
500105
500106
500107
500108
500109
500630
500631
500632
500633
500634
500635
500636
500637
500638
500639
500640
500641
500642
501158
501159
501160
501161
501162
501163
501164
501165
501166
501167
501168
501169
501170
501680
501681
501682
501683
501684
501685
501686
501687
502161
502162
502163
502164
502165
502166
502167
502616
502617
502618
502619
502620
503081
503082
503083
503540
503541
503542
503543
503544