469082
469083
469084
469085
469086
469373
469374
469375
469376
469377
469378
469379
469657
469658
469659
469660
469661
469662
469663
469664
469665
469666
469938
469939
469940
469941
469942
469943
469944
469945
469946
470200
470201
470202
470203
470204
470205
470206
470207
470208
470449
470450
470451
470452
470453
470454
470455
470701
470702
470703
470704
470705
470706
470707
470708
470709
470710
470711
470712
470975
470976
470977
470978
470979
470980
470981
470982
470983
470984
470985
470986
470987
470988
470990
471240
471245
471246
471247
471248
471251
471252
471253
471254
471255
471256
471257
471258
471259
471260
471261
471263
471264
471265
471521
471522
471528
471530
471531
471532
471533
471534
471535
471536
471537
471539
471540
471541
471542
471543
471544
471545
471782
471783
471784
471790
471792
471793
471794
471795
471796
471797
471798
471799
471800
471801
471802
471803
471804
471805
471806
471807
471808
471809
471810
471811
472053
472054
472055
472056
472057
472064
472065
472066
472067
472068
472069
472070
472071
472072
472073
472074
472075
472076
472077
472078
472079
472080
472083
472084
472085
472344
472346
472347
472348
472349
472354
472355
472356
472357
472358
472359
472360
472361
472362
472363
472364
472365
472366
472367
472368
472369
472370
472373
472652
472653
472654
472655
472660
472661
472662
472663
472664
472665
472666
472667
472668
472669
472670
472671
472672
472673
472674
472675
472676
472677
472951
472952
472953
472958
472959
472960
472961
472962
472963
472964
472965
472966
472967
472969
472970
472971
472972
472973
472974
472975
472976
472977
472978
472979
473250
473251
473252
473256
473257
473262
473263
473264
473265
473266
473267
473268
473269
473270
473271
473272
473273
473274
473275
473276
473277
473278
473279
473280
473281
473552
473553
473555
473556
473557
473558
473561
473562
473563
473564
473568
473569
473570
473571
473572
473573
473574
473575
473576
473577
473578
473579
473580
473581
473582
473583
473584
473884
473885
473886
473888
473889
473890
473891
473893
473899
473901
473902
473903
473904
473905
473907
473908
473909
473910
473911
473912
473913
474209
474211
474213
474214
474215
474216
474217
474218
474223
474227
474228
474229
474230
474232
474233
474234
474235
474236
474237
474238
474528
474529
474530
474531
474532
474533
474534
474535
474536
474537
474538
474539
474540
474541
474550
474551
474552
474553
474554
474556
474849
474850
474851
474852
474853
474854
474855
474856
474857
474858
474859
474860
474861
474869
474870
474871
474872
474873
474874
474875
475170
475171
475173
475174
475175
475176
475177
475178
475179
475181
475182
475183
475185
475193
475195
475196
475197
475198
475508
475509
475510
475511
475512
475513
475514
475515
475516
475517
475522
475523
475535
475536
475537
475538
475540
475541
475542
475842
475843
475844
475845
475846
475847
475848
475849
475853
475854
475864
475865
475866
475867
475869
475870
475871
476176
476177
476178
476179
476180
476181
476182
476197
476198
476199
476202
476203
476204
476205
476520
476521
476522
476523
476524
476542
476543
476544
476546
476547
476548
476550
476881
476885
476903
476904
476905
476906
476907
476908
476909
476910
476912
477243
477261
477262
477263
477264
477265
477270
477632
477633
477634
477635
477636
477637
477638
477639
477640
477641
477642
478013
478014
478015
478016
478017
478019
478020
478381
478382
478383
478384
478385
478386
478387
478388
478730
478731
478734
479078
479079
479080
479081
479082
479083
479404
479405
479407
479408
479409