350298
350869
350870
350871
351439
351440
351441
351442
351995
351996
351997
352000
352001
352002
352003
352004
352005
352006
352007
352554
352555
352556
352557
352558
352559
352560
352561
352562
352563
353113
353114
353115
353116
353117
353118
353119
353120
353121
353702
353705
353706
353709
353710
353711
354271
354272
354273
354276
354277
354278
354280
354281
354282
354283
354867
354868
354869
354872
354873
354874
354875
354876
354877
355478
355480
355481
355482
355483
355484
355485
355486
356066
356067
356068
356069
356070
356071
356072
356073
356643
356644
356645
356646
356647
356648
356649
356650
357211
357212
357213
357772
357773
358314
358316
358318
358319
358327
358328
358329
358330
358842
358849
358850
358851
358852
358853
358854
358860
358861
358862
358863
358864
359375
359376
359377
359381
359382
359383
359384
359385
359386
359394
359395
359396
359397
359398
359399
359400
359904
359906
359907
359908
359909
359911
359912
359914
359915
359916
359925
359926
359927
359928
359929
359930
359931
359932
359933
360411
360412
360413
360414
360415
360416
360417
360418
360419
360420
360427
360428
360429
360430
360431
360432
360433
360434
360909
360910
360911
360912
360913
360914
360915
360917
360918
360919
360920
360921
360922
360923
360924
360925
360926
361405
361406
361407
361408
361409
361410
361411
361412
361413
361414
361416
361417
361418
361419
361420
361423
361424
361425
361923
361924
361925
361926
361927
361928
361929
361930
361931
361932
361933
361934
361935
361936
361937
361940
361941
361942
362457
362458
362459
362460
362461
362462
362463
362464
362465
362466
362467
362468
362469
362471
362472
362473
362474
362475
362476
362477
362478
362981
362982
362983
362984
362985
362986
362987
362988
362989
362990
362991
362992
362993
362994
362995
362996
362999
363000
363001
363002
363003
363004
363487
363488
363489
363490
363491
363492
363493
363494
363495
363496
363497
363498
363499
363500
363503
363504
363505
363506
363507
363508
363509
363510
363511
364010
364011
364012
364013
364014
364015
364016
364017
364018
364019
364020
364021
364022
364025
364026
364027
364028
364029
364030
364031
364032
364529
364530
364531
364532
364533
364534
364535
364536
364537
364538
364539
364540
364541
364542
364543
364544
364545
364546
364547
364548
364549
364550
364551
364552
364553
365036
365037
365038
365039
365040
365041
365042
365043
365044
365045
365046
365047
365048
365049
365050
365051
365052
365053
365054
365055
365056
365057
365058
365059
365060
365061
365518
365519
365520
365521
365522
365523
365524
365525
365526
365527
365528
365529
365530
365531
365532
365533
365534
365535
365536
365537
365538
365539
365540
365541
365542
365544
365990
365991
365992
365993
365994
365995
365998
365999
366000
366001
366002
366003
366004
366005
366006
366007
366008
366009
366010
366011
366012
366013
366465
366466
366467
366468
366469
366470
366471
366474
366475
366476
366477
366478
366479
366480
366481
366482
366483
366484
366485
366486
366487
366488
366489
366490
366491
366492
366493
366494
366495
366962
366963
366964
366965
366966
366967
366975
366976
366977
366978
366979
366980
366981
366982
366983
366984
366985
366986
366987
366988
366989
366990
366991
366992
366993
367477
367478
367479
367480
367487
367488
367489
367490
367491
367492
367493
367494
367495
367496
367497
367498
367499
367500
367501
367502
367503
367504
367505
367987
367988
367994
367995
367996
367997
367998
367999
368000
368003
368512
368513
368514
368515
368516
368518
368519
369021
369499