336047
336050
336503
336504
336514
336515
336516
336517
336518
336519
336520
336521
336522
336981
336982
336990
336991
336992
337002
337003
337004
337005
337006
337007
337008
337009
337502
337503
337504
337511
337512
337513
337522
337523
337524
337525
337526
338035
338036
338037
338038
338039
338044
338053
338056
338057
338058
338059
338578
338579
338580
338582
338583
338586
338587
338594
338595
338596
338597
338598
338599
338600
338601
338602
338603
339110
339111
339112
339113
339114
339115
339116
339117
339118
339119
339120
339124
339125
339126
339127
339128
339129
339130
339131
339132
339133
339134
339135
339630
339631
339632
339633
339634
339635
339636
339637
339638
339641
339642
339643
339644
339645
339646
339647
339648
339651
339652
339653
339654
339655
339656
339657
339658
340150
340151
340152
340153
340154
340155
340156
340157
340158
340159
340160
340161
340162
340163
340164
340165
340166
340167
340168
340169
340170
340172
340173
340174
340176
340177
340178
340179
340180
340181
340182
340183
340689
340690
340691
340692
340693
340694
340695
340696
340697
340698
340699
340700
340701
340702
340703
340704
340705
340706
340709
340710
340711
340712
340713
340714
340715
340716
340717
340718
340719
340720
340721
340722
340723
341244
341245
341246
341247
341248
341249
341250
341251
341252
341253
341254
341255
341256
341257
341258
341259
341260
341261
341262
341263
341264
341265
341266
341267
341268
341269
341270
341271
341272
341273
341274
341275
341755
341756
341757
341758
341759
341760
341761
341762
341763
341764
341765
341766
341767
341768
341769
341770
341771
341772
341773
341774
341775
341776
341777
341778
341779
341780
341781
341782
341783
341784
341785
341786
342281
342282
342283
342284
342285
342286
342287
342288
342289
342290
342291
342292
342293
342295
342296
342298
342302
342303
342304
342305
342306
342307
342308
342309
342310
342311
342312
342313
342314
342315
342818
342819
342820
342821
342822
342823
342824
342825
342826
342827
342828
342829
342830
342831
342832
342833
342834
342835
342836
342837
342846
342847
342848
342849
342851
343376
343377
343378
343379
343380
343381
343382
343383
343384
343385
343386
343387
343388
343391
343392
343400
343401
343402
343403
343404
343405
343942
343943
343944
343945
343946
343947
343948
343949
343950
343951
343952
343953
343968
343969
344499
344500
344501
344502
344503
344504
344505
344506
344507
344508
344523
344524
345033
345034
345035
345036
345037
345038
345039
345040
345041
345042
345043
345044
345045
345593
345594
345595
345596
345597
345598
345599
345600
345601
345602
345603
345604
345606
345607
345608
346141
346142
346143
346144
346145
346146
346148
346149
346151
346152
346153
346674
346675
346676
346677
346678
346683
346684
346686
346687
346688
346689
346690
347227
347228
347229
347230
347231
347232
347233
347238
347239
347240
347242
347243
347244
347245
347793
347794
347795
347796
347797
347798
347799
347800
347801
347803
347804
347805
347806
347807
347808
347809
347810
347811
347812
347813
348377
348378
348379
348380
348382
348383
348384
348385
348386
348387
348388
348389
348390
348391
348392
348393
348974
348975
348976
348977
348978
348979
348980
348981
348982
348983
348984
348985
348986
348987
349590
349591
349592
349593
349594
349595
349596
349597
349598
349599
349600
349601
350186
350187
350188
350189
350190
350191
350192
350193
350194
350195
350196
350197
350198
350199
350200
350768
350769
350770
350771
350772
350774
350775
350776
350777
350778
350779
350780
350781
351340