365989
366460
366461
366462
366463
366464
366954
366955
366956
366957
366958
366959
366960
366961
367465
367466
367467
367468
367469
367470
367471
367472
367473
367474
367475
367476
367972
367973
367974
367975
367976
367977
367978
367979
367980
367981
367982
367983
367984
367985
367986
368489
368490
368491
368492
368493
368494
368495
368496
368497
368498
368499
368500
368501
368502
368503
368504
368992
368993
368994
368995
368996
368997
368998
368999
369000
369001
369002
369003
369004
369005
369006
369007
369008
369009
369010
369473
369474
369475
369476
369477
369478
369479
369480
369481
369482
369483
369484
369485
369486
369487
369488
369489
369490
369491
369956
369957
369958
369959
369960
369961
369962
369963
369964
369965
369966
369967
369968
369969
369970
369971
369972
369973
369974
369975
369976
370453
370454
370455
370456
370457
370458
370459
370460
370461
370462
370463
370464
370465
370466
370467
370468
370469
370470
370471
370472
370473
370474
370475
370476
370477
370478
370959
370960
370961
370962
370963
370964
370965
370966
370967
370968
370969
370970
370971
370972
370973
370974
370975
370976
370977
370978
370979
370980
370981
370982
370983
370984
370985
370986
370987
371469
371470
371471
371472
371473
371474
371475
371476
371477
371478
371479
371480
371481
371482
371483
371484
371485
371486
371487
371488
371489
371490
371491
371492
371493
371494
371495
371496
371976
371977
371978
371979
371980
371981
371982
371983
371984
371985
371986
371987
371988
371989
371990
371991
371992
371993
371994
371995
371996
371997
371998
371999
372000
372001
372002
372473
372474
372475
372476
372477
372478
372479
372480
372481
372482
372483
372484
372485
372486
372487
372488
372489
372490
372491
372492
372493
372494
372495
372496
372497
372498
372499
372987
372988
372989
372990
372991
372992
372993
372994
372995
372996
372997
372998
372999
373000
373001
373002
373003
373004
373005
373006
373007
373008
373009
373010
373011
373012
373013
373014
373519
373520
373521
373522
373523
373524
373525
373526
373527
373528
373529
373530
373531
373532
373533
373534
373535
373536
373537
373538
373539
373540
373541
373542
373543
373544
373545
373546
374064
374065
374066
374067
374068
374069
374070
374071
374072
374073
374074
374075
374076
374077
374078
374079
374080
374081
374082
374083
374084
374085
374086
374087
374088
374639
374640
374641
374648
374649
374650
374651
374654
374655
374656
374657
374658
374659
374660
374661
374662
374665
374667
374668
375219
375220
375221
375222
375229
375230
375231
375232
375233
375234
375235
375236
375237
375238
375239
375240
375241
375242
375243
375244
375245
375246
375817
375819
375820
375821
375822
375828
375829
375830
375831
375832
375833
375834
375835
375837
375838
375839
375840
376426
376435
376436
376437
376438
376439
376440
376441
376442
376443
376444
376446
376447
377037
377038
377039
377040
377041
377042
377043
377045
377047
377630
377631
377632
377633
377634
377635
377637
377639
377640
378185
378186
378187
378188
378189
378190
378191
378192
378193
378194
378197
378724
378725
378726
378727
378728
378729
378730
378731
378732
378733
378734
379260
379261
379262
379263
379264
379265
379266
379267
379268
379269
379819
379820
379821
379822
379823
379824
379825
379826
379829
380386
380387
380388
380390
380391
380393
380394
380395
380959
380960
380961
380962
380963
380964
380965
380966
380967
380968
381542
381543
381544
381545
381546
381547
381548
381549
382105
382106
382107
382108
382109
382110
382649
382650
382651
382652