280293
280890
281478
281479
281480
281481
281482
282081
282082
282666
282667
283272
283879
284494
284495
285098
285099
285670
285671
286213
286742
286743
286746
287254
287257
287258
287259
287260
287261
287262
287263
287765
287766
287767
287768
287769
287770
287771
287772
287773
287774
288295
288296
288297
288298
288299
288300
288301
288302
288303
288304
288305
288306
288816
288818
288819
288820
288821
288822
288823
288824
288825
288829
289309
289310
289311
289312
289313
289314
289315
289316
289317
289789
289790
289791
289792
289793
289794
289795
289796
289797
289798
289799
289800
289801
289802
290285
290286
290287
290288
290289
290291
290292
290293
290294
290295
290778
290779
290780
290781
290782
290783
290784
290785
290786
290787
290788
290789
290790
290794
290795
290796
290800
291238
291239
291240
291241
291242
291243
291244
291245
291246
291247
291248
291252
291253
291254
291257
291258
291259
291706
291707
291708
291709
291710
291711
291712
291713
291714
291715
291716
291717
291718
291719
291720
291721
291722
291723
291724
291728
291729
291730
292196
292197
292198
292199
292200
292201
292202
292203
292204
292205
292206
292207
292208
292209
292210
292211
292213
292217
292218
292219
292220
292221
292222
292696
292697
292698
292699
292700
292701
292702
292703
292704
292705
292706
292707
292708
292709
292710
292711
292716
292717
292718
292719
292720
292721
292722
292723
293209
293210
293211
293212
293213
293214
293215
293216
293217
293218
293219
293220
293221
293222
293223
293224
293225
293227
293228
293229
293230
293231
293232
293233
293234
293235
293236
293237
293238
293707
293708
293709
293710
293711
293712
293713
293714
293718
293719
293720
293721
293722
293723
293724
293725
293726
293727
293728
293729
293730
293731
293732
293733
293734
293735
293736
293737
293738
294211
294212
294213
294214
294215
294216
294219
294220
294221
294222
294225
294226
294227
294228
294229
294230
294231
294232
294233
294234
294235
294236
294237
294238
294239
294240
294698
294699
294700
294701
294702
294703
294706
294707
294708
294709
294714
294715
294716
294717
294718
294719
294720
294721
294722
294723
294724
294725
294726
295178
295179
295180
295181
295182
295183
295184
295185
295188
295189
295190
295191
295196
295197
295198
295199
295200
295201
295202
295203
295204
295205
295206
295207
295208
295209
295668
295669
295670
295671
295672
295673
295674
295675
295676
295677
295678
295683
295685
295691
295693
295694
295695
295696
295697
295701
295702
296138
296139
296140
296141
296142
296143
296144
296145
296146
296147
296148
296149
296150
296151
296164
296165
296166
296167
296622
296623
296624
296625
296626
296627
296628
296629
296630
296631
296632
296633
296634
296635
296636
296646
296647
296648
297116
297117
297118
297119
297120
297121
297122
297123
297124
297125
297126
297127
297128
297130
297131
297139
297140
297141
297142
297625
297626
297627
297628
297629
297630
297631
297632
297633
297634
297639
297649
297650
297651
297652
297653
298139
298140
298141
298142
298143
298144
298145
298146
298147
298148
298162
298163
298164
298165
298166
298167
298654
298655
298656
298657
298658
298659
298660
298662
298663
298664
298665
298677
298679
298680
298681
298682
299169
299170
299171
299172
299173
299174
299175
299176
299177
299178
299179
299180
299191
299192
299697
299698
299699
299700
299701
299702
299703
299704
299705
299706
299722
299723
300209
300210
300211
300212
300213
300214
300215
300216
300752
300753
300754
300755
300756
300757
300758
301286
301287
301288