7605
8116
8614
8615
8616
9117
9118
9119
9120
9121
9640
9641
9642
9643
9644
10180
10181
10182
10183
10184
10186
10735
10736
10737
10738
10739
10740
10741
10742
11282
11283
11284
11285
11286
11287
11288
11289
11290
11291
11858
11859
11860
11861
11862
11863
12434
12435
12436
12437
12438
12443
13021
13022
13024
13025
13029
13030
13031
13032
13608
13609
13610
13613
13618
13619
13620
13621
14207
14208
14209
14210
14211
14212
14213
14218
14219
14220
14221
14222
14795
14800
14801
14802
14803
14804
14805
14806
14807
14808
14809
14810
14811
14812
14813
14814
15379
15380
15381
15388
15389
15390
15391
15392
15393
15394
15395
15396
15397
15398
15399
15400
15402
15403
15410
15939
15940
15941
15942
15943
15944
15945
15946
15947
15949
15950
15951
15952
15953
15954
15955
15956
15957
15958
15959
15960
15961
15962
15963
15964
15965
15966
15967
15968
15969
15970
15971
15972
16533
16534
16535
16536
16537
16538
16539
16540
16543
16544
16545
16546
16547
16548
16549
16550
16551
16552
16553
16554
16555
16557
16558
16559
16560
16561
16562
16563
17105
17106
17107
17108
17109
17112
17113
17114
17115
17119
17120
17121
17122
17123
17124
17125
17126
17127
17128
17129
17130
17134
17135
17136
17137
17683
17684
17685
17686
17687
17688
17689
17690
17691
17695
17696
17697
17698
17699
17700
17701
17702
17703
17704
17705
17706
17713
17714
17715
17716
18231
18232
18233
18234
18235
18236
18237
18238
18239
18240
18247
18249
18250
18251
18773
18774
18775
18776
18777
18778
18779
18781
18782
19317
19325
19326
19327
19328
19329
19330
19864
19865
19866
19867
19868
19873
19874
19875
19876
19877
19878
19879
19880
20409
20410
20411
20412
20413
20414
20415
20416
20418
20419
20420
20421
20422
20423
20424
20425
20429
20430
20968
20969
20970
20971
20972
20973
20974
20975
20976
20977
20978
20979
20980
20981
20982
20983
20984
20985
20986
20987
20988
20989
20990
20991
21513
21514
21515
21516
21517
21518
21519
21520
21521
21522
21523
21524
21525
21526
21527
21528
21529
21530
21531
21532
21534
21535
22048
22049
22050
22052
22053
22054
22055
22057
22058
22059
22060
22061
22062
22063
22064
22065
22066
22067
22068
22069
22070
22071
22072
22073
22074
22075
22076
22077
22078
22079
22582
22583
22584
22585
22586
22587
22588
22589
22590
22594
22595
22596
22597
22598
22599
22600
22601
22602
22603
22604
22605
22606
22607
22608
22609
22610
22611
23108
23109
23110
23111
23112
23113
23114
23121
23122
23123
23124
23125
23126
23127
23128
23129
23130
23131
23135
23136
23137
23138
23641
23642
23643
23644
23645
23652
23653
23654
23655
23656
23657
23658
23659
23660
23661
23662
23663
23664
23665
23666
23667
23668
24161
24162
24163
24169
24170
24171
24172
24173
24174
24175
24176
24177
24178
24179
24180
24181
24182
24183
24184
24185
24186
24653
24654
24659
24660
24661
24662
24663
24664
24665
24666
24667
24668
24669
24670
24671
25138
25139
25140
25141
25142
25147
25148
25149
25150
25151
25152
25153
25154
25155
25156
25157
25158
25159
25160
25161
25162
25649
25650
25654
25655
25659
25660
26137
26138
26143
26641