108601
108602
108603
109234
109235
109864
109865
109866
109867
109868
109869
110490
110491
110493
110494
110495
111130
111131
111132
111134
111135
111136
111137
111138
111139
111141
111754
111755
111757
111758
111759
111760
111761
111762
112342
112343
112344
112345
112346
112347
112348
112349
112350
112351
112352
112353
112941
112942
112943
112944
112946
112947
112948
112949
112950
113533
113534
113535
113536
113537
113538
113539
113540
113541
113542
114101
114102
114103
114104
114105
114106
114107
114108
114109
114110
114111
114112
114657
114658
114659
114660
114661
114662
114663
114664
114665
114666
114667
114668
114669
114670
115212
115213
115214
115215
115216
115217
115218
115219
115220
115221
115222
115223
115224
115225
115226
115761
115762
115763
115764
115765
115766
115767
115768
115769
115770
115771
115772
115773
116321
116322
116323
116324
116325
116326
116327
116328
116329
116330
116331
116332
116869
116870
116871
116872
116873
116874
116875
116876
116877
116878
116879
116880
116881
116882
116883
116884
117426
117427
117428
117433
117434
117435
117436
117437
117438
117439
117440
117441
117442
117443
117444
117445
117446
117447
117448
117449
117450
117451
117452
117964
117965
117966
117970
117971
117972
117973
117974
117975
117976
117977
117978
117979
117980
117981
117982
117983
117984
117985
117986
117987
117988
117989
117990
117991
117992
117993
117994
118506
118507
118508
118509
118510
118516
118517
118518
118519
118521
118522
118523
118524
118525
118526
118527
118528
118529
118530
118531
118532
118533
118534
118535
118536
119033
119034
119035
119036
119037
119039
119040
119041
119044
119045
119046
119047
119048
119049
119050
119051
119052
119053
119054
119055
119056
119057
119058
119059
119060
119061
119062
119582
119583
119584
119585
119586
119587
119588
119589
119590
119592
119593
119594
119595
119596
119597
119598
119599
119600
119601
119602
119603
119604
119605
119606
119607
120131
120132
120133
120134
120135
120136
120137
120140
120141
120142
120143
120144
120145
120146
120147
120148
120149
120150
120151
120152
120670
120671
120672
120673
120674
120679
120680
120681
120682
120683
120684
120685
120686
120687
120688
120689
120690
121208
121209
121210
121211
121212
121217
121218
121219
121220
121221
121222
121223
121224
121225
121226
121227
121725
121726
121727
121736
121737
121738
121739
121740
121741
121742
121743
121744
121745
121746
122248
122249
122250
122251
122260
122261
122262
122263
122264
122265
122788
122789
122790
122791
122799
122800
122801
122802
122803
122804
122805
122806
123331
123332
123333
123334
123335
123336
123344
123345
123346
123347
123348
123349
123350
123351
123352
123353
123354
123907
123908
123909
123912
123917
123918
123919
123920
123921
123922
123923
123924
123926
123927
124468
124469
124470
124471
124472
124473
124474
124475
124476
124477
124479
124480
124481
124482
124483
124484
124485
124486
124487
124488
125018
125019
125020
125021
125022
125023
125024
125025
125026
125027
125028
125029
125030
125031
125032
125033
125034
125035
125036
125037
125573
125574
125575
125576
125577
125578
125579
125580
125581
125582
125583
125584
125585
125586
125587
125588
125589
126125
126126
126127
126128
126129
126130
126131
126132
126133
126134
126135
126136
126137
126682
126683
126684
126685
126686
126687
126688
126689
126690
126691
126692
127237
127238
127239
127240
127241
127242
127243
127764
127765
127766
127767
127768
127769
128288
128289
128290
128291
128292
128780
128781
128782
128783
129281
129284