98217
98218
98219
98829
98830
98831
98832
98833
98834
98835
98838
98839
99438
99439
99440
99441
99442
99443
99446
99447
99448
99449
99450
100090
100092
100093
100094
100095
100096
100097
100098
100099
100735
100736
100737
100738
100739
100740
100741
100742
100743
100744
100745
100746
101408
101412
101413
101414
101415
101416
101417
101418
101421
102072
102073
102074
102075
102076
102077
102079
102080
102081
102082
102083
102084
102085
102690
102691
102693
102694
102695
102697
102698
102699
102700
102701
103313
103314
103315
103316
103317
103318
103319
103320
103321
103322
103323
103324
103325
103326
103939
103940
103941
103942
103943
103944
103945
103946
103947
103948
103949
103950
103951
103952
103953
104559
104560
104561
104562
104563
104564
104565
104566
104567
104568
104569
104570
104571
104572
104573
104576
104577
104578
105187
105188
105189
105190
105191
105192
105193
105194
105195
105196
105197
105198
105199
105200
105201
105202
105203
105204
105205
105795
105796
105797
105798
105799
105800
105801
105802
105803
105806
105807
105808
105809
105810
105811
105812
105813
106404
106405
106406
106407
106408
106409
106410
106411
106412
106416
106417
106418
106419
106420
106421
106422
106423
106424
106425
106426
107012
107013
107014
107015
107016
107017
107018
107020
107023
107024
107025
107026
107027
107028
107029
107030
107031
107032
107610
107612
107613
107614
107615
107616
107617
107618
107619
107620
107621
107622
107623
107624
107625
107626
107627
107628
107629
107630
107631
108213
108214
108215
108216
108217
108218
108219
108220
108221
108222
108223
108224
108225
108226
108227
108228
108229
108230
108231
108232
108233
108234
108840
108841
108842
108843
108844
108845
108846
108847
108848
108849
108850
108851
108852
108853
108854
108855
108856
108857
108858
108859
108860
109488
109489
109490
109491
109492
109493
109494
109495
109496
109497
109498
109499
109500
109501
109502
109503
109504
109505
109506
109507
109508
109509
109510
109511
110132
110133
110134
110135
110136
110137
110138
110139
110140
110141
110142
110143
110144
110145
110146
110147
110148
110149
110150
110151
110152
110153
110755
110756
110757
110758
110759
110760
110761
110762
110763
110764
110765
110766
110767
110768
110769
110770
110771
110772
111391
111392
111393
111394
111395
111396
111397
111398
111399
111400
111401
111402
111403
111404
111405
111406
111407
111408
111409
111981
111982
111983
111984
111985
111986
111987
111988
111989
111990
111991
111992
111993
111994
111995
111996
111997
111998
112585
112586
112587
112588
112589
112590
112591
112592
112593
112594
112595
112596
112597
112598
112599
112600
112601
112602
112603
112604
113175
113176
113177
113178
113179
113180
113181
113182
113183
113184
113185
113186
113187
113188
113189
113190
113191
113192
113193
113750
113751
113752
113753
113754
113755
113756
113757
113758
113759
113760
113761
113762
113763
113764
113765
113766
113767
113768
113769
114314
114315
114316
114317
114318
114319
114320
114321
114322
114323
114324
114325
114326
114327
114328
114329
114330
114331
114332
114867
114868
114869
114870
114871
114872
114873
114874
114875
114876
114877
114878
114879
114880
114881
115422
115423
115424
115425
115426
115427
115428
115429
115430
115431
115432
115433
115434
115435
115436
115437
115438
115973
115974
115975
115976
115977
115980
115981
115982
115984
116530
116531
117084
117628
118161
118162
118166
118167
118697
118698
118699
118700
118702
118703
119239
119240
119241
119242
119797