123398
123399
123401
123960
123964
123972
123973
123974
123975
123976
123977
123980
124523
124524
124525
124526
124527
124531
124532
124538
124539
124540
124541
124542
124543
124544
124545
124547
124548
124549
125072
125073
125074
125075
125076
125079
125080
125081
125087
125088
125089
125090
125091
125092
125093
125094
125095
125096
125097
125098
125099
125100
125101
125102
125625
125626
125627
125628
125629
125630
125631
125632
125633
125634
125635
125636
125637
125638
125639
125640
125641
125642
125643
125644
125647
125648
125649
125650
125651
125652
125653
126172
126173
126174
126175
126176
126177
126178
126179
126180
126181
126182
126183
126184
126186
126187
126188
126189
126194
126195
126196
126197
126198
126199
126728
126729
126730
126731
126732
126733
126734
126735
126736
126737
126738
126739
126740
126741
126748
126749
127270
127271
127272
127273
127274
127275
127279
127283
127284
127285
127289
127290
127292
127293
127294
127800
127802
127805
127809
127810
127818
127819
127820
127821
127822
127823
128318
128334
128335
128336
128337
128338
128809
128810
128811
128812
128823
128825
128826
128827
128828
128829
128830
128831
128832
128833
128834
129315
129316
129317
129318
129319
129320
129321
129332
129333
129334
129335
129336
129337
129338
129339
129340
129341
129342
129824
129825
129826
129827
129828
129829
129830
129831
129832
129833
129834
129843
129844
129845
129846
129847
129848
129849
129850
129851
129853
130336
130337
130338
130339
130340
130341
130342
130343
130351
130352
130353
130354
130355
130356
130357
130361
130855
130856
130857
130858
130859
130870
130871
130872
130873
130874
131365
131366
131367
131368
131369
131370
131371
131382
131383
131384
131385
131386
131880
131881
131882
131883
131884
131885
131886
131887
131894
131896
131899
132395
132396
132397
132398
132399
132400
132401
132402
132403
132404
132405
132406
132407
132408
132409
132410
132411
132413
132414
132416
132929
132930
132931
132932
132933
132934
132935
132936
132937
132938
132939
132940
132941
132942
132943
132944
132945
132946
132947
132948
133487
133488
133489
133490
133491
133492
133493
133494
133495
133496
133497
133498
133499
133500
133501
133502
133503
133504
133505
133506
134058
134059
134060
134061
134062
134063
134064
134065
134066
134067
134068
134069
134070
134071
134072
134073
134074
134075
134076
134077
134078
134079
134080
134644
134645
134646
134647
134648
134649
134650
134651
134652
134653
134654
134655
134656
134657
134660
134661
134662
134663
134664
134665
134666
134667
134668
134669
135245
135246
135247
135248
135249
135250
135251
135252
135253
135254
135255
135256
135257
135258
135259
135260
135263
135265
135266
135267
135268
135269
135270
135271
135272
135273
135855
135856
135857
135858
135859
135860
135861
135862
135863
135864
135865
135866
135867
135874
135875
135876
135877
135878
135879
136462
136463
136464
136465
136466
136467
136468
136469
136470
136471
136480
136481
137065
137066
137067
137068
137069
137072
137647
137648
137649
137650
137651
138226
138227
138228
138815
138816
138817
138818
139418
139419
139420
139421
139422
139423
139424
140024
140025
140026
140027
140028
140029
140633
140634
140635
140636
140637
140638
141228
141229
141230
141231
141232
141233
141234
141806
141807
141808
141809
141810
141811
141812
142377
142378
142379
142380
142381
142382
142383
142940
142941
142942
142943
142944
142945
142946
143499
143500
143501
143502
143503
143504
143505
144043
144044
144045
144046
144047
144048
144584
144585
144586