66674
66675
66681
66682
66683
67210
67211
67212
67213
67215
67216
67217
67218
67219
67220
67221
67222
67223
67762
67763
67764
67765
67766
67767
67768
67769
67770
67771
67772
67773
67774
67775
67776
67777
67778
67779
68320
68322
68324
68325
68326
68327
68328
68329
68330
68331
68332
68333
68334
68850
68851
68852
68853
68854
68855
68856
68857
68858
68859
68860
68861
68862
68863
69389
69390
69391
69392
69393
69394
69395
69396
69397
69924
69925
69926
69927
69928
69929
69930
69931
69932
70473
70475
70476
70477
70478
70479
70480
71023
71024
71025
71026
71027
71028
71030
71582
71583
71584
72138
72139
72140
72711
72712
72713
72716
72719
72720
73268
73269
73270
73271
73272
73273
73276
73277
73278
73279
73838
73839
73840
73843
73844
73847
73848
73849
74398
74399
74401
74402
74403
74404
74405
74406
74407
74956
74957
74958
74959
74960
74961
74962
74963
74964
75542
75543
75544
75545
75546
75547
75548
75549
75550
76131
76132
76133
76134
76135
76136
76137
76138
76139
76140
76141
76142
76701
76702
76703
76704
76705
76706
76707
76708
76709
76710
76711
77260
77261
77262
77263
77264
77265
77266
77267
77268
77269
77270
77832
77833
77834
77835
77836
77837
77839
77840
77841
77842
77843
78403
78404
78405
78406
78407
78408
78409
78410
78411
78412
78413
78414
79007
79008
79009
79010
79012
79014
79015
79016
79017
79018
79593
79594
79595
79596
79597
79598
79599
79602
79603
79604
80195
80196
80197
80198
80199
80202
80205
80206
80207
80208
80783
80784
80785
80786
80787
80790
80794
80795
80796
80797
81351
81352
81353
81358
81359
81360
81361
81362
81899
81900
81906
81908
81909
82494
82495
82496
82497
82498
82499
82500
82501
82502
82503
83094
83095
83096
83097
83098
83099
83661
83662
83663
83664
84218
84219
84220
84221
84222
84794
84795
84796
84797
84798
84799
85361
85362
85363
85364
85936
85937
86491
86492
86493
87062
87063
87064
87065
87586
87587
87588
87589
87590
87591
87592
88100
88101
88105
88106
88107
88108
88111
88626
88627
88628
88629
88632
88633
88634
88635
88636
89148
89149
89150
89151
89152
89153
89154
89155
89157
89158
89159
89160
89162
89665
89666
89667
89668
89669
89670
89671
89672
89673
89674
89677
89678
90193
90194
90195
90196
90197
90198
90199
90200
90201
90202
90206
90725
90726
90727
90728
90729
90730
90731
90732
90733
90737
90738
91279
91280
91281
91282
91283
91284
91285
91286
91291
91292
91850
91851
91852
91853
91854
91855
91856
91857
91860
91861
92423
92424
92425
92426
92427
92428
92429
92430
92434
92435
92436
93004
93005
93006
93007
93008
93009
93010
93011
93012
93013
93014
93015
93016
93017
93018
93626
93627
93628
93629
93630
93631
93632
93633
93634
93635
93636
93637
93638
93639
93640
94259
94260
94261
94262
94263
94264
94265
94266
94267
94268
94269
94270
94876
94877
94878
94879
94880
94881
94882
94883
94884
94885
94886
94887
94888
94889
95502
95503
95504
95505
95506
95507
95508
95509
95510
95511
95512
95513
95514
96141
96142
96143
96144
96145
96146
96147
96148
96149
96150
96784
96785
96786
96787
96788
97434
97435
97436
97437
98050
98051
98052
98053
98663