215758
215759
215760
216328
216329
216330
216331
216332
216333
216334
216899
216900
216901
216902
216903
216904
216905
217470
217471
217472
217473
217474
217475
217476
218037
218038
218039
218040
218041
218042
218043
218044
218595
218596
218597
218598
218599
218600
218601
219128
219132
219133
219134
219135
219136
219137
219138
219640
219641
219642
219647
219648
219649
219650
219651
219652
220171
220172
220173
220174
220175
220176
220177
220183
220184
220185
220186
220187
220188
220739
220740
220741
220742
220743
220744
220745
220746
220747
220749
220750
220752
220753
220754
220755
220756
220757
220758
221304
221305
221306
221307
221308
221309
221310
221311
221312
221313
221314
221315
221316
221317
221318
221319
221320
221853
221854
221855
221856
221857
221858
221859
221860
221861
221862
221863
221864
221865
221866
222375
222376
222377
222378
222379
222380
222381
222382
222383
222384
222385
222386
222387
222388
222389
222390
222391
222906
222907
222908
222909
222910
222911
222912
222913
222914
222915
222916
222917
222918
223417
223418
223419
223420
223421
223422
223423
223424
223425
223426
223427
223428
223429
223950
223952
223953
223954
223955
223956
223957
223958
223959
223960
223961
223962
223963
223964
223965
223966
224468
224470
224471
224475
224476
224477
224478
224479
224480
224481
224482
224483
224484
224974
224975
224976
224977
224978
224979
224984
224985
224986
224987
224988
224989
224990
224991
225486
225493
225494
225495
225496
225497
225498
225499
225500
225992
225993
225994
225995
225996
225997
225998
225999
226000
226001
226002
226003
226510
226511
226512
226513
226514
226515
226516
226517
226518
226519
226520
226521
226522
227017
227018
227019
227020
227021
227022
227023
227024
227025
227026
227514
227515
227516
227517
227518
227519
227520
227521
227522
227523
227524
227525
228032
228033
228034
228035
228036
228037
228038
228039
228040
228041
228042
228043
228565
228566
228567
228568
228569
228570
229081
229082
229083
229084
229085
229086
229087
229088
229089
229090
229092
229595
229596
229597
229598
229599
229600
229601
229602
229603
229604
229605
229606
229607
229608
230123
230124
230125
230126
230127
230128
230129
230130
230131
230132
230133
230134
230135
230659
230660
230661
230662
230663
230664
230665
230666
230667
230668
230669
230670
230671
230672
231193
231194
231195
231196
231197
231198
231199
231200
231201
231202
231203
231204
231743
231744
231745
231746
231747
231748
231749
231750
231751
231752
231753
232317
232319
232320
232321
232322
232323
232324
232325
232326
232327
232328
232329
232880
232881
232882
232883
232884
232885
232886
232887
232888
232889
232890
232891
232892
232893
232894
232895
233467
233468
233469
233470
233471
233472
233473
233474
233475
233476
233477
233478
233479
233480
234051
234052
234053
234054
234055
234056
234057
234058
234059
234060
234061
234062
234605
234606
234607
234608
234609
234610
234611
234612
234613
234615
234616
234617
235157
235158
235159
235160
235161
235162
235163
235164
235165
235166
235167
235168
235169
235721
235722
235725
235726
235727
235728
235729
235733
235734
236314
236315
236316
236320
236321
236322
236323
236938
236939
236940
236941
236942
236943
236944
237558
237559
237560
237561
237562
237563
237564
237565
237566
238178
238179
238180
238181
238182
238183
238184
238185
238186
238764
238765
238766
238767
238768
238769
238770
238771
238772
238773
238774
239384
239385
239386
239387
239389
239390
239391
239392
239393
239394
240031
240032
240033
240034
240035
240036