236874
236875
236876
236878
237492
237493
237494
237495
237496
237498
238118
238119
238120
238707
238708
238709
238710
238711
238712
239327
239328
239329
239330
239951
239952
239953
239954
239955
239956
239957
239959
239960
239961
239962
240554
240555
240556
240557
240558
240559
240560
240561
241124
241125
241126
241127
241128
241129
241130
241131
241701
241702
241704
241705
241706
241707
241708
242286
242287
242288
242289
242290
242291
242292
242293
242294
242295
242296
242297
242873
242874
242875
242876
242877
242878
242879
242880
242881
242882
242883
242884
242885
242886
243476
243478
243479
243480
243481
243482
243485
243488
244078
244079
244080
244081
244082
244089
244666
244667
244668
244669
244670
244671
244672
245280
245281
245282
245283
245284
245285
245286
245287
245288
245880
245881
245882
245883
245884
245885
245886
245887
245888
246462
246463
246464
246465
246466
246467
246468
246469
247056
247057
247058
247059
247060
247061
247062
247063
247624
247625
247626
247627
247628
247629
247630
247631
247632
247633
248179
248180
248181
248182
248183
248184
248185
248186
248187
248188
248189
248190
248191
248753
248754
248755
248756
248757
248758
248759
249305
249306
249307
249308
249309
249310
249311
249861
249862
249863
249864
249865
249866
249867
250406
250407
250408
250409
250410
250411
250412
250413
250414
250950
250951
250952
250953
250954
250955
250956
250957
250958
251490
251491
251492
251493
251494
251495
251496
251497
251499
252056
252057
252058
252059
252060
252061
252062
252063
252065
252649
253217
253218
253219
253220
253221
253794
253795
253796
253797
254366
254367
254368
254369
254370
254371
254372
254373
254374
254375
254376
254377
254993
254994
254995
254996
254997
254998
254999
255000
255001
255614
255615
255616
255617
255618
255619
255620
256218
256219
256220
256221
256222
256223
256224
256225
256226
256227
256228
256827
256828
256829
256830
256831
256832
256833
257445
257446
257447
257448
257449
257450
257451
258063
258064
258065
258066
258067
258068
258069
258680
258681
258682
258683
258685
258686
258687
259320
259321
259322
259323
259324
259971
259972
259973
259974
259975
259978
260616
260617
261245
261246
261247
261248
261858
261859
261860
261861
261862
262464
262465
262466
262467
262468
262469
262473
262474
263075
263076
263077
263078
263079
263080
263081
263082
263084
263085
263086
263087
263088
263668
263669
263670
263671
263672
263673
263674
263675
263676
263677
263678
263679
263680
263681
263682
263683
264260
264261
264262
264263
264264
264265
264266
264267
264268
264269
264270
264271
264272
264273
264274
264275
264895
264896
264897
264898
264899
264900
264901
264902
264903
264904
264905
264906
265523
265524
265525
265526
265527
265528
265529
265530
265531
265532
265533
265534
265535
265536
265537
266157
266158
266159
266160
266161
266162
266163
266164
266165
266166
266167
266168
266169
266170
266753
266754
266755
266756
266757
266758
266759
266760
266761
266762
266763
266764
266765
266766
266767
267363
267364
267365
267366
267367
267368
267369
267370
267371
267372
267373
267374
267375
267376
267377
267378
267379
267994
267995
267996
267997
267998
267999
268000
268001
268002
268003
268005
268006
268007
268008
268620
268621
268622
268623
268624
268625
268626
268627
268628
268629
268635
268636
269248
269251
269252
269253
269887
269888
269889
269890
269891
269892
269893
270530
270531
270532
270533
270534
271181
271182
271183
271184
271834
271835
271837
271838
272479
272480
273127
273128
273129
273786
273787