79672
80267
80859
80860
81416
81417
81418
81430
81980
81981
81982
81983
81984
81985
81993
81994
81995
81996
81997
82569
82570
82571
82572
82573
82575
82576
82577
82584
82585
82586
82587
82588
82589
82590
82591
82592
82593
82594
83172
83173
83174
83175
83177
83178
83184
83185
83186
83187
83188
83189
83190
83192
83193
83194
83738
83739
83740
83741
83742
83743
83744
83745
83746
83747
83754
83755
83756
83757
83759
83760
84290
84291
84292
84293
84294
84295
84296
84297
84298
84299
84300
84301
84302
84311
84312
84313
84314
84316
84869
84870
84871
84872
84873
84874
84875
84876
84878
84879
84880
84888
84891
84892
84893
84894
85432
85433
85434
85435
85436
85437
85438
85441
85442
85443
85444
85449
85450
85451
85453
85454
85455
85456
85457
85458
85999
86000
86001
86002
86004
86005
86006
86007
86008
86009
86010
86011
86012
86017
86018
86019
86022
86023
86024
86025
86026
86027
86558
86559
86560
86561
86565
86566
86567
86568
86569
86571
86572
86573
86574
86575
86576
86577
86578
86580
86581
86582
86583
86584
86585
87124
87125
87126
87127
87128
87129
87131
87132
87133
87134
87135
87136
87137
87138
87139
87140
87141
87142
87143
87655
87656
87657
87658
87659
87661
87662
87663
87664
87665
87666
87667
87668
87669
87670
87671
87672
87673
88174
88175
88176
88177
88178
88179
88180
88181
88182
88183
88184
88185
88186
88187
88188
88189
88190
88711
88712
88713
88714
88715
88716
88717
88718
88719
88722
88723
89231
89232
89233
89234
89235
89236
89237
89238
89239
89240
89241
89242
89243
89755
89756
89757
89758
89759
89760
89761
89762
89763
89764
89765
89766
89767
89768
89769
89770
89771
89772
89773
89774
90278
90279
90280
90281
90282
90283
90284
90285
90286
90287
90288
90289
90290
90291
90292
90293
90294
90295
90296
90816
90817
90828
90829
90830
90831
90832
90833
90834
90835
90836
90837
90838
90839
91374
91375
91385
91386
91387
91388
91389
91390
91391
91392
91393
91394
91946
91947
91948
91949
91950
91951
91952
91953
91954
91955
91956
91957
92516
92517
92518
92519
92520
92522
92523
92524
92525
92526
93105
93106
93107
93108
93109
93111
93112
93113
93114
93115
93729
93730
93731
93732
93733
93734
93735
94351
94352
94353
94354
94355
94356
94963
94964
94965
94966
94967
94968
94969
95598
95599
95600
95601
95602
95603
96242
96243
96244
96245
96246
96247
96882
96883
96884
96885
96886
96887
97528
97529
97530
97531
97532
97533
97534
98134
98135
98136
98137
98138
98139
98140
98141
98755
98756
98757
98758
98759
99359
99360
99361
99362
99366
99367
100013
100019
100020
100021
100666
100667
100669
100672
100673
100674
101341
101342
101343
101344
101345
101996
101997
101998
101999
102000
102621
102622
102623
103245
103246
103864
103866
103867
103868
104493
104494
104495
104496
104497
105115
105116
105117
105118
105119
105120
105121
105122
105737
105738
105739
105740
105741
105742
105743
106355
106356
106357
106358
106966
106967
106968
106969
107561
107562
107563
107564
108164
108165
108166
108167
108786
108787
108788
108789
108790
109435
109436
109437
109438
110073
110074
110075
110076
110077
110701
110702
111341
111342
111343
111953
111954
111955
111956
112556
112557
112558
113155