372938
372940
372941
372946
373465
373466
373467
373468
373469
373470
373475
374004
374005
374006
374007
374008
374011
374012
374013
374577
374578
374579
374580
374581
374582
374583
374584
374585
374586
374587
374588
374589
375150
375151
375152
375153
375156
375157
375158
375159
375160
375161
375162
375163
375164
375165
375166
375167
375168
375169
375170
375171
375743
375744
375745
375746
375747
375748
375749
375750
375751
375753
375755
375756
375757
375758
375759
375760
375761
375762
375763
375764
375765
375766
375767
375768
375769
376349
376350
376351
376352
376353
376354
376356
376358
376359
376360
376361
376362
376363
376364
376365
376366
376367
376368
376369
376370
376371
376372
376373
376374
376375
376376
376378
376379
376954
376955
376956
376957
376958
376959
376960
376963
376964
376965
376966
376967
376968
376969
376970
376971
376972
376973
376974
376975
376976
376977
376978
376979
376980
376981
376982
376983
376984
376985
377561
377563
377564
377565
377566
377571
377572
377573
377574
377575
377576
377577
377578
377579
377580
377581
377582
377583
377584
377585
377586
377587
377588
377589
378120
378121
378122
378123
378124
378125
378132
378133
378134
378135
378136
378137
378138
378139
378140
378141
378142
378143
378144
378145
378146
378147
378148
378149
378150
378668
378669
378670
378671
378673
378674
378679
378680
378681
378682
378683
378684
378685
378686
378687
378688
378689
378690
378691
378692
379204
379206
379207
379208
379209
379210
379213
379214
379215
379216
379217
379218
379219
379220
379221
379222
379223
379224
379225
379762
379763
379764
379765
379766
379767
379768
379771
379772
379773
379774
379775
379776
379777
379778
379779
379780
379781
379782
379783
379784
379785
380329
380330
380331
380332
380333
380334
380336
380337
380338
380339
380340
380341
380342
380343
380344
380345
380346
380347
380348
380349
380350
380351
380352
380353
380354
380906
380907
380908
380909
380910
380911
380912
380913
380914
380915
380916
380917
380918
380919
380920
380921
380922
380923
380924
380925
380926
380927
380928
380929
381492
381493
381494
381495
381496
381497
381498
381499
381500
381501
381502
381503
381504
381505
381506
381507
381508
381509
381510
381511
381512
382053
382054
382055
382056
382057
382058
382059
382060
382061
382062
382063
382064
382065
382066
382070
382071
382072
382073
382074
382075
382597
382598
382599
382600
382601
382602
382604
382605
382606
382610
382611
382612
382613
382614
383166
383167
383168
383169
383170
383171
383172
383173
383174
383175
383176
383177
383185
383186
383187
383188
383732
383733
383734
383735
383736
383737
383738
383739
383740
383753
383754
384308
384309
384310
384311
384312
384313
384325
384873
384874
384875
384876
384877
384878
385425
385426
385427
385428
385429
385430
385431
385989
385990
385991
385992
385993
385994
385995
385996
385997
386531
386532
386533
386534
386535
386536
386537
386538
386539
386540
387089
387090
387091
387092
387093
387094
387095
387096
387097
387640
387641
387642
387643
387644
387645
387646
387647
387648
387649
387650
388203
388204
388205
388206
388207
388208
388209
388210
388211
388212
388213
388760
388761
388763
388764
388765
388766
388767
389301
389302
389304
389305
389306
389307
389308
389847
389848
389849
389850
389851
389852
389853
389854
390393
390394
390395
390396
390397
390398
390950
390951
390952
390953
390954
390955
391493
391494
391495
391496
391497
391498
392048
392049
392050
392051
392052
392053
392602
392603
392604
392605
392606
392607
393133
393134