465825
466165
466166
466496
466497
466498
466823
466824
466825
467152
467153
467154
467155
467472
467473
467474
467475
467476
467477
467797
467798
467799
467800
467801
467802
468119
468120
468121
468122
468123
468124
468125
468425
468426
468427
468428
468429
468430
468728
468729
468730
468731
468732
468733
469021
469022
469023
469024
469025
469026
469314
469315
469316
469317
469318
469319
469609
469610
469611
469612
469613
469889
469890
469891
469892
469893
469894
469895
469896
470160
470161
470162
470163
470164
470165
470166
470406
470407
470408
470409
470410
470411
470412
470413
470656
470657
470658
470659
470660
470661
470662
470922
470923
470924
470925
470926
470927
470928
470929
471193
471194
471195
471196
471197
471198
471199
471200
471201
471202
471203
471470
471471
471472
471473
471474
471475
471476
471477
471478
471479
471480
471481
471737
471738
471739
471740
471741
471742
471743
471744
471745
471746
471747
471748
472002
472003
472004
472005
472006
472007
472008
472009
472010
472011
472012
472013
472014
472015
472016
472017
472018
472019
472020
472287
472288
472289
472290
472291
472292
472293
472294
472299
472300
472301
472302
472303
472304
472305
472306
472307
472308
472309
472587
472588
472589
472590
472591
472592
472593
472594
472600
472601
472602
472603
472604
472605
472606
472607
472608
472609
472610
472611
472612
472613
472614
472887
472888
472889
472890
472891
472892
472893
472894
472895
472896
472897
472903
472904
472905
472906
472907
472908
472914
472915
472916
472917
472918
472919
473189
473190
473191
473192
473193
473194
473195
473196
473197
473198
473199
473205
473206
473207
473208
473209
473210
473213
473215
473216
473217
473218
473219
473489
473490
473491
473492
473493
473494
473495
473496
473505
473506
473507
473508
473509
473510
473513
473514
473515
473516
473517
473518
473816
473817
473818
473819
473820
473821
473822
473823
473824
473836
473837
473838
473841
473842
473843
473844
474149
474150
474151
474152
474153
474154
474167
474169
474170
474171
474469
474470
474471
474472
474473
474474
474475
474476
474490
474492
474493
474496
474802
474804
474814
474815
474816
474817
474818
474819
474820
474821
475129
475142
475143
475144
475145
475146
475147
475481
475482
475483
475818
475819
475820
476153
476154
476156
476157
476158
476159
476160
476481
476482
476484
476485
476486
476487
476488
476489
476838
476839
476840
476841
476842
476843
476844
476845
476846
476847
476848
476849
476850
477193
477194
477195
477196
477198
477199
477200
477201
477202
477203
477204
477557
477558
477559
477560
477561
477565
477566
477567
477568
477941
477942
477943
477944
477945
477949
477950
477951
477952
477954
477955
478302
478303
478304
478305
478310
478311
478312
478313
478314
478315
478316
478651
478652
478653
478654
478655
478656
478657
478658
478659
478660
478661
478662
478992
478993
478994
478997
478998
478999
479000
479001
479328
479329
479330
479332
479333
479334
479335
479336
479654
479655
479656
479657
479658
479659
479660
479661
479982
479983
479984
479985
479986
479987
479988
479989
479990
480302
480303
480304
480305
480306
480307
480308
480309
480310
480311
480312
480313
480314
480315
480611
480612
480613
480614
480615
480616
480617
480618
480619
480620
480621
480622
480623
480624
480918
480919
480920
480921
480922
480923
480924
480925
480926
480927
480928
480929
481222
481223
481224
481225
481226
481227
481228
481229
481230
481231
481232
481548
481549
481550
481551
481553
481555
481556
481557
481900
481901
481902
481903