1
285
286
287
288
289
290
291
292
293
294
295
296
297
298
299
300
301
302
303
304
742
743
744
745
746
747
748
749
750
751
752
753
754
755
756
757
758
759
760
761
762
763
764
765
766
767
768
1186
1187
1188
1189
1190
1191
1192
1193
1194
1195
1196
1197
1198
1199
1200
1201
1202
1203
1204
1205
1206
1207
1208
1209
1210
1611
1612
1613
1614
1615
1616
1617
1618
1619
1620
1621
1622
1623
1624
1625
1626
1627
1628
1629
1630
1631
1632
1633
2020
2021
2022
2023
2024
2025
2026
2027
2028
2029
2030
2031
2032
2033
2034
2035
2036
2037
2038
2039
2428
2429
2430
2431
2432
2433
2434
2435
2436
2437
2438
2439
2440
2441
2442
2443
2444
2445
2446
2447
2448
2844
2845
2846
2847
2848
2849
2850
2851
2852
2853
2854
2855
2856
2857
2858
2859
2860
2861
3260
3261
3262
3263
3264
3265
3266
3267
3268
3269
3270
3271
3272
3632
3633
3634
3635
3636
3637
3638
3639
3640
3641
3642
4005
4006
4007
4008
4009
4010
4011
4012
4013
4014
4015
4398
4399
4400
4401
4402
4403
4404
4405
4406
4407
4408
4808
4809
4810
4811
4812
4813
4814
4815
4816
4817
5226
5227
5228
5229
5230
5231
5232
5233
5668
5669
5670
5671
5672
5673
5674
5675
6110
6111
6112
6113
6114
6115
6116
6117
6118
6121
6565
6566
6567
6568
6569
6570
6571
6572
6573
6574
6575
6576
6577
6578
6580
6581
6582
7039
7040
7041
7042
7043
7044
7045
7046
7047
7048
7049
7050
7051
7052
7053
7054
7055
7056
7537
7538
7542
7543
7544
7545
7546
7547
7548
7549
7550
7551
7552
7553
7554
7555
7556
8040
8041
8042
8043
8044
8045
8046
8047
8048
8049
8050
8051
8052
8053
8054
8055
8056
8057
8058
8059
8060
8061
8062
8063
8538
8539
8540
8541
8542
8543
8544
8545
8546
8547
8548
8549
8550
8551
8552
8553
8554
8555
9037
9039
9040
9041
9042
9043
9044
9045
9046
9047
9048
9049
9050
9051
9052
9053
9577
9578
9579
9580
9581
9582
9583
9584
9585
9586
9587
9588
9589
9590
9591
9592
10106
10107
10108
10109
10110
10111
10114
10115
10116
10117
10118
10119
10661
10662
10663
10664
10665
10666
10672
10673
10674
11201
11202
11203
11204
11205
11206
11213
11214
11775
11776
11777
11778
11779
11780
11781
12359
12360
12361
12362
12363
12942
12943
12944
12945
12946
12947
13533
13534
13535
13536
13537
13538
14119
14120
14121
14122
14123
14124
14700
14701
14702
14703
14704
14705
14706
15281
15282
15284
15858
500610
501131
501132
501133
501134
501135
501648
501649
501650
501651
501652
501653
501654
502137
502138
502139
502140
502141
502142
502143
502588
502589
502590
502591
502592
502593
502594
502595
502596
502597
502598
502599
502600
503038
503039
503040
503041
503042
503043
503044
503045
503046
503047
503048
503049
503050
503051
503052
503053
503054
503055
503496
503497
503498
503499
503500
503501
503502
503503
503504
503505
503506
503507
503508
503509
503510
503511