223958
224477
224478
224483
224982
224986
224987
224989
224990
224991
225491
225492
225495
225496
225497
225499
225500
225993
225994
225995
225996
225997
225998
225999
226000
226001
226511
226512
226513
226514
226515
227016
227017
227018
227019
227514
227515
227516
227517
228032
228033
228034
228035
228565
228566
229081
229082
229083
229084
229085
229597
229598
229599
229600
229601
229602
230127
230128
230129
230130
230131
230664
230665
230667
230668
231197
231198
231199
231200
231201
231748
231749
231750
231751
231752
232325
232326
232888
232889
232890
232891
233473
233474
233475
233476
234057
234058
234059
234060
234614
234615
234616
234617
235166
235167
235168
235169
235170
235171
235730
235731
235732
235733
235734
235735
235736
235737
236313
236317
236318
236319
236320
236321
236322
236323
236927
236928
236929
236930
236931
236932
236933
236934
236935
236936
236937
236938
236939
236940
236941
236942
237551
237552
237553
237554
237555
237556
237557
237558
237559
237560
237561
237562
237564
238173
238174
238175
238176
238177
238178
238179
238180
238181
238182
238183
238184
238185
238760
238761
238762
238763
238764
238765
238766
238767
238768
238769
238770
238771
239379
239380
239381
239382
239383
239384
239385
239386
239387
239388
239389
239390
239391
239392
240026
240027
240028
240029
240030
240031
240032
240033
240034
240035
240036
240624
240625
240626
240627
240628
240629
240630
241184
241185
241186
241187
241188
241189
241190
241191
241192
241193
241194
241758
241759
241760
241761
241762
241763
241764
241765
242336
242337
242344
242345
242346
242347
242348
242349
242350
242351
242352
242353
242925
242926
242927
242929
242930
242933
242934
242935
242936
242937
242938
242939
242940
242941
242942
242943
242944
243534
243535
243536
243537
243538
243539
243540
243541
243542
243543
243545
243546
243547
243548
243549
243550
244134
244135
244136
244137
244138
244139
244140
244141
244145
244146
244147
244148
244149
244724
244725
244726
244727
244728
244729
244730
244731
244740
244741
244742
245335
245336
245337
245338
245339
245340
245341
245342
245343
245344
245927
245928
245929
245930
245931
245932
245933
245934
245935
246511
246512
246513
246514
246515
246516
247099
247100
247101
247102
247103
247104
247105
247106
247107
247665
247666
247667
247668
247669
247670
247671
247672
247673
247674
248229
248230
248231
248232
248233
248234
248235
248236
248237
248238
248239
248795
248796
248797
248798
248799
248800
248801
248802
248803
248804
248805
248806
249350
249351
249352
249353
249354
249355
249356
249357
249358
249359
249909
249910
249911
249912
249914
250454
250455
250456
250996
250997
250998
251537
251539
251540
252108
252109
252110
252111
252112
252113
252702
252703
252704
252705
252706
252707
252708
253272
253273
253277
253278
253279
253280
253281
253282
253283
253284
253285
253850
253851
253852
253853
253854
253857
253858
253859
253860
253861
253862
254434
254435
254436
254437
254438
254441
254442
254443
254444
255053
255054
255055
255056
255057
255059
255060
255061
255062
255063
255064
255065
255066
255067
255656
255657
255658
255659
255660
255661
255662
255663
255664
255666
255668
256269
256270
256271
256272
256273
256274
256275
256276
256277
256278
256279
256280
256281
256282
256284
256871
256872
256873
256874
256875
256876
256877
256878
256879
256880
256881
256882
257490
257491
257492
257493
257494
257495
257496
257497
257498
257499
257500
258106
258107
258108
258109
258111
258112
258726
258727
258728
258731
258732
258733
259363