3759
3760
3761
4144
4145
4541
4542
4543
4952
4953
4954
4955
5375
5376
5377
5378
5815
5816
5817
6266
6267
6268
6269
6270
6729
6731
6738
6739
6740
6741
6742
7218
7219
7220
7221
7222
7226
7227
7228
7229
7230
7231
7721
7722
7723
7724
7725
7726
7727
7729
7730
7731
7732
8236
8237
8238
8243
8244
8246
8723
8725
8726
8727
8728
8729
9229
9230
9231
9232
9233
9234
9235
9236
9756
9757
9758
9759
9760
9761
9763
10297
10298
10299
10300
10301
10302
10303
10304
10305
10306
10307
10848
10849
10850
10851
10852
10853
10854
10855
10856
10857
10858
10860
11400
11401
11402
11403
11404
11405
11406
11408
11409
11410
11411
11412
11413
11414
11415
11416
11417
11972
11973
11974
11975
11976
11977
11978
11981
11982
11983
11984
11985
11986
11987
11988
11989
11990
12540
12541
12550
12551
12552
12553
12554
12555
12556
12557
12558
12559
12560
12561
12562
12563
12564
12565
12566
13125
13126
13127
13128
13140
13141
13143
13144
13145
13146
13147
13148
13149
13150
13151
13152
13153
13154
13155
13156
13157
13719
13720
13721
13722
13723
13734
13735
13736
13737
13738
13739
13740
13741
13742
13743
13744
13745
13746
13747
13748
13749
13750
13751
14320
14321
14322
14323
14325
14326
14327
14335
14336
14337
14338
14339
14340
14341
14342
14343
14344
14345
14346
14347
14348
14349
14350
14351
14352
14353
14917
14921
14922
14928
14929
14930
14931
14932
14933
14934
14935
14936
14937
14938
14939
15505
15506
15507
15511
15512
15515
15516
15517
15518
15519
15520
15521
15522
15523
15524
15525
15526
16070
16071
16075
16076
16077
16082
16083
16084
16085
16086
16087
16088
16089
16090
16091
16092
16093
16094
16095
16096
16097
16098
16099
16100
16101
16656
16659
16660
16661
16662
16668
16669
16670
16671
16672
16673
16674
16675
16676
16677
16678
16679
16680
16681
16682
16683
16684
16685
16686
16687
16688
16689
17232
17233
17234
17235
17236
17238
17240
17241
17242
17243
17244
17245
17246
17247
17248
17249
17250
17251
17252
17253
17254
17255
17256
17257
17258
17259
17260
17261
17262
17263
17264
17816
17817
17819
17821
17822
17823
17824
17825
17826
17827
17828
17829
17830
17831
17832
17833
17834
17835
17836
17837
17838
17839
17840
17843
18360
18361
18362
18363
18364
18365
18366
18367
18368
18369
18370
18371
18372
18373
18374
18375
18376
18377
18378
18379
18380
18381
18908
18909
18910
18911
18912
18914
18917
18918
18919
18920
18921
18922
18923
18924
18925
18926
18927
18928
18929
18930
19454
19455
19456
19461
19463
19464
19465
19466
19467
19468
19469
19471
19472
19473
19474
19475
19998
19999
20000
20005
20006
20007
20008
20009
20010
20011
20012
20013
20014
20015
20016
20017
20018
20019
20020
20565
20569
20570
20571
20572
20573
20574
20575
20576
20577
20578
20579
20580
20581
20582
21130
21131
21132
21133
21136
21137
21138
21139
21140
21665
21666
21667
21668
21669
21670
21674
21675
21676
21677
21678
21679
22198
22199
22200
22201
22202
22203
22209
22210
22211
22212
22213
22214
22732
22733
22734
22735
22736
23260
23261
23262
23263
23787