356180
356181
356747
356756
356757
356758
357300
357301
357302
357309
357310
357311
357312
357864
357865
357866
357867
357868
357869
357876
357877
357878
357879
358404
358405
358406
358407
358408
358409
358410
358411
358412
358413
358414
358415
358416
358417
358418
358419
358421
358422
358423
358424
358425
358426
358427
358953
358954
358955
358956
358957
358958
358959
358960
358961
358962
358963
358964
358965
358966
358967
358968
358969
358970
358971
358972
358973
358974
358975
359484
359485
359486
359487
359488
359489
359490
359491
359492
359493
359494
359495
359496
359497
359498
359499
359500
359501
359502
359503
359504
359505
360019
360020
360023
360024
360025
360026
360027
360028
360029
360030
360031
360032
360033
360034
360035
360036
360037
360038
360039
360528
360529
360530
360531
360532
360533
360534
360535
360536
360537
360538
360539
360540
360541
360542
360543
360544
360545
360546
360547
360548
361020
361021
361022
361023
361024
361025
361026
361027
361028
361029
361030
361031
361032
361033
361034
361035
361036
361037
361518
361520
361521
361522
361523
361524
361525
361526
361527
361528
361529
361530
361531
361532
361533
361534
361535
361536
362039
362040
362042
362043
362044
362045
362046
362047
362048
362049
362050
362051
362052
362053
362054
362055
362056
362057
362058
362059
362060
362061
362568
362569
362570
362571
362572
362573
362574
362575
362576
362577
362578
362579
362580
362581
362582
362583
362584
362585
362586
362587
362588
362589
363085
363086
363087
363089
363090
363091
363092
363093
363094
363095
363096
363097
363098
363099
363100
363101
363102
363103
363104
363105
363106
363598
363599
363600
363601
363602
363603
363604
363605
363606
363607
363608
363609
363610
363611
363612
363613
363614
363615
363616
363617
363618
363619
363620
363621
363622
363623
364124
364125
364126
364127
364128
364129
364130
364131
364132
364133
364134
364135
364136
364137
364138
364139
364140
364141
364142
364143
364144
364145
364146
364635
364636
364637
364638
364639
364640
364641
364642
364643
364644
364645
364646
364647
364648
364649
364650
365135
365136
365137
365138
365139
365140
365141
365142
365143
365144
365145
365146
365147
365148
365149
365150
365151
365621
365622
365623
365624
365625
365626
365627
365628
365629
365630
366091
366092
366093
366094
366096
366097
366098
366099
366100
366101
366102
366563
366564
366565
366566
366567
366568
366569
366570
366571
366572
367044
367047
367048
367049
367050
367051
367052
367053
367054
367055
367056
367057
367058
367059
367556
367557
367558
367559
367560
367561
367562
367563
367564
367565
367566
367567
367568
367569
368052
368053
368054
368055
368056
368057
368058
368059
368060
368062
368063
368064
368065
368066
368067
368558
368559
368560
368561
368562
368563
368564
368565
368568
368569
368570
368571
368572
368573
368574
369057
369058
369059
369060
369061
369062
369063
369064
369065
369066
369070
369071
369072
369073
369074
369538
369539
369540
369541
369542
369543
369544
369545
369546
369547
369548
369549
369550
369551
370015
370016
370017
370018
370019
370020
370021
370022
370023
370024
370025
370026
370027
370028
370501
370502
370503
370504
370505
370506
370507
370508
370509
370510
370511
370512
370513
370514
370515
370516
370517
370518
371003
371004
371005
371006
371007
371008
371009
371010
371011
371013
371014
371015
371514
371515
371516
371517
371518
371519
371520
371521
371522
372032
372033
372034
372035
372037
372038
372533
372534
372535
372536
372537
372538
373046
373047
373048