316699
317169
317170
317180
317181
317182
317642
317643
317647
317648
317649
317652
317653
317656
317657
317658
317659
317660
317661
317662
317663
317664
318126
318127
318129
318130
318132
318133
318134
318135
318136
318137
318138
318139
318140
318141
318142
318143
318144
318145
318146
318147
318148
318149
318150
318151
318642
318643
318644
318645
318646
318647
318648
318649
318650
318651
318652
318653
318654
318655
318656
318657
318658
318659
318660
318661
318662
318663
318664
318665
318666
318667
318668
319130
319131
319132
319133
319134
319135
319136
319137
319138
319140
319141
319142
319143
319144
319145
319146
319147
319148
319149
319150
319151
319152
319153
319154
319155
319156
319157
319623
319624
319625
319626
319627
319628
319629
319630
319633
319634
319635
319636
319637
319638
319639
319640
319641
319642
319643
319644
319645
319646
319647
319648
319649
319650
319651
320120
320123
320124
320125
320126
320127
320128
320129
320131
320132
320133
320134
320135
320136
320137
320138
320139
320140
320141
320142
320143
320144
320145
320147
320148
320149
320150
320604
320605
320606
320607
320608
320609
320610
320611
320613
320614
320615
320616
320617
320618
320619
320620
320621
320622
320623
320624
320625
320626
320627
320629
320630
320631
320632
320633
321086
321087
321088
321089
321090
321094
321095
321096
321097
321098
321099
321100
321101
321102
321104
321105
321106
321107
321108
321109
321554
321555
321557
321558
321559
321564
321565
321566
321569
321570
321573
321574
321575
321576
321577
321578
321579
321580
321581
321582
322019
322025
322026
322027
322028
322029
322030
322031
322032
322033
322034
322493
322494
322495
322496
322497
322498
322499
322500
322501
322502
322503
322989
322990
322992
322993
322994
322995
322996
322997
322998
322999
323455
323456
323459
323460
323461
323462
323463
323464
323465
323466
323467
323468
323935
323936
323939
323940
323941
323942
323943
323944
323945
323946
323947
323948
323949
323951
323952
324442
324443
324444
324445
324446
324447
324449
324450
324451
324452
324453
324454
324455
324456
324457
324458
324459
324460
324957
324958
324959
324960
324961
324962
324963
324966
324967
324968
324969
324970
324971
324972
324973
324974
325482
325483
325484
325485
325486
325487
325488
325489
325490
325492
325493
325494
325495
325496
325497
325498
325499
325500
325501
325502
326006
326007
326008
326010
326011
326012
326013
326014
326015
326016
326017
326018
326019
326020
326021
326022
326023
326024
326025
326026
326027
326521
326522
326523
326526
326527
326528
326529
326530
326531
326532
326533
326534
326535
326536
326537
326538
326539
326540
327040
327041
327042
327043
327044
327045
327046
327047
327048
327049
327050
327051
327052
327053
327054
327055
327056
327057
327058
327059
327555
327556
327557
327558
327559
327560
327561
327562
327563
327564
327565
327566
327567
327568
327569
327570
327572
327573
327574
328088
328092
328093
328094
328095
328096
328097
328098
328099
328100
328101
328105
328588
328589
328590
328591
328592
328593
328594
328595
328596
328597
328598
328599
328600
328601
329060
329061
329062
329063
329064
329065
329066
329067
329068
329069
329070
329071
329072
329073
329074
329524
329525
329526
329527
329528
329529
329530
329531
329532
329533
329534
329536
329975
329976
329977
329978
329979
329980
329985
330442
330443
330444
330445
330912
330913
330914
331384
331385
331386
331387
331388
331853
331854
331855
331856
331857
331858
332332
332333
332334
332335
332336
332337
332820
332821
332822