465025
465352
465353
465667
465668
465669
465670
465671
465673
465674
466017
466018
466019
466020
466021
466022
466361
466362
466363
466364
466365
466366
466367
466689
466690
466691
466692
466693
466694
467010
467011
467012
467013
467014
467015
467330
467331
467332
467333
467334
467335
467336
467337
467338
467649
467650
467651
467652
467653
467654
467655
467656
467657
467658
467659
467660
467661
467664
467970
467971
467972
467973
467974
467975
467976
467977
467978
467979
467980
467981
467982
467984
467990
467991
468284
468285
468286
468289
468290
468291
468292
468293
468294
468295
468296
468297
468300
468301
468302
468581
468582
468583
468588
468589
468590
468591
468592
468593
468594
468595
468596
468601
468878
468879
468880
468884
468885
468886
468887
468888
468889
468893
468894
468895
469177
469178
469179
469180
469181
469187
469188
469190
469191
469192
469193
469194
469195
469196
469197
469198
469199
469200
469201
469202
469483
469484
469490
469491
469492
469493
469494
469495
469496
469497
469498
469499
469500
469501
469502
469503
469767
469775
469776
469777
469778
469779
469780
469781
469782
469783
469784
469785
469786
469787
469789
470054
470055
470056
470057
470058
470059
470060
470061
470062
470063
470312
470313
470314
470315
470316
470317
470318
470319
470320
470321
470322
470323
470550
470551
470552
470553
470555
470556
470557
470558
470559
470560
470561
470562
470563
470564
470565
470566
470814
470815
470816
470817
470818
470819
470820
470821
470822
470823
470824
470825
471096
471097
471098
471099
471100
471101
471102
471103
471104
471368
471369
471370
471371
471372
471373
471374
471375
471376
471377
471378
471379
471380
471381
471382
471383
471384
471645
471646
471647
471648
471649
471650
471651
471652
471653
471654
471655
471656
471657
471658
471660
471661
471662
471897
471898
471899
471900
471902
471903
471904
471905
471906
471907
471908
471909
471910
471911
471913
472175
472176
472177
472178
472179
472180
472181
472182
472183
472184
472185
472186
472187
472188
472189
472190
472192
472469
472470
472471
472472
472473
472474
472475
472476
472477
472478
472479
472480
472481
472482
472483
472484
472485
472486
472487
472488
472765
472766
472767
472768
472769
472770
472771
472772
472773
472776
472777
472778
472779
472780
472781
472782
472783
472784
472785
472786
473064
473065
473066
473067
473068
473069
473070
473071
473072
473073
473074
473075
473076
473077
473078
473079
473080
473081
473083
473084
473085
473362
473363
473364
473365
473366
473367
473368
473369
473370
473371
473372
473373
473374
473375
473376
473377
473378
473379
473380
473383
473384
473666
473667
473668
473669
473670
473671
473672
473673
473674
473675
473676
473677
473678
473679
473680
473681
473989
473990
473991
473992
473993
473994
473995
473996
473997
473998
473999
474000
474001
474002
474307
474308
474309
474310
474311
474312
474313
474314
474315
474634
474635
474636
474637
474638
474639
474953
474954
474955
474956
474957
474958
474959
475285
475286
475287
475288
475289
475290
475291
475292
475293
475617
475618
475619
475620
475621
475622
475623
475624
475625
475626
475627
475628
475947
475948
475949
475950
475951
475952
475953
475954
475955
475956
475957
475958
475959
475960
476276
476277
476278
476279
476280
476281
476282
476283
476284
476285
476286
476287
476288
476289
476622
476623
476624
476625
476626
476627
476628
476629
476630
476631
476632
476633
476987
476988
476989
476990
476991
476992
476993
476994
477346
477347
477348
477714
477715
477716
477717