390094
390652
390653
391200
391203
391759
391760
391761
391762
392301
392302
392306
392307
392308
392309
392846
392847
392848
392849
392850
392851
392852
392853
392854
392855
392856
392857
393376
393377
393378
393379
393380
393381
393382
393383
393384
393385
393386
393387
393913
393914
393915
393916
393917
393918
393919
393920
393921
393922
393923
393924
393925
393926
394441
394442
394443
394444
394445
394446
394447
394448
394449
394450
394451
394452
394974
394975
394976
394977
394978
394979
394980
394981
394982
394983
394984
394985
394986
394987
395510
395512
395520
395521
395522
395524
395526
395527
395528
395529
395530
395531
395532
395533
396067
396068
396069
396070
396071
396072
396073
396074
396075
396076
396077
396078
396079
396081
396082
396083
396084
396085
396086
396087
396088
396598
396599
396600
396601
396602
396603
396604
396605
396606
396607
396608
396610
396613
396614
396615
396616
396619
396620
396621
397124
397126
397127
397128
397129
397130
397131
397132
397133
397134
397135
397136
397137
397138
397141
397142
397147
397148
397640
397641
397642
397643
397644
397645
397646
397647
397648
397649
397650
397651
397652
397663
397664
398176
398177
398178
398179
398180
398181
398182
398184
398185
398186
398725
398726
398727
398728
398729
398730
398731
399274
399275
399276
399277
399278
399279
399801
399802
399803
400315
400316
400317
400318
400319
400320
400321
400814
400815
400816
400817
400818
400819
400820
401321
401322
401323
401324
401325
401328
401329
401825
401826
401827
401828
401829
401830
401831
401832
401834
401835
402324
402325
402326
402327
402328
402329
402330
402332
402333
402334
402335
402833
402834
402835
402836
402837
402838
402839
402840
402841
402842
402843
402844
402845
403318
403319
403320
403321
403322
403323
403324
403325
403326
403327
403328
403329
403330
403798
403799
403800
403801
403802
403803
403804
403805
403806
403807
404267
404268
404269
404270
404271
404272
404273
404274
404275
404276
404277
404278
404714
404715
404716
404717
404718
404719
404720
404721
404722
404723
404724
404725
404726
404727
405174
405175
405176
405177
405178
405179
405180
405181
405182
405183
405184
405185
405620
405621
405622
405623
405624
405625
405626
405627
405628
405629
405630
405631
406085
406086
406087
406088
406089
406094
406095
406542
406543
406544
406545
406546
406547
406985
406986
406987
406988
406989
406990
406991
406992
407421
407422
407423
407424
407425
407426
407427
407428
407429
407430
407431
407856
407857
407858
407859
407860
407861
407862
407863
407864
408319
408320
408321
408322
408323
408324
408325
408326
408764
408765
408766
408767
408768
408769
408770
408771
408772
408773
408774
408775
409201
409202
409203
409204
409205
409206
409207
409208
409209
409210
409211
409212
409213
409214
409215
409671
409672
409673
409674
409675
409677
409678
409679
409680
409681
409682
409683
409684
409685
409686
410142
410143
410145
410146
410147
410148
410152
410153
410154
410155
410156
410157
410158
410159
410590
410591
410592
410593
410594
410595
410596
410600
410601
410602
410603
410604
410605
410606
410607
410608
410609
411042
411043
411045
411048
411049
411050
411051
411052
411053
411054
411055
411056
411510
411511
411512
411515
411516
411517
411518
411519
411520
411521
411522
411968
411969
411970
411971
411972
411973
411974
411975
411976
411977
411980
411981
411982
411983
412455
412456
412457
412458
412459
412460
412464
412465
412466
412467
412939
412940
412941
412942
412943
412949
412950
413428
413429
413908
413909