279534
279535
280128
280137
280138
280139
280140
280721
280722
280730
280731
280732
280733
280734
281319
281320
281321
281322
281323
281324
281325
281326
281327
281328
281329
281330
281914
281915
281916
281917
281918
281919
281920
281921
281922
281923
281924
282497
282498
282499
282500
282501
282502
282503
282504
282505
282506
282507
282508
282509
283089
283090
283091
283092
283093
283094
283095
283096
283097
283098
283099
283100
283101
283102
283103
283104
283105
283697
283698
283700
283701
283704
283705
283707
283708
283709
283710
283711
283712
283713
284315
284316
284317
284318
284319
284320
284321
284322
284323
284324
284325
284326
284327
284328
284329
284917
284918
284919
284920
284921
284922
284923
284924
284925
284926
284927
284928
284929
284930
285501
285502
285503
285504
285505
285506
285507
285508
285509
285510
285511
286052
286053
286054
286055
286056
286057
286058
286059
286060
286061
286568
286569
286570
286571
286572
286573
286574
286575
286576
286577
286578
287080
287081
287082
287083
287084
287085
287086
287087
287088
287089
287090
287594
287595
287596
287597
287598
287599
287602
287603
287607
287608
287609
287610
287611
287612
287613
288112
288113
288114
288115
288116
288117
288119
288120
288121
288122
288123
288124
288125
288126
288127
288128
288129
288130
288131
288132
288649
288650
288651
288652
288653
288654
288655
288656
288657
288658
288659
288660
288661
288662
288663
288664
288665
288666
288667
288668
289145
289146
289147
289148
289149
289150
289151
289152
289153
289154
289155
289156
289157
289158
289159
289160
289161
289162
289163
289166
289617
289618
289619
289620
289621
289622
289623
289624
289625
289626
289627
289628
289629
289630
289631
289632
289633
289634
289635
289636
289637
289638
289639
290122
290123
290124
290125
290126
290127
290128
290129
290130
290131
290132
290133
290134
290135
290136
290137
290138
290139
290140
290141
290142
290613
290614
290615
290616
290617
290618
290619
290620
290621
290622
290623
290624
290625
290626
290627
290628
290629
290630
290631
290632
291090
291091
291092
291093
291094
291095
291096
291097
291098
291099
291100
291101
291102
291103
291104
291105
291559
291560
291561
291562
291563
291564
291565
291566
291570
291571
291572
291573
291574
291575
291576
291577
291578
292034
292035
292036
292037
292038
292039
292040
292041
292042
292043
292048
292050
292051
292052
292053
292535
292536
292537
292538
292539
292540
292541
292542
292543
292548
292549
292550
292551
292552
292553
292554
293038
293039
293040
293041
293042
293043
293044
293045
293046
293047
293048
293049
293052
293053
293539
293540
293541
293542
293543
293544
293545
293546
293547
293548
293549
293550
293551
293552
293553
293554
293555
294042
294043
294044
294045
294046
294047
294048
294049
294050
294051
294052
294053
294054
294055
294526
294532
294533
294534
294535
294536
294537
294538
294539
294540
294541
294542
295009
295010
295014
295015
295016
295017
295018
295019
295020
295021
295022
295023
295024
295025
295026
295500
295501
295502
295503
295504
295505
295506
295507
295508
295509
295510
295511
295512
295513
295514
295515
295981
295982
295983
295985
295986
295987
295988
295989
295990
295991
295992
296457
296458
296459
296460
296461
296462
296463
296464
296465
296466
296467
296468
296469
296470
296955
296956
296957
296958
296959
296960
296961
297468
297469
297471
297472
297473
297474
297989
297992
297993
297994
298513
298514
298515
298516
298517
299026
299027
299028
299029
299547
299548
299549
300048
300581
301121