257253
257868
257869
257870
257871
258483
258484
258485
258486
258487
259123
259124
259125
259126
259770
259771
259772
260411
260412
260413
260414
260415
260416
261041
261042
261043
261044
261651
261652
261653
261654
261655
261656
261657
262258
262259
262260
262262
262263
262860
262861
262862
262864
262865
262866
262867
262868
263459
263460
263461
263462
263463
263465
263466
263467
263468
263469
263470
264057
264058
264059
264060
264061
264062
264063
264064
264068
264069
264070
264071
264072
264686
264687
264688
264689
264690
264691
264692
264693
264695
264696
264697
264698
264700
264701
264702
265312
265313
265314
265315
265316
265317
265318
265319
265320
265322
265323
265324
265327
265328
265329
265330
265942
265943
265944
265945
265946
265947
265948
265949
265950
265951
265952
265953
265954
265955
265956
265957
265960
265961
265962
265963
265964
266560
266561
266562
266563
266564
266565
266566
266567
266568
266569
266570
266571
266572
266573
266575
266576
266577
266578
266579
267170
267171
267172
267173
267174
267175
267176
267177
267178
267179
267180
267181
267182
267183
267184
267185
267186
267187
267188
267189
267190
267191
267788
267789
267790
267791
267792
267793
267794
267795
267796
267797
267798
267799
267800
267801
267802
267803
267804
267805
267806
267807
267808
267809
267810
267811
267812
268412
268413
268414
268415
268416
268417
268418
268419
268420
268421
268422
268423
268424
268425
268426
268427
268428
268429
268430
268431
268432
268433
268434
268435
269043
269044
269045
269046
269047
269048
269049
269050
269051
269052
269053
269054
269055
269056
269057
269058
269059
269060
269061
269062
269063
269064
269065
269066
269067
269068
269677
269678
269679
269680
269681
269682
269683
269684
269685
269686
269687
269688
269689
269690
269691
269692
269693
269694
269695
269696
269697
269698
269699
269700
270326
270327
270328
270329
270330
270331
270332
270333
270334
270335
270336
270337
270338
270339
270340
270341
270342
270343
270344
270345
270346
270347
270348
270350
270351
270969
270970
270971
270972
270973
270974
270975
270976
270977
270978
270979
270980
270981
270982
270983
270984
270985
270986
270987
270988
270989
270990
270991
270992
270993
270994
271622
271623
271624
271625
271626
271627
271628
271629
271630
271631
271632
271633
271634
271635
271636
271637
271638
271639
271640
271641
271642
271643
271644
271645
271646
271647
271648
272276
272277
272278
272279
272280
272281
272282
272283
272284
272285
272286
272287
272288
272289
272290
272291
272292
272293
272294
272295
272296
272297
272925
272926
272927
272928
272929
272930
272931
272932
272933
272934
272935
272936
272937
272938
272939
272940
272941
272942
272943
272944
273585
273586
273587
273588
273589
273590
273591
273592
273593
273594
273595
273596
273597
273598
273599
273600
273601
273602
273603
273604
273605
273606
273607
273608
274244
274245
274246
274247
274248
274249
274250
274251
274252
274253
274254
274255
274256
274257
274258
274259
274260
274261
274262
274263
274264
274265
274266
274874
274875
274876
274877
274878
274879
274880
274881
274882
274883
274884
274885
274886
274887
274888
274889
274891
275503
275507
275508
275509
275510
275511
275512
276135
276136
276141
276142
276143
276144
276766
276767
276768
276769
276774
276775
276776
276777
277383
277384
277388
277389
277390
277391
277392
277393
278006
278007
278008
278009
278010
278615
278616
278617
278618
278619
278620
279215
279216
279217
279218
279219
279220
279823
279824
279825
279826
279827
280424
280425