236695
236696
237314
237315
237316
237922
237923
237925
237926
237927
237928
237929
237930
238532
238533
238534
238535
238536
238537
238538
238539
238540
238541
239153
239154
239155
239156
239157
239158
239159
239160
239161
239162
239163
239164
239165
239774
239775
239776
239777
239778
239779
239780
239781
239782
239783
239784
239785
239786
239787
239788
240394
240395
240396
240397
240398
240399
240400
240401
240402
240403
240404
240405
240406
240407
240408
240409
240969
240970
240971
240972
240973
240974
240975
240976
240977
240978
240979
240980
240981
240982
240984
241545
241546
241547
241548
241549
241550
241551
241552
241553
241554
241555
241556
241557
241558
241559
242122
242127
242128
242129
242130
242131
242132
242133
242134
242135
242136
242137
242138
242139
242140
242142
242143
242144
242712
242713
242714
242716
242717
242718
242719
242720
242721
242722
242723
242724
242725
242726
242727
242728
242729
243308
243309
243310
243311
243312
243313
243314
243315
243316
243317
243318
243319
243320
243322
243323
243324
243907
243908
243909
243910
243911
243912
243913
243914
243915
243916
243917
243918
243919
243920
243921
243922
243924
243925
243926
244491
244492
244493
244494
244495
244496
244497
244498
244499
244500
244501
244502
244503
244504
244505
244506
245099
245100
245101
245102
245103
245104
245105
245106
245107
245108
245109
245110
245111
245112
245113
245114
245713
245714
245715
245716
245717
245718
245719
245720
245721
245722
245723
245724
245725
245726
245727
245728
246297
246299
246300
246301
246302
246303
246304
246305
246306
246307
246308
246309
246310
246311
246893
246894
246895
246896
246897
246898
246899
246900
246901
246902
246903
247482
247483
247484
247485
247486
247487
247488
247489
247490
247491
247492
247493
248045
248046
248047
248048
248049
248050
248051
248052
248053
248054
248055
248613
248614
248615
248616
248617
248618
248619
248620
248621
248622
248623
248624
249162
249163
249164
249165
249166
249167
249168
249169
249170
249171
249172
249173
249720
249721
249722
249723
249724
249725
249726
249727
249728
249729
249730
250262
250264
250265
250266
250267
250268
250269
250270
250271
250272
250806
250807
250808
250809
250810
250811
250812
251364
251365
251366
251929
251930
251931
252522
252523
252524
253103
253104
253105
253106
253107
253108
253109
253682
253683
253684
254256
254257
254258
254880
254881
254882
255503
255504
256105
256724
256725
256726
256727
256728
256729
256730
257342
257346
257347
257348
257349
257350
257351
257352
257954
257956
257957
257958
257959
257960
257961
257962
257963
257964
257965
257966
257967
258571
258573
258574
258575
258576
258577
258578
258579
258580
258581
258582
258583
258584
258585
258586
258587
258588
259202
259204
259205
259206
259207
259208
259209
259210
259211
259212
259213
259214
259215
259216
259217
259218
259219
259220
259221
259848
259849
259850
259851
259852
259853
259854
259855
259856
259857
259858
259859
259860
259861
259862
259863
259864
259865
259866
259867
259868
260497
260498
260503
260504
260505
260506
260507
260508
260509
260510
260511
260512
260513
260514
260515
260516
261118
261119
261122
261123
261124
261125
261126
261127
261128
261129
261132
261727
261728
261729
261730
261731
261732
261733
261734
261735
261736
261737
261738
262343
262344
262345
262346
262347
262352
262353
262354
262948
262949
262950
262951
262953
262954
262955
262956
262957
262958
262960
263547
263548
263549
263550
263551
263552
263553
263554
264152
264153
264156
264778
264779
265408