286849
287356
287357
287361
287372
287373
287374
287860
287861
287862
287863
287867
287868
287869
287871
287876
287877
287878
287879
288389
288390
288391
288392
288393
288394
288395
288396
288397
288398
288402
288403
288404
288908
288909
288910
288911
288912
288913
288914
288915
288916
288917
288918
288919
288920
288921
288922
288923
288924
288925
288926
288927
288928
288929
289401
289402
289403
289404
289405
289406
289407
289408
289409
289410
289411
289412
289413
289414
289415
289908
289909
289910
289911
289912
289913
289914
289919
289920
289921
289922
289923
289924
289925
289926
290397
290398
290399
290400
290401
290402
290403
290404
290409
290410
290411
290412
290413
290414
290415
290416
290417
290418
290419
290420
290421
290422
290423
290889
290890
290891
290892
290893
290894
290895
290900
290901
290902
290903
290904
290905
290906
290907
290908
290909
290910
291341
291342
291343
291344
291345
291346
291348
291349
291350
291351
291352
291353
291354
291355
291356
291357
291358
291359
291360
291361
291362
291363
291364
291365
291366
291809
291810
291811
291812
291813
291814
291815
291816
291817
291818
291819
291820
291821
291822
291823
291824
291825
291826
291827
291828
291829
291830
291831
291832
291833
291834
291835
291836
291837
292301
292302
292305
292306
292307
292308
292309
292310
292311
292312
292313
292314
292315
292316
292317
292318
292319
292320
292321
292322
292323
292324
292325
292326
292327
292328
292329
292330
292331
292799
292800
292801
292802
292803
292804
292805
292806
292807
292808
292809
292810
292811
292812
292813
292814
292815
292816
292817
292818
292819
293307
293308
293309
293310
293311
293312
293313
293314
293315
293316
293317
293318
293319
293320
293321
293322
293323
293324
293325
293326
293806
293807
293808
293809
293810
293811
293812
293813
293814
293815
293816
293817
293818
293819
293820
294300
294301
294302
294303
294304
294305
294306
294307
294308
294309
294310
294311
294312
294313
294786
294787
294788
294789
294790
294791
294792
294793
294794
294795
294796
294797
294798
294799
294800
294801
294802
295277
295278
295279
295280
295281
295282
295283
295284
295285
295286
295287
295288
295289
295290
295291
295292
295293
295294
295772
295773
295774
295775
295776
295777
295778
295779
295780
295781
295782
295783
295784
295785
295786
296240
296241
296244
296245
296246
296247
296248
296249
296250
296251
296252
296735
296736
296737
296738
296739
296740
297232
297233
297234
297235
297741
297742
298264
298265
298266
298267
298268
298269
298775
298776
298777
298778
298779
298780
298781
298782
298783
299291
299292
299293
299294
299295
299296
299297
299298
299299
299300
299808
299809
299810
299811
299812
299813
299814
299815
299816
299817
300323
300324
300325
300326
300327
300328
300329
300330
300331
300332
300861
300862
300863
300864
300865
300866
300867
300868
300869
300870
300871
300872
301395
301396
301399
301400
301401
301402
301403
301404
301405
301934
301935
301936
301939
301940
301941
301942
301943
302463
302464
302466
302467
302468
302469
302470
302471
303005
303006
303008
303009
303010
303011
303012
303013
303542
303543
303546
303547
303548
303550
304087
304088
304090
304091
304092
304093
304094
304095
304634
304635
304636
304637
304638
304639
304640
304642
304643
304644
304645
304646
305183
305184
305185
305186
305187
305188
305189
305190
305191
305192
305193
305738
305739
305741
305742
305743
305744
305745
305746
305747
306308
306309
306310
306311
306860
306861
306862
307409
307410
307411
307412
307413
307414