373625
373632
373633
374176
374177
374181
374182
374183
374184
374185
374186
374187
374188
374192
374193
374752
374753
374754
374755
374756
374757
374758
374759
374760
374761
374762
374763
374764
374765
374766
374767
374768
374769
374770
374771
374772
375331
375332
375333
375334
375335
375336
375337
375338
375339
375340
375341
375342
375343
375344
375345
375346
375347
375348
375349
375350
375351
375352
375353
375354
375355
375919
375920
375921
375922
375923
375924
375925
375926
375927
375928
375929
375930
375931
375932
375933
375934
375935
375936
375937
375938
375939
375940
375942
375943
375944
375945
376521
376524
376525
376526
376527
376528
376529
376530
376531
376532
376533
376534
376535
376536
376537
376538
376539
376540
376541
376542
376543
376544
376558
377120
377121
377122
377125
377126
377127
377128
377129
377130
377131
377132
377133
377134
377135
377136
377137
377138
377139
377140
377141
377142
377143
377144
377145
377151
377152
377153
377154
377155
377156
377715
377716
377717
377719
377720
377721
377722
377723
377724
377725
377726
377727
377728
377729
377730
377731
377732
377736
377737
377738
377739
378264
378265
378266
378269
378270
378271
378272
378273
378274
378275
378276
378277
378278
378279
378280
378281
378282
378288
378289
378290
378291
378292
378801
378802
378804
378805
378806
378807
378808
378809
378810
378811
378812
378813
378814
378815
378816
378817
378818
378822
378824
378825
378826
378827
378828
378829
378830
378831
378832
378833
378834
378835
379345
379346
379347
379348
379349
379351
379352
379353
379356
379357
379358
379359
379360
379361
379362
379363
379364
379365
379366
379367
379368
379369
379370
379371
379372
379373
379377
379378
379379
379380
379909
379910
379911
379912
379913
379915
379916
379917
379923
379924
379925
379926
379927
379928
379929
379930
379931
379932
379933
379934
379935
379936
379937
379938
379939
379944
379945
379946
379947
380483
380484
380485
380486
380487
380488
380489
380496
380497
380498
380499
380500
380501
380502
380503
380504
380505
380506
380507
380508
380509
380510
380511
380516
380517
381053
381054
381055
381056
381062
381063
381064
381065
381066
381067
381068
381069
381070
381071
381072
381073
381074
381075
381076
381633
381634
381635
381636
381637
381642
381643
381644
381645
381646
381647
381648
381649
381650
381651
381652
381653
381654
381655
381656
381657
381658
381659
381660
381661
381662
381663
382191
382193
382194
382195
382196
382199
382200
382201
382202
382203
382204
382205
382206
382207
382208
382209
382210
382211
382212
382213
382214
382215
382216
382217
382729
382730
382731
382732
382733
382738
382739
382742
382743
382744
382745
382746
382747
382748
382749
382750
383308
383309
383310
383311
383312
383313
383319
383320
383321
383322
383323
383324
383325
383326
383327
383328
383877
383878
383879
383880
383881
383891
383892
383893
383894
383895
383896
383897
383898
383899
383900
384447
384448
384449
384450
384451
384464
384465
384466
384467
384468
384469
384470
384471
384472
384473
384474
385016
385017
385018
385019
385020
385030
385031
385032
385033
385034
385035
385036
385566
385567
385568
385569
385582
385583
385584
385585
385586
385587
386130
386131
386132
386147
386148
386149
386150
386151
386152
386676
386677
386678
386693
386694
386695
386696
386697
387215
387231
387232
387233
387234
387235
387236
387789
387790
387791
387792
387793
388346
388347
388348
388349
388350
388351
388893
388894
388895
388896
388897
388898
389438
389439
389440
389441
389442
389982
389983