51286
51287
51288
51289
51290
51291
51751
51752
51753
51754
51755
51756
51757
51758
52212
52213
52214
52215
52216
52217
52218
52219
52220
52221
52222
52223
52688
52689
52690
52691
52692
52693
52694
53157
53158
53159
53160
53161
53162
53163
53164
53599
53600
53601
53605
53606
53607
53608
53609
53610
53611
54056
54057
54058
54062
54063
54064
54065
54066
54067
54068
54069
54070
54071
54072
54073
54074
54075
54076
54528
54529
54530
54531
54533
54534
54535
54536
54537
54538
54540
54541
54542
54543
54544
54545
54546
54547
55004
55005
55006
55007
55008
55009
55010
55011
55012
55013
55014
55015
55016
55017
55020
55021
55022
55493
55494
55495
55496
55500
55501
55503
55504
55989
55990
55991
55992
55997
55998
56473
56474
56475
56476
56477
56478
56479
56480
56481
56482
56483
56485
56486
56974
56975
56976
56977
56978
56979
56980
56981
56982
56983
56985
56986
56987
56988
57526
57527
57528
57529
57530
57531
57532
57533
57534
57535
57536
57537
57538
57539
57540
57541
57542
57543
57544
57545
57546
58073
58074
58075
58076
58079
58080
58081
58082
58083
58084
58085
58086
58087
58088
58089
58090
58091
58092
58093
58094
58095
58646
58647
58648
58649
58650
58651
58652
58653
58654
58655
58656
58657
58658
58659
58660
58661
58662
58663
58664
58665
59194
59196
59197
59202
59203
59206
59207
59208
59209
59211
59212
59215
59216
59217
59218
59219
59220
59221
59783
59784
59785
59786
59791
59792
59793
59794
59795
59796
59797
59804
59805
59806
59807
59808
59809
59810
59811
59812
59813
59814
59815
59816
59817
59818
59819
60395
60396
60397
60398
60401
60402
60403
60405
60406
60407
60408
60415
60416
60417
60418
60419
60420
60421
60422
60423
60424
60425
60426
60427
60428
60429
60430
60431
60432
60433
60434
60998
60999
61000
61003
61004
61005
61007
61008
61017
61018
61019
61020
61021
61022
61023
61024
61025
61026
61027
61028
61029
61030
61031
61032
61585
61586
61587
61588
61589
61590
61591
61592
61605
61606
61607
61608
61609
61610
61611
61612
61613
61614
61615
61616
61617
61618
61619
62189
62190
62191
62192
62193
62194
62195
62196
62197
62198
62215
62216
62217
62218
62219
62220
62221
62222
62223
62224
62770
62771
62772
62773
62774
62776
62777
62778
62792
62793
62794
62795
62796
62797
62798
62799
62800
62801
62802
62803
62804
62805
62806
62807
62808
63331
63332
63333
63334
63338
63339
63340
63354
63355
63356
63357
63358
63359
63360
63361
63362
63363
63364
63365
63366
63367
63368
63369
63370
63924
63925
63926
63927
63928
63929
63930
63936
63937
63953
63954
63955
63956
63957
63960
63961
63962
63963
63964
63965
63966
63967
63968
64522
64523
64524
64530
64531
64532
64533
64534
64547
64548
64549
64550
64554
64555
64556
64557
64558
64559
64560
64561
65112
65113
65129
65130
65131
65135
65136
65137
65138
65139
65140
65141
65680
65685
65686
65699
65700
65704
65705
65706
66229
66230
66231
66232
66236
66237
66238
66252
66256
66257
66770
66772
66773
66774
66775
66776
66777
66778
66779
66780
67303
67304
67305
67307
67308
67309
67310
67859
67860
67863
67864
67865
68404
68406
68407
68408
68934
68935