212594
212595
212596
212597
212598
213120
213121
213122
213123
213124
213126
213127
213128
213129
213659
213660
213661
213662
213663
213664
213665
213666
213667
213668
214216
214217
214218
214220
214221
214222
214224
214225
214794
214795
214796
214797
214798
214800
214801
214803
215378
215379
215380
215381
215382
215944
215945
215946
215948
215949
216511
216514
216515
217082
217083
217084
217085
217086
217087
217089
217642
217648
217649
217650
217651
217652
217653
217654
217655
218194
218195
218196
218197
218198
218199
218200
218201
218202
218203
218204
218205
218206
218207
218208
218748
218749
218750
218751
218752
218753
218754
218755
218756
218757
218758
218759
218760
218761
219276
219277
219278
219279
219280
219281
219282
219283
219284
219285
219286
219287
219288
219289
219290
219291
219292
219293
219294
219295
219810
219811
219812
219813
219814
219815
219816
219817
219818
219819
219820
219821
219822
219823
219824
219825
219826
219827
219828
219829
220362
220363
220364
220365
220366
220367
220368
220369
220370
220371
220372
220373
220374
220375
220376
220377
220378
220379
220380
220947
220948
220949
220950
220951
220952
220953
220954
220955
220956
220957
220958
220959
220960
220961
220962
220963
221513
221514
221515
221516
221517
221518
221519
221520
221521
221522
221523
221524
221525
221526
221527
221528
221529
222051
222053
222054
222055
222056
222057
222058
222059
222060
222061
222062
222063
222064
222574
222578
222579
222580
222581
222582
222583
222587
222588
222589
222590
223088
223089
223090
223092
223093
223094
223095
223096
223097
223098
223598
223599
223600
223601
223602
223603
223604
223605
223606
223607
223608
223609
223610
224128
224136
224137
224138
224139
224140
224141
224645
224646
224651
224652
224653
224654
224655
224656
224657
225155
225156
225157
225158
225159
225160
225161
225162
225164
225165
225166
225167
225168
225169
225170
225171
225677
225678
225679
225680
225681
225682
225683
225684
225685
225686
225687
225688
225689
225690
225691
225692
225693
225694
225695
226191
226192
226193
226194
226195
226196
226199
226200
226201
226202
226203
226204
226205
226206
226207
226208
226209
226210
226711
226712
226713
226714
226716
226717
226718
226719
226720
226721
226722
226723
227211
227212
227213
227214
227215
227216
227217
227218
227219
227220
227221
227716
227718
227719
227720
227721
227722
227723
227724
228242
228243
228244
228245
228246
228247
228776
228777
228778
228779
228780
228781
228782
229300
229302
229303
229304
229305
229306
229832
229833
229834
229835
229836
229837
230379
230380
230381
230382
230909
230910
230911
230912
230913
231464
231465
231466
232023
232024
232586
233187
233188
233764
233765
233766
233767
233768
234310
234311
234312
234313
234314
234315
234316
234317
234318
234319
234860
234861
234862
234863
234864
234865
234866
234867
234870
235415
235416
235417
235418
235419
235420
235421
235422
235423
235424
235425
235986
235987
235988
235989
235990
235991
235992
235993
236589
236590
236592
236594
236595
236596
237212
237213
237214
237215
237216
237219
237834
237838
238439
238440
238441
238442
238443
238444
239045
239046
239047
239048
239049
239050
239051
239678
239679
239680
239681
239682
239683
239684
239685
240305
240306
240307
240308
240309
240311
240889
240890
240891
240892
241454
241455
241456
241457
242038
242039
242040
242041
242042
242043
242044
242045
242625
242626
242627
242628
242629
242630
242631
242632
243218
243219
243220
243221
243222
243223
243224
243225
243821
243822
243823
243824