190462
190463
190464
190465
191025
191026
191027
191028
191029
191587
191593
191594
191595
191596
191597
191598
192157
192158
192160
192161
192162
192163
192164
192165
192711
192713
192714
192715
192719
192720
192721
192722
192723
192724
193258
193259
193260
193261
193262
193263
193268
193269
193270
193271
193272
193273
193274
193800
193801
193802
193803
193804
193805
193806
193807
193808
193809
193810
193811
193813
193814
194366
194367
194368
194369
194370
194371
194372
194375
194377
194936
194937
194938
194939
194940
194941
194942
194943
194944
194945
195472
195473
195476
195479
195480
195481
195482
196009
196010
196011
196012
196017
196018
196019
196020
196021
196022
196023
196024
196535
196536
196537
196538
196539
196540
196541
196542
197057
197058
197059
197060
197061
197062
197063
197064
197575
197576
197577
197578
197579
197580
197581
197582
198138
198139
198140
198141
198142
198143
198691
198692
198693
198694
198695
198696
199289
199290
199291
199292
199293
199882
199883
199884
199885
199886
199887
199888
199889
200475
200476
200477
200478
200479
200480
200481
200482
201038
201039
201040
201041
201042
201043
201044
201045
201046
201047
201048
201049
201592
201593
201594
201595
201596
201597
201598
201599
201600
201601
201603
201604
202164
202165
202166
202167
202168
202169
202170
202171
202174
202175
202747
202748
202749
202750
202751
202752
202753
202754
202758
203319
203320
203321
203322
203323
203324
203325
203326
203327
203328
203889
203890
203891
203892
203893
203894
203895
203896
203897
203898
203899
203900
203901
204447
204448
204449
204450
204451
204452
204454
204455
204456
204457
204458
204459
204995
204996
204997
204998
204999
205000
205001
205005
205006
205540
205541
205544
205545
205546
205547
205548
205549
205550
205551
205552
205556
205557
205558
206093
206094
206095
206096
206097
206098
206099
206100
206101
206102
206103
206104
206105
206108
206649
206650
206651
206652
206653
206654
206655
206656
206657
206658
206659
206660
206661
206662
206663
207196
207197
207198
207199
207200
207201
207202
207203
207204
207205
207206
207207
207208
207209
207210
207211
207733
207734
207735
207736
207737
207738
207739
207740
207741
207742
207743
207744
207745
207746
207747
207748
208241
208242
208243
208244
208245
208246
208247
208248
208249
208250
208251
208252
208253
208254
208255
208256
208257
208258
208748
208749
208750
208751
208752
208753
208754
208755
208756
208757
208758
208759
208760
208761
208762
208763
208764
209245
209246
209247
209248
209249
209250
209251
209252
209253
209254
209255
209726
209727
209728
209734
209735
210210
210211
210212
210213
210219
210220
210702
210703
210704
210705
210706
210707
210713
210714
211238
211239
211240
211241
211242
211247
211248
211765
211766
211767
211768
211769
211773
211774
211775
211776
212282
212283
212285
212286
212290
212291
212292
212792
212793
212794
212795
212797
212798
212799
212800
212801
212802
212803
213313
213314
213315
213316
213319
213320
213321
213322
213323
213325
213326
213847
213848
213849
213850
213851
213852
213853
213854
213857
213858
213859
213860
213861
213862
213863
214403
214404
214405
214406
214407
214408
214409
214412
214413
214414
214415
214416
214417
214418
214976
214977
214978
214979
214980
214981
214982
214985
214986
214987
214988
214989
215543
215544
215545
215546
215547
215548
215549
215550
215551
215552
215553
215554
215555
216111
216112
216115
216116
216117
216119
216120
216121
216122
216123
216124
216681
216682
216683
216684
216685
216686
216687