201020
201573
202142
202143
202144
202725
202726
202727
202728
202729
202730
202731
203296
203297
203298
203299
203300
203301
203302
203303
203304
203305
203869
203870
203871
203872
203873
203874
203875
204424
204425
204426
204427
204428
204429
204430
204974
204975
204976
204977
204978
204979
204980
204981
205519
205524
205525
205526
205527
205528
205529
205530
205531
206071
206076
206077
206078
206079
206080
206081
206082
206083
206084
206085
206086
206627
206629
206630
206631
206632
206633
206634
206635
206636
206637
206638
206639
207169
207170
207171
207172
207173
207174
207175
207176
207177
207178
207179
207180
207181
207182
207183
207707
207708
207709
207710
207711
207712
207713
207714
207715
207716
207717
207718
207719
207720
207721
207722
207723
208219
208220
208221
208222
208223
208224
208225
208226
208227
208228
208229
208230
208725
208726
208727
208728
208730
208731
208732
208733
208734
208735
208736
209228
209229
209230
209231
209232
209233
209234
209235
209707
209708
209709
209710
209711
209712
209713
209714
209715
209716
210198
210199
210201
210202
210203
210204
210205
210206
210207
210687
210688
210689
210690
210691
210692
210693
210694
210695
210696
210697
210698
210699
210700
211227
211228
211229
211230
211231
211232
211233
211234
211235
211236
211237
211751
211752
211753
211754
211755
211756
211757
211758
211759
211760
211761
212262
212263
212264
212265
212266
212267
212268
212269
212270
212271
212272
212273
212274
212275
212276
212773
212774
212775
212776
212777
212778
212779
212780
212781
212782
212783
212784
212785
212786
212787
212788
213299
213300
213301
213302
213303
213304
213305
213306
213307
213308
213309
213310
213311
213312
213838
213839
213840
213841
213842
213843
213844
213845
213846
214393
214394
214395
214396
214397
214398
214399
214400
214401
214402
214963
214964
214965
214966
214967
214968
214969
214970
214971
214972
214973
215533
215534
215535
215536
215537
215538
215539
215540
215541
216100
216101
216102
216103
216104
216106
216107
216108
216671
216677
216678
217228
217229
217232
217233
217240
217791
217792
217793
217794
217795
217796
217797
217798
217799
217800
217802
217803
217804
218344
218345
218346
218347
218348
218349
218350
218351
218352
218353
218354
218355
218356
218357
218358
218359
218360
218361
218896
218897
218898
218900
218901
218902
218903
218904
218905
218906
218907
218908
218909
218910
218911
218912
218913
218914
218915
218916
218917
218918
218919
219412
219413
219414
219415
219416
219417
219418
219419
219420
219421
219422
219423
219424
219425
219426
219427
219428
219429
219431
219947
219952
219953
219954
219955
219956
219957
219958
219960
219961
219963
219964
220506
220507
220510
220511
220512
220513
220514
220515
220516
220517
220519
220520
220525
221074
221075
221076
221079
221080
221081
221082
221083
221084
221641
221642
221643
221644
221645
222173
222174
222175
222176
222695
222696
222697
222698
222699
222700
223206
223207
223208
223209
223210
223735
223736
223737
223738
224273
224274
224275
224276
224775
224776
225280
225281
225282
225283
225799
225800
225801
225802
225803
225804
225805
226300
226301
226302
226303
226304
226305
226306
226307
226308
226819
226820
226821
226822
226823
226824
226825
226826
226827
226828
226829
226830
227313
227314
227315
227316
227317
227318
227319
227320
227321
227322
227820
227821
227822
227823
227824
227825
227826
227827
228336
228337
228338
228339
228340
228860
228861
228862
229373
229374
229375
229908
229909
229910
230449
230450
230451
230452