263235
263236
263237
263238
263840
263841
264455
264456
264457
265081
265082
265083
265718
265719
265720
265721
265722
266345
266346
266347
266348
266349
266350
266351
266947
266948
266949
266950
266951
266952
266953
266954
266955
266956
266957
266958
266959
266960
266961
266962
266963
266964
267560
267561
267562
267563
267564
267565
267566
267567
267568
267569
267570
267571
267572
267573
268191
268192
268193
268194
268195
268196
268197
268198
268199
268200
268201
268202
268203
268204
268205
268206
268816
268817
268818
268819
268820
268821
268822
268823
268824
268825
268826
268827
268828
268829
268830
269436
269437
269438
269439
269440
269441
269442
269443
269444
269445
269446
269447
269448
269449
269450
269451
269452
270079
270080
270081
270082
270083
270084
270085
270086
270087
270088
270089
270090
270091
270092
270093
270094
270095
270719
270720
270721
270722
270723
270724
270725
270726
270727
270728
270729
270730
270731
270732
270733
270734
271370
271371
271372
271373
271374
271375
271376
271377
271378
271379
271380
271381
271382
271383
271384
271385
271386
271387
272025
272026
272027
272028
272029
272030
272031
272032
272033
272034
272035
272036
272037
272038
272039
272040
272669
272670
272671
272672
272673
272674
272675
272676
272677
272678
272679
272680
272681
272682
272683
272684
272685
273318
273319
273320
273321
273322
273323
273324
273325
273326
273327
273328
273329
273330
273331
273332
273333
273334
273335
273336
273337
273338
273339
273340
273976
273977
273978
273979
273980
273981
273982
273983
273984
273985
273986
273987
273988
273989
273990
273991
273992
273993
273994
273995
273996
273997
274618
274619
274620
274621
274622
274623
274624
274625
274626
274627
274628
274629
274630
274631
274632
274633
274634
274635
274636
274637
274638
274639
274640
274641
274642
274643
274644
274645
274646
274647
274650
275243
275244
275245
275246
275247
275248
275249
275250
275251
275252
275253
275254
275255
275256
275257
275258
275259
275260
275261
275262
275263
275264
275265
275266
275267
275268
275269
275270
275271
275272
275273
275274
275275
275276
275277
275278
275883
275884
275885
275886
275887
275888
275889
275890
275891
275892
275893
275894
275895
275896
275897
275898
275899
275900
275901
275902
275903
275904
275905
275906
275907
275908
275909
275910
275911
275912
275913
275914
275915
275916
276532
276533
276534
276535
276536
276537
276538
276539
276540
276541
276542
276543
276544
276545
276546
276547
276548
276549
276550
276551
276552
276553
276554
276555
276556
276557
276558
276559
276560
276561
276562
276563
276564
276565
276566
277152
277153
277154
277155
277156
277157
277158
277159
277160
277161
277162
277163
277164
277165
277166
277167
277168
277169
277170
277171
277172
277173
277174
277175
277176
277177
277178
277179
277770
277771
277772
277773
277774
277775
277776
277777
277778
277779
277780
277781
277782
277783
277784
277785
277786
277787
277788
277789
277790
277791
277792
277793
277794
277795
277796
277797
278386
278387
278388
278389
278390
278391
278392
278393
278394
278395
278396
278397
278398
278399
278400
278401
278402
278403
278404
278405
278406
278407
278408
278989
278990
278991
278992
278993
278994
278995
278996
278997
278998
278999
279000
279001
279003
279004
279005
279609
279610
279611
279612
279613
279614
279615
279616
279621
280213
280214
280215
280216
280217
280218
280219
280224
280225
280809
280810
280811
280812
280813
280814
280817
280818
281397
281398
281399
281400
281401
282000
282001
282002
282587
282588