278419
278420
278424
278425
279013
279016
279017
279018
279019
279020
279021
279022
279023
279024
279025
279632
279633
279634
279635
279636
279637
279638
279639
279640
279641
279642
279643
279644
279645
279646
280235
280236
280237
280238
280239
280240
280241
280242
280243
280244
280245
280246
280247
280248
280249
280250
280254
280255
280256
280257
280258
280830
280831
280832
280833
280834
280835
280836
280837
280838
280839
280840
280841
280842
280843
280844
280846
280847
280848
280849
280850
280851
280852
280853
280854
280855
281416
281417
281418
281419
281420
281421
281422
281423
281424
281425
281426
281427
281428
281429
281430
281431
281432
281434
281435
281436
281437
281438
281439
281440
281441
281442
281443
281444
281445
282021
282022
282023
282024
282025
282026
282027
282028
282029
282030
282031
282032
282033
282034
282035
282036
282037
282038
282039
282040
282041
282042
282043
282607
282608
282609
282610
282611
282612
282613
282614
282615
282616
282617
282618
282619
282620
282621
282622
282623
282624
282625
282626
282627
282628
282629
282630
282631
282632
283206
283207
283208
283209
283210
283211
283212
283213
283214
283215
283216
283217
283218
283219
283220
283221
283222
283223
283224
283225
283226
283227
283228
283229
283230
283231
283232
283815
283816
283817
283818
283819
283820
283821
283822
283823
283824
283825
283826
283827
283828
283829
283830
283831
283832
283833
283834
283835
283836
283837
283838
283839
283840
283841
284432
284433
284434
284435
284436
284437
284438
284439
284440
284441
284442
284443
284444
284445
284446
284447
284448
284449
285039
285040
285041
285042
285043
285044
285045
285046
285047
285048
285049
285050
285051
285052
285053
285054
285055
285056
285057
285609
285616
285617
285618
285619
285620
285621
285622
285623
285624
285625
285626
285627
285628
285629
285630
285631
285632
285633
285634
285635
286150
286151
286156
286157
286158
286159
286160
286161
286162
286163
286164
286165
286166
286167
286168
286169
286170
286171
286172
286173
286175
286176
286674
286675
286676
286677
286678
286679
286680
286681
286684
286685
286686
286687
286688
286689
286690
286691
286692
286693
286694
286695
286696
286700
286701
287190
287191
287192
287193
287194
287195
287196
287197
287198
287199
287201
287203
287204
287205
287206
287207
287702
287703
287704
287705
287706
287707
287708
287709
287710
287711
287717
287718
287719
287720
287721
287722
288229
288230
288231
288232
288233
288234
288235
288236
288237
288238
288239
288242
288243
288244
288245
288246
288754
288755
288756
288757
288758
288759
288760
288761
288765
288766
288767
288768
289243
289244
289247
289254
289258
289259
289260
289261
289262
289263
289715
289716
289717
289718
289726
289727
289728
289729
289730
289731
289732
289733
289734
289735
289736
289737
289738
289739
290224
290225
290226
290227
290228
290229
290230
290231
290232
290233
290234
290235
290236
290237
290716
290717
290718
290719
290720
290721
290722
290723
290724
290725
290726
290727
290728
291184
291185
291186
291187
291188
291189
291190
291191
291192
291193
291194
291195
291653
291654
291655
291656
291657
291658
291659
291660
291661
291662
291663
292141
292142
292143
292144
292145
292146
292147
292148
292149
292150
292151
292641
292642
292643
292647
292648
292649
292650
292651
293147
293148
293149
293150
293151
293152
293155
293156
293157
293158
293649
293650
293651
293652
293653
293654
293655
293659
293660
294153
294154
294155
294157
294158
294164
294165
294641
294642
294652
294653
295117
295118