160818
161274
161739
161740
161741
161742
162222
162223
162224
162225
162226
162227
162228
162234
162235
162703
162704
162705
162706
162707
162709
162713
162714
162715
162716
162717
163152
163153
163154
163155
163156
163157
163158
163161
163162
163163
163168
163169
163170
163593
163594
163595
163596
163597
163598
163599
163600
163601
163602
163603
163611
163614
163615
163616
163617
164033
164034
164035
164036
164037
164038
164039
164040
164041
164042
164043
164044
164045
164046
164047
164048
164049
164055
164056
164057
164058
164059
164060
164061
164483
164484
164485
164486
164487
164488
164489
164490
164491
164492
164493
164494
164495
164496
164497
164498
164506
164507
164508
164509
164510
164967
164968
164969
164970
164971
164972
164973
164974
164975
164976
164977
164978
164979
164980
164981
164982
164983
164984
164985
164986
164987
164988
164989
164992
164993
164994
164995
164996
164997
164998
165447
165449
165450
165451
165452
165453
165454
165455
165456
165457
165458
165459
165460
165461
165463
165464
165465
165466
165467
165468
165469
165470
165471
165472
165473
165474
165922
165923
165924
165925
165926
165927
165928
165929
165930
165931
165932
165933
165939
165940
165941
165942
165943
165944
165945
165946
165947
165948
165949
166409
166410
166411
166412
166413
166414
166415
166416
166417
166418
166419
166420
166421
166422
166428
166429
166430
166431
166432
166433
166434
166435
166436
166889
166890
166891
166892
166893
166894
166895
166896
166897
166898
166899
166900
166901
166902
166903
166904
166905
166906
166914
166915
166916
166917
166918
166919
166920
166921
166922
167382
167383
167384
167385
167386
167387
167388
167389
167390
167391
167392
167393
167394
167395
167396
167397
167398
167399
167400
167401
167402
167403
167404
167405
167411
167412
167413
167414
167415
167416
167417
167418
167419
167904
167905
167906
167907
167908
167909
167910
167911
167912
167913
167914
167915
167916
167917
167918
167919
167920
167921
167922
167923
167924
167925
167927
167928
167929
167930
167931
167932
167933
167934
168431
168432
168433
168434
168435
168436
168437
168438
168439
168440
168441
168442
168443
168444
168445
168446
168447
168448
168449
168450
168451
168452
168453
168454
168456
168457
168458
168945
168946
168947
168948
168949
168950
168951
168952
168955
168956
168957
168958
168959
168960
168961
168962
168964
169460
169461
169462
169463
169464
169465
169468
169469
169470
169471
169472
169975
169976
169977
169978
169982
169983
169986
169990
170500
170501
170502
170507
170508
170512
171050
171054
171055
171056
171565
171566
171567
171568
171569
171571
171572
171573
171574
171575
171576
171577
172086
172087
172088
172089
172090
172091
172092
172093
172094
172095
172096
172596
172599
172600
172601
172602
172603
172605
172606
172607
172608
172609
173103
173104
173106
173107
173108
173109
173110
173111
173114
173115
173116
173622
173623
173627
173628
173629
173630
173633
173634
173635
174145
174146
174147
174148
174149
174150
174151
174152
174153
174156
174157
174158
174159
174160
174688
174689
174690
174691
174692
174693
174694
174695
174700
174701
174702
174703
175215
175216
175217
175218
175219
175220
175222
175223
175228
175229
175230
175231
175748
175750
175751
175752
175753
175754
175755
175762
175763
176343
176344
176345
176346
176347
176355
176964
176965
176966
176967
177612
177613
177614
177615
177616
177617
178258
178259
178260
178261
178901
178902
178903
178904
178905
178906
179553
179554
179555
179556
179557
180197
180198
180857