119203
119204
119754
119755
119756
119757
120306
120307
120308
120309
120310
120311
120312
120313
120844
120845
120846
120847
120848
120849
120850
120851
120852
120854
121375
121376
121377
121378
121379
121380
121381
121382
121383
121384
121385
121386
121897
121898
121899
121900
121901
121902
121903
121904
121905
121906
121907
121908
121909
122405
122406
122407
122408
122409
122410
122411
122412
122413
122414
122415
122416
122417
122418
122419
122420
122421
122422
122935
122936
122937
122938
122939
122940
122941
122942
122943
122944
122945
122946
122947
122948
122949
122950
122951
122952
122953
123485
123486
123487
123488
123489
123490
123491
123492
123493
123494
123495
123496
123497
123498
123499
123500
123501
123502
123503
123504
123508
124057
124058
124059
124060
124061
124062
124063
124064
124065
124066
124067
124068
124069
124070
124071
124072
124073
124074
124075
124076
124077
124078
124079
124080
124624
124625
124626
124627
124629
124630
124631
124632
124633
124634
124635
124636
124637
124638
124639
124640
124642
124643
124644
124645
124646
124647
125183
125184
125187
125188
125189
125190
125191
125198
125199
125200
125201
125202
125203
125204
125205
125206
125207
125208
125209
125210
125211
125212
125213
125745
125746
125747
125756
125757
125758
125759
125760
125761
125762
125763
125764
125765
125766
125767
125768
125769
125770
125771
125772
125773
126285
126286
126287
126288
126289
126290
126291
126292
126301
126302
126303
126305
126306
126307
126308
126309
126310
126311
126312
126313
126314
126315
126317
126318
126319
126320
126837
126838
126839
126840
126847
126848
126853
126854
126855
126856
126857
126858
126859
126860
126861
126862
126863
126866
126867
127380
127381
127382
127383
127384
127397
127398
127399
127400
127401
127402
127403
127404
127911
127912
127913
127914
127915
127916
127917
127918
127919
127920
127921
127923
128424
128425
128426
128427
128428
128429
128430
128431
128432
128433
128434
128917
128918
128921
128922
128923
128924
128925
129432
129433
129434
129435
129436
129437
129438
129439
129440
129441
129954
129955
129956
129957
129958
129959
129960
129961
129962
130469
130470
130471
130472
130473
130474
130475
130476
130477
130982
130983
130984
130985
130986
130987
130988
130989
130990
130991
130992
130993
131496
131497
131498
131499
131500
131501
131502
131503
131504
131505
131506
131507
132019
132020
132021
132022
132023
132024
132025
132026
132027
132028
132029
132030
132546
132547
132548
132549
132550
132551
132552
132553
132554
132555
133081
133083
133084
133085
133086
133088
133089
133090
133091
133092
133093
133094
133095
133638
133639
133640
133641
133642
133643
133644
133645
133646
133647
133648
133649
133650
133651
133652
133653
133654
133655
134216
134217
134218
134219
134220
134221
134222
134223
134224
134225
134228
134229
134230
134231
134232
134233
134234
134235
134804
134805
134806
134807
134808
134809
134810
134811
134817
134818
134819
134820
134821
134822
134823
134824
135417
135418
135419
135420
135421
135426
135431
135432
135433
136017
136018
136019
136020
136021
136022
136023
136024
136025
136624
136625
136626
136627
136628
136629
136630
136631
136633
137216
137217
137218
137219
137220
137221
137222
137223
137224
137225
137226
137785
137786
137787
137788
137789
137790
137791
137792
137793
137794
137795
138373
138374
138375
138376
138377
138378
138379
138380
138381
138960
138961
138962
138963
138964
138965
138966
138967
138968
139574
139575
139576
140190
140191
140192
140193
140795
140796