34089
34602
34603
34604
34605
35133
35641
36137
36138
36616
36617
36618
37084
37085
37086
37556
37557
37558
37559
37560
37561
38043
38044
38045
38046
38552
38553
38554
38555
39061
39062
39063
39573
39581
39582
39583
39586
39587
39588
39589
40099
40100
40101
40102
40103
40104
40115
40116
40117
40118
40121
40122
40123
40124
40618
40629
40630
40631
40632
40633
40634
40635
40647
40648
40649
40650
40651
40652
40653
40655
41145
41146
41147
41148
41155
41159
41160
41161
41162
41163
41164
41172
41173
41174
41175
41176
41177
41178
41179
41180
41713
41714
41715
41716
41717
41723
41724
41725
41726
41727
41728
41729
41730
41731
41733
41738
41739
41740
41741
41742
41743
41744
41745
41746
42287
42288
42289
42292
42293
42294
42295
42296
42298
42299
42300
42301
42302
42303
42304
42305
42306
42307
42308
42309
42310
42311
42312
42313
42314
42315
42316
42317
42318
42319
42320
42321
42322
42861
42862
42863
42864
42865
42866
42867
42868
42869
42870
42872
42873
42874
42875
42876
42877
42878
42879
42880
42881
42882
42883
42884
42885
42886
42887
42888
42889
42890
42891
42892
42893
42894
42895
42896
42897
42898
42899
42900
42901
42902
42903
42904
43424
43425
43426
43427
43428
43429
43430
43431
43432
43433
43434
43435
43437
43438
43439
43440
43441
43442
43443
43444
43445
43446
43447
43448
43449
43450
43451
43452
43453
43454
43455
43456
43457
43458
43459
43460
43461
43462
43465
43466
43467
43468
43986
43987
43988
43989
43993
43994
43995
43996
43997
43998
43999
44000
44001
44002
44003
44004
44005
44006
44007
44008
44009
44010
44011
44012
44013
44014
44015
44016
44017
44018
44019
44020
44021
44022
44023
44024
44028
44029
44030
44031
44536
44537
44541
44542
44543
44544
44545
44546
44547
44548
44549
44550
44551
44552
44553
44554
44555
44556
44557
44558
44559
44560
44561
44562
44563
44564
44565
44566
44567
44568
44569
44570
44571
44572
44573
44574
44575
44580
44581
45065
45066
45067
45068
45069
45070
45071
45072
45073
45074
45075
45076
45077
45078
45079
45080
45081
45082
45083
45084
45085
45086
45087
45088
45089
45090
45091
45092
45093
45100
45101
45606
45607
45608
45609
45610
45611
45612
45613
45614
45615
45616
45617
45618
45619
45620
45621
45623
45624
45625
45628
45629
45632
46112
46113
46116
46117
46118
46119
46120
46121
46122
46123
46126
46127
46128
46129
46130
46131
46132
46133
46134
46135
46136
46139
46140
46141
46142
46143
46623
46624
46627
46631
46636
46637
46638
46639
46640
46641
46642
46643
46644
46645
46646
46647
46648
47086
47087
47088
47101
47102
47103
47104
47105
47106
47107
47108
47109
47110
47111
47112
47546
47547
47548
47560
47561
47562
47563
47564
47565
47566
47568
47569
47570
47571
47982
47983
47984
47985
47986
48002
48003
48004
48005
48006
48007
48008
48010
48011
48012
48013
48014
48015
48455
48456
48457
48458
48459
48474
48475
48476
48477
48478
48479
48480
48482
48483
48484
48485
48486
48487
48488
48950
48951
48952
48953
48954
48955
48956
48957
48958
48959
48960
48961
49428
49429
49430
49431
49432
49433
49434
49435
49436
49437
49908
49909
49912
49913
50382