32625
33120
33121
33626
33627
33628
33629
34129
34130
34131
34132
34133
34644
34645
34646
34647
34648
34649
34650
34651
35174
35175
35176
35177
35178
35689
35690
35691
35692
35693
35694
35695
36186
36187
36188
36189
36190
36191
36192
36193
36195
36665
36666
36667
36668
36669
36670
36671
36672
36673
37129
37130
37131
37132
37133
37134
37135
37136
37137
37138
37139
37600
37601
37602
37603
37604
37605
37606
37607
37608
37609
37610
37611
37612
38078
38079
38080
38081
38082
38083
38084
38085
38086
38087
38088
38089
38590
38591
38592
38593
38594
38595
38596
38597
38598
38599
38600
38601
39084
39085
39097
39098
39099
39100
39101
39102
39103
39104
39105
39106
39107
39108
39609
39610
39611
39612
39613
39614
39615
39627
39628
39629
39630
39631
39632
39633
40141
40142
40143
40144
40145
40146
40147
40149
40150
40151
40152
40156
40157
40158
40159
40160
40161
40162
40163
40164
40165
40166
40167
40676
40677
40678
40679
40680
40681
40682
40683
40684
40689
40690
40691
40692
40693
40694
40695
40696
40697
40698
40699
40700
40701
40702
40703
40704
40705
40706
41209
41210
41211
41212
41213
41214
41216
41217
41218
41219
41222
41223
41224
41225
41226
41227
41228
41229
41230
41231
41232
41233
41234
41235
41236
41237
41238
41239
41240
41241
41773
41775
41776
41777
41778
41779
41780
41781
41782
41783
41784
41785
41786
41787
41788
41789
41790
41791
41792
41793
41794
41795
41796
41797
41798
41799
41800
41801
41802
41803
41804
41805
41806
42348
42349
42350
42351
42352
42353
42354
42355
42356
42357
42358
42359
42360
42361
42362
42363
42364
42365
42366
42367
42368
42369
42370
42371
42372
42373
42374
42375
42376
42377
42378
42379
42380
42381
42927
42928
42929
42930
42931
42932
42933
42934
42935
42936
42937
42938
42939
42940
42941
42942
42943
42944
42945
42946
42947
42948
42949
42950
42951
42952
42953
42954
42955
43486
43489
43490
43491
43492
43493
43494
43495
43496
43499
43500
43501
43502
43503
44051
44052
44053
44054
44055
44056
44057
44058
44059
44060
44061
44062
44063
44064
44065
44592
44594
44595
44596
44597
44598
44599
44600
44601
44602
44603
44604
44605
44606
44607
44608
44609
44610
45115
45116
45117
45118
45119
45120
45122
45123
45124
45125
45126
45127
45128
45129
45130
45131
45132
45133
45134
45135
45136
45648
45649
45653
45655
45656
45657
45658
45659
45660
45661
45662
45663
45664
45665
45666
46159
46160
46161
46165
46166
46167
46168
46169
46170
46171
46172
46173
46174
46175
46176
46177
46178
46179
46660
46661
46662
46666
46667
46668
46669
46670
46671
46672
46673
46674
46675
46676
46677
47127
47128
47129
47130
47131
47132
47133
47134
47135
47136
47137
47138
47141
47142
47588
47590
47591
47592
47593
47594
47595
47596
47597
47598
47599
47600
48037
48038
48039
48040
48041
48042
48043
48044
48509
48510
48511
48513
48514
48982
48983
48984
48985
48986
48987
49454
49455
49456
49457
49930
49931
49932
49933
49934
49935
50409
50889
50890
51351
51352
51353
51354
51355
51806
51807
51808
51809
51810
51811
52266
52267
52268
52269
52738
52739
52740
52741
52742
52743
53202
53203
53204