75122
75714
75715
76295
76296
76297
76866
76867
76868
76869
76870
77422
77423
77424
77425
77995
77996
77997
77998
77999
78000
78571
78572
78573
78574
78575
78576
78577
78578
78579
79171
79172
79173
79174
79175
79176
79177
79749
79750
79751
79752
79753
79754
80341
80342
80343
80928
80929
80930
80931
80932
80933
81477
81481
81482
81483
81484
81485
81486
81487
82046
82050
82055
82056
82057
82058
82059
82634
82635
82637
82638
82639
82640
82645
82646
82647
82648
82649
82650
83228
83229
83230
83231
83232
83233
83234
83235
83236
83243
83244
83245
83246
83786
83787
83788
83789
83790
83791
83792
83793
83794
83795
83796
83797
83799
83800
83801
83802
83803
83804
83805
83806
83807
83808
83809
83810
83811
84353
84354
84355
84356
84357
84358
84359
84361
84363
84364
84365
84366
84367
84368
84369
84370
84371
84372
84373
84374
84375
84376
84377
84929
84930
84931
84932
84933
84934
84935
84936
84937
84938
84939
84940
84941
84942
84943
84944
84945
84946
84947
84948
84949
84950
84951
85504
85505
85506
85507
85508
85509
85510
85511
85512
85513
85514
85515
85516
85517
85518
85519
85520
85521
85522
85523
85524
85525
85526
85527
86071
86072
86073
86074
86075
86076
86077
86078
86080
86081
86082
86083
86084
86085
86086
86087
86088
86089
86090
86091
86092
86093
86633
86634
86635
86636
86637
86638
86639
86640
86641
86642
86643
86644
86645
86646
86647
86648
86649
86650
86651
86652
86653
86654
86655
87192
87193
87194
87195
87196
87197
87198
87199
87200
87201
87202
87203
87204
87205
87206
87207
87721
87722
87723
87724
87725
87726
87727
87728
87729
87730
87731
87732
87733
87734
87735
87736
88244
88245
88246
88247
88248
88249
88250
88251
88252
88253
88254
88255
88256
88780
88781
88782
88783
88784
88785
88786
88787
88788
89298
89299
89300
89301
89302
89303
89304
89829
89830
89831
89832
89833
89834
89835
89836
89837
89838
89839
89840
89841
90351
90352
90353
90354
90355
90356
90357
90358
90359
90360
90361
90362
90363
90364
90365
90899
90900
90901
90902
90903
90904
90905
90906
90907
90908
90909
90910
90911
90912
90913
90914
90915
90916
90917
90918
90919
91461
91462
91463
91464
91465
91466
91467
91468
91469
91470
91471
91472
91473
91474
91475
91476
91477
91478
91479
91480
91481
91482
91483
91484
92024
92025
92026
92027
92028
92029
92030
92031
92032
92033
92034
92035
92036
92037
92038
92039
92040
92041
92042
92043
92044
92045
92598
92599
92600
92601
92602
92603
92604
92605
92606
92607
92608
92609
92610
92611
92612
92613
92614
92615
92616
92617
92618
92619
92620
92621
93185
93186
93187
93188
93189
93190
93191
93192
93193
93194
93195
93196
93197
93198
93199
93200
93201
93202
93203
93204
93205
93206
93207
93806
93807
93808
93809
93810
93812
93813
93814
93815
93816
93817
93818
93819
93820
93821
93822
93823
93824
93825
94426
94427
94428
94429
94430
94431
94434
94435
94436
94440
94441
94442
94443
95037
95038
95039
95040
95045
95046
95047
95048
95049
95050
95057
95058
95059
95682
95683
95684
95685
95696
96324
96325
96326
96327
96328
96329
96973
96974
96975
96976
96977
96978
96979
97612
97613