17748
17749
17750
18288
18289
18290
18291
18292
18293
18294
18295
18296
18828
18829
18830
18831
18832
18833
18834
18835
18836
18837
18839
18840
18841
18842
19373
19374
19375
19376
19377
19378
19379
19380
19381
19382
19383
19384
19385
19386
19387
19388
19389
19390
19925
19926
19927
19928
19929
19930
19931
19932
19933
19934
19935
19937
19938
19939
20482
20483
20484
20485
20486
20487
20488
20489
20490
20491
20492
20493
20494
20495
20496
21039
21040
21041
21042
21043
21044
21045
21046
21047
21048
21049
21050
21051
21052
21053
21054
21581
21582
21583
21584
21585
21586
21587
21588
21589
21590
21591
21592
21593
21594
21595
21596
22113
22114
22115
22116
22117
22118
22119
22120
22121
22122
22123
22124
22125
22126
22650
22651
22652
22653
22654
22655
22656
22657
22658
22659
22660
22661
23176
23177
23178
23179
23180
23181
23182
23183
23184
23185
23705
23706
23707
23708
23709
23710
23711
23712
23713
23714
24227
24228
24229
24230
24231
24232
24233
24234
24235
24236
24715
24716
24717
24718
24719
24720
24721
24722
24723
24724
24725
24726
25211
25212
25213
25214
25215
25216
25217
25218
25219
25706
25713
25714
25715
25716
25717
25718
25719
25720
25721
25722
26194
26198
26199
26200
26201
26202
26203
26204
26205
26206
26207
26208
26209
26210
26211
26212
26697
26698
26699
26700
26701
26702
26704
26705
26706
26707
26708
26709
26710
26711
26712
26713
26714
26715
27176
27177
27178
27179
27180
27181
27183
27184
27185
27186
27187
27188
27189
27190
27191
27192
27193
27194
27195
27682
27683
27684
27685
27687
27688
27689
27690
27691
27692
27693
27694
27696
27697
27698
28195
28196
28197
28198
28199
28200
28201
28202
28203
28204
28205
28206
28207
28208
28209
28211
28212
28213
28672
28673
28674
28675
28676
28677
28678
28679
28680
28681
28682
28683
28684
28685
28686
28687
28688
28689
28690
28691
28692
29141
29142
29143
29144
29145
29146
29147
29148
29149
29150
29151
29152
29153
29154
29155
29156
29157
29158
29159
29160
29616
29617
29618
29621
29622
29623
29624
29625
29627
29628
29629
29630
29631
29632
29633
29634
30084
30085
30090
30091
30094
30095
30096
30097
30098
30099
30100
30101
30102
30103
30104
30105
30106
30107
30108
30577
30578
30586
30587
30588
30589
30590
30592
30593
30594
30595
30596
30597
30598
30599
30600
30601
31078
31079
31080
31084
31085
31086
31087
31088
31089
31091
31092
31093
31094
31095
31096
31097
31098
31099
31100
31101
31102
31103
31583
31584
31586
31587
31588
31589
31590
31591
31592
31593
31594
31595
31596
31600
31601
31602
31603
31604
31605
31606
31607
31608
31609
31610
31611
32104
32105
32106
32107
32108
32109
32110
32111
32112
32113
32114
32115
32116
32117
32118
32119
32120
32122
32123
32124
32125
32126
32127
32128
32129
32130
32131
32132
32133
32134
32636
32637
32638
32639
32642
32643
32644
32645
32646
32647
32648
32649
32650
32651
32652
32656
32662
32663
32664
33133
33134
33135
33136
33139
33140
33141
33142
33143
33144
33145
33147
33148
33642
33643
33647
33648
33649
33650
33656
33657
34147
34148
34152
34153
34154
34155
34663
34668
34669
35194
35712