301903
302420
302421
302428
302429
302430
302431
302960
302961
302962
302964
302965
302966
302967
302969
302970
303503
303504
303505
303506
303507
303508
303509
303510
303511
303512
304049
304050
304051
304052
304053
304054
304055
304056
304057
304058
304059
304597
304598
304601
304602
304603
304604
304605
304606
304607
304608
304609
304610
304611
305145
305147
305148
305149
305150
305151
305152
305153
305154
305155
305156
305157
305158
305159
305160
305691
305692
305693
305695
305696
305697
305698
305699
305700
305701
305703
305704
305705
305706
305707
305708
305709
305713
305714
306260
306261
306262
306263
306264
306265
306266
306267
306268
306272
306275
306276
306277
306278
306279
306280
306807
306808
306809
306810
306811
306812
306813
306814
306815
306816
306819
306820
306822
306823
306824
306825
306826
306827
306828
307364
307365
307370
307371
307372
307373
307374
307375
307376
307378
307379
307380
307381
307382
307383
307384
307385
307386
307904
307908
307909
307910
307911
307912
307913
307914
307915
307916
307917
307918
307919
307920
308453
308454
308456
308457
308458
308460
308461
308463
308464
308465
308466
308467
308468
308469
308470
309003
309004
309005
309006
309007
309008
309009
309011
309012
309013
309014
309015
309016
309017
309018
309019
309546
309547
309548
309551
309552
309553
309554
309555
309556
309557
309558
310085
310086
310087
310088
310089
310090
310091
310092
310093
310094
310095
310096
310097
310098
310099
310637
310638
310639
310640
310641
310642
310643
310644
310645
310646
310647
310648
310649
310650
310651
310652
310653
310654
310655
311174
311175
311176
311178
311179
311180
311181
311182
311183
311184
311185
311186
311187
311188
311189
311190
311191
311192
311193
311717
311718
311724
311725
311726
311727
311728
311729
311730
311731
311732
311733
311734
311735
311736
312243
312244
312249
312250
312251
312252
312253
312254
312255
312256
312257
312258
312259
312260
312742
312748
312749
312750
312751
312752
312753
312754
312755
312756
312757
312758
313219
313220
313221
313222
313223
313224
313225
313226
313696
313697
313698
313699
313700
313701
313702
314157
314158
314159
314160
314161
314617
314619
314620
315059
315060
315061
315062
315063
315064
315065
315066
315067
315504
315505
315506
315507
315508
315509
315510
315511
315512
315513
315514
315515
315516
315517
315518
315522
315970
315971
315972
315973
315974
315975
315976
315977
315978
315979
315980
315981
315983
315987
316431
316432
316433
316434
316435
316436
316437
316438
316439
316440
316441
316442
316443
316444
316445
316446
316447
316450
316451
316452
316889
316890
316891
316892
316893
316894
316895
316896
316897
316898
316899
316900
316901
316902
316903
316904
316905
316906
316911
316912
316913
316914
317375
317376
317377
317378
317379
317380
317381
317382
317383
317384
317385
317386
317387
317388
317389
317390
317391
317392
317400
317862
317863
317864
317865
317866
317867
317868
317869
317870
317871
317872
317873
317874
317875
317876
317877
317878
317884
317885
317886
318367
318368
318369
318370
318371
318372
318373
318375
318376
318377
318378
318379
318380
318381
318382
318383
318384
318385
318386
318387
318388
318390
318391
318392
318393
318884
318885
318886
318887
318888
318889
318890
318892
318893
318894
318895
318896
318897
318898
318899
318900
318901
318902
318903
318904
319374
319375
319376
319377
319385
319386
319387
319391
319392
319393
319394
319395
319396
319397
319398
319863
319864
319865
319878
319882
320352
320353
320354
320828
320829