165466
165467
165942
165943
165944
165945
166430
166431
166432
166433
166434
166435
166436
166437
166915
166916
166917
166918
166919
166920
166921
166922
167413
167414
167415
167416
167417
167418
167419
167423
167927
167929
167930
167931
167932
167933
167934
167935
167936
167937
167938
167939
168451
168452
168453
168454
168455
168456
168457
168458
168459
168460
168461
168462
168463
168464
168465
168466
168467
168468
168965
168966
168967
168968
168969
168970
168971
168972
168973
168974
168975
168976
168977
168978
169479
169480
169481
169482
169483
169484
169485
169486
169487
169488
169489
169490
169491
169492
169996
169997
169998
169999
170000
170001
170002
170003
170004
170005
170006
170007
170523
170524
170525
170526
170527
170528
170529
170530
170531
170532
170533
170534
171073
171074
171075
171076
171077
171078
171079
171080
171081
171082
171083
171084
171593
171594
171595
171596
171597
171598
171599
171600
171601
171602
171603
171604
171605
171607
171608
172114
172115
172116
172117
172118
172119
172120
172121
172122
172123
172124
172125
172126
172127
172128
172129
172132
172133
172134
172135
172628
172629
172630
172631
172632
172633
172634
172635
172636
172637
172638
172639
172640
172642
172643
172644
172645
173130
173131
173132
173133
173134
173135
173136
173137
173138
173139
173140
173141
173142
173143
173144
173145
173146
173147
173148
173149
173150
173151
173152
173651
173652
173653
173654
173655
173656
173657
173658
173659
173660
173661
173662
173663
173664
173665
173666
173667
173668
173669
173670
173671
173672
173673
173674
174173
174174
174175
174176
174177
174178
174179
174180
174181
174182
174183
174184
174185
174186
174187
174188
174189
174190
174191
174192
174193
174194
174195
174196
174197
174198
174199
174200
174201
174202
174720
174721
174722
174723
174724
174725
174726
174727
174728
174729
174730
174731
174732
174733
174734
174735
174736
174737
174738
174739
174740
174741
174742
174743
175245
175246
175247
175248
175249
175250
175251
175252
175253
175254
175255
175256
175257
175258
175259
175260
175261
175262
175263
175264
175265
175777
175778
175779
175781
175782
175783
175784
175785
175786
175787
175788
175789
175790
175791
175792
175793
175794
176371
176372
176373
176374
176375
176376
176377
176378
176379
176380
176381
176382
176383
176384
176385
176386
176387
176388
176389
176989
176990
176991
176992
176994
176995
176996
176997
176998
176999
177000
177001
177002
177003
177004
177005
177006
177641
177642
177643
177644
177645
177646
177647
177648
177649
177650
177651
177652
177653
177654
177655
177656
177657
177658
178289
178290
178291
178292
178293
178294
178295
178296
178297
178298
178302
178303
178304
178305
178306
178307
178308
178309
178310
178930
178931
178932
178933
178935
178936
178938
178944
178945
178946
178947
179579
179580
179581
179592
179593
179594
179595
179596
179597
179598
179599
180216
180217
180218
180230
180231
180232
180233
180234
180235
180236
180882
180893
180894
180895
180896
180897
180898
180899
180900
180901
180902
181571
181572
181573
181574
181575
181576
181577
181578
181579
182235
182236
182237
182238
182239
182240
182241
182242
182243
182244
182872
182873
182874
182875
182876
182877
182878
182879
182880
182881
183500
183501
183502
183503
183504
183505
183506
183507
184083
184084
184085
184086
184087
184088
184691
184692
184693
184694
184695
184696
185315
185316
185317
185320
185955
185956
185959
186598
187219
187823
187824
187825
187826
187827
187828
188433
188434
188435
189045
189046