205805
206354
206356
206357
206907
206908
206909
206910
206911
207443
207444
207445
207446
207447
207965
207966
207967
207968
207969
207970
207971
207972
207973
207974
208466
208467
208468
208469
208470
208471
208472
208473
208474
208475
208476
208478
208969
208970
208971
208972
208973
208974
208975
208976
208977
208978
208979
208980
208982
208983
208984
208985
209447
209448
209449
209450
209451
209452
209453
209454
209455
209456
209458
209459
209460
209948
209949
209950
209951
209952
209953
209954
209955
209956
209957
209958
209959
209960
209961
209962
209963
209965
210428
210429
210431
210432
210433
210434
210435
210436
210437
210438
210439
210440
210441
210442
210443
210444
210445
210446
210447
210448
210936
210937
210938
210941
210942
210943
210944
210945
210946
210947
210948
210949
210950
210951
210952
210953
210954
210955
210956
210957
211454
211455
211456
211457
211458
211459
211460
211461
211462
211463
211464
211465
211466
211467
211468
211469
211470
211471
211472
211473
211474
211475
211476
211477
211478
211479
211480
211992
211993
211994
211995
211996
211997
211998
211999
212000
212001
212002
212003
212004
212005
212006
212007
212008
212009
212010
212011
212012
212013
212014
212015
212501
212502
212503
212504
212505
212506
212507
212508
212509
212510
212511
212512
212513
212514
212515
212516
212517
212518
212519
212520
212521
212522
212523
213019
213020
213021
213022
213023
213024
213025
213028
213030
213031
213032
213033
213034
213035
213036
213037
213038
213039
213040
213041
213042
213043
213044
213551
213552
213553
213554
213555
213556
213557
213558
213559
213560
213563
213564
213565
213566
213567
213568
213569
213570
213571
213572
213573
213574
213575
213576
213577
213578
214108
214109
214110
214111
214112
214113
214114
214115
214116
214117
214118
214119
214120
214121
214124
214125
214126
214127
214128
214129
214130
214131
214132
214133
214134
214135
214686
214687
214688
214689
214690
214691
214692
214693
214694
214695
214696
214697
214698
214704
214705
214706
214707
214708
214709
214710
214711
214712
215274
215275
215276
215277
215278
215279
215280
215281
215282
215283
215284
215288
215289
215291
215292
215293
215847
215848
215849
215850
215851
215852
215853
215854
215855
215856
215857
215860
215861
216413
216414
216415
216416
216417
216418
216419
216420
216421
216422
216423
216427
216985
216986
216987
216988
216989
216990
216991
216992
216993
216994
216995
216996
217555
217556
217557
217558
217559
217560
217561
217562
217563
217564
217565
217566
217567
217568
217569
218112
218113
218114
218115
218116
218117
218118
218119
218120
218121
218122
218123
218124
218125
218671
218672
218674
218675
218676
218677
218678
218679
219195
219196
219199
219200
219201
219202
219203
219204
219723
219727
219728
219729
219730
219731
219732
220262
220265
220266
220267
220268
220839
220840
220841
220842
220843
220844
220845
220846
220849
221405
221406
221407
221408
221946
221947
221948
221949
221950
221951
221952
222469
222470
222471
222472
222475
222991
222992
222996
222997
223491
223492
223493
223499
224031
224032
224033
224039
224555
225072
225073
225586
225587
225588
226093
226606
226607
226608
226609
226610
227115
227116
227117
227118
227119
227621
227622
227623
227624
227625
228137
228138
228139
228140
228141
228669
228670
228671
228672
228673
229194
229195
229196
229197
229198
229199
229720
229721
229722
229723
229724
230256
230257
230258
230259
230789
230790
230791
230792
231342
231343
231882
231883
231884
232455
233035
233036
233037