395550
395551
396104
396105
396638
396639
396640
396641
396642
396643
396644
397163
397164
397165
397166
397167
397168
397169
397679
397680
397681
397682
397683
397684
397686
397687
398214
398215
398216
398217
398218
398219
398220
398221
398222
398223
398224
398225
398226
398227
398228
398229
398230
398767
398768
398769
398770
398771
398772
398773
398774
398775
398776
398777
398778
398779
398780
398781
398782
398783
398784
398785
399318
399319
399320
399321
399322
399323
399324
399325
399326
399327
399328
399329
399330
399331
399332
399333
399334
399335
399336
399337
399338
399844
399847
399848
399849
399850
399851
399852
399854
399855
399857
399858
399859
399860
399861
399862
399863
399864
399865
399866
399867
399868
399869
399870
400349
400350
400351
400352
400353
400354
400355
400356
400357
400358
400359
400360
400361
400362
400363
400365
400366
400367
400368
400369
400370
400371
400372
400373
400374
400846
400847
400848
400849
400850
400851
400852
400853
400854
400855
400856
400857
400858
400859
400860
400866
400867
400868
400869
400870
400871
400872
400873
401348
401349
401350
401351
401352
401353
401354
401355
401356
401357
401358
401359
401360
401361
401369
401370
401371
401372
401373
401374
401375
401376
401377
401378
401850
401851
401852
401853
401854
401863
401864
401865
401866
401867
401868
401869
401870
401871
401872
401873
401874
401875
401876
401877
401878
401879
401880
401881
402348
402349
402351
402369
402370
402371
402372
402373
402374
402375
402376
402379
402380
402381
402382
402383
402860
402882
402883
402884
402885
402886
402887
402889
402890
402891
402892
402893
402894
402895
403344
403365
403366
403367
403368
403369
403370
403371
403372
403373
403374
403375
403820
403821
403842
403843
403844
403845
403846
403847
403848
403849
403850
403851
403852
403853
403854
404290
404291
404309
404310
404311
404312
404313
404314
404315
404316
404317
404320
404321
404742
404743
404744
404745
404746
404767
404768
404769
404770
404771
404772
404773
404774
404775
404777
404779
404780
404781
405198
405199
405200
405201
405202
405203
405204
405205
405227
405228
405229
405230
405231
405233
405235
405236
405237
405238
405649
405650
405651
405652
405653
405654
405655
405656
405676
405677
405678
405679
405682
405683
405684
405685
405686
405687
406108
406109
406110
406111
406112
406113
406114
406117
406118
406119
406120
406121
406135
406136
406137
406142
406143
406144
406145
406146
406561
406562
406563
406564
406565
406566
406567
406571
406572
406586
406587
406588
406589
406590
406591
406596
406597
407007
407008
407009
407010
407011
407016
407017
407028
407029
407030
407031
407032
407033
407034
407035
407444
407445
407446
407447
407448
407449
407450
407451
407452
407453
407454
407468
407469
407470
407471
407472
407476
407877
407879
407880
407881
407882
407883
407884
407885
407901
407902
407903
407904
408336
408337
408338
408339
408340
408341
408342
408783
408784
408785
408786
408787
408788
408789
408792
408793
409227
409228
409229
409230
409231
409232
409233
409234
409235
409236
409237
409238
409699
409700
409701
409703
409704
409705
409706
409707
410170
410171
410172
410173
410174
410175
410621
410622
410623
410624
411070
411071
411072
411073
411074
411075
411076
411536
411537
411539
411540
411541
411542
411999
412000
412001
412002
412003
412004
412005
412486
412487
412490
412491
412492
412493
412975
412976
412977
412978
412979
412980
412981
412982
413465
413466
413467
413468
413469
413470
413471
413472
413945
413946
413947
413948
414438