50881
51340
51341
51342
51797
51798
51799
51800
52258
52260
52261
52262
52263
52264
52729
52730
52731
52732
52733
52734
52735
53194
53195
53196
53197
53198
53199
53653
53654
53655
53656
53657
53658
53659
53660
53661
53662
54116
54117
54118
54119
54120
54121
54122
54123
54124
54125
54589
54590
54591
54592
54593
54594
55060
55061
55062
55063
55064
55065
55066
55067
55068
55550
55551
55552
55553
55554
55555
55556
55557
55560
56039
56040
56041
56042
56043
56044
56045
56046
56047
56048
56049
56050
56535
56536
56537
56538
56539
56540
56541
56544
56545
56546
56547
57035
57036
57037
57038
57039
57040
57041
57044
57045
57046
57047
57048
57049
57593
57594
57595
57596
57597
57598
57599
57604
57605
57606
57607
57608
57609
57610
58129
58131
58132
58133
58134
58135
58136
58137
58138
58139
58140
58141
58142
58143
58144
58145
58146
58147
58148
58149
58150
58693
58694
58695
58696
58697
58698
58699
58700
58701
58702
58703
58704
58705
58706
58707
58708
58709
58710
58711
58712
58713
58714
58715
58716
58717
58718
59252
59253
59254
59255
59256
59257
59258
59259
59260
59261
59262
59263
59264
59265
59266
59267
59268
59269
59270
59271
59272
59273
59274
59275
59276
59852
59853
59854
59855
59856
59857
59858
59859
59860
59861
59862
59863
59864
59865
59866
59867
59868
59869
59870
59871
59872
59873
59874
60466
60470
60472
60473
60474
60475
60476
60477
60478
60479
60480
60481
60482
60483
60484
60485
60486
60487
60488
60489
61067
61068
61069
61070
61071
61072
61073
61074
61075
61076
61077
61078
61079
61080
61081
61082
61083
61084
61085
61086
61087
61088
61654
61655
61656
61657
61658
61659
61660
61661
61662
61663
61664
61665
61666
61667
61668
61669
61670
61671
61672
61673
62257
62258
62259
62260
62261
62262
62263
62264
62265
62266
62267
62268
62269
62270
62273
62274
62275
62276
62277
62278
62831
62832
62833
62834
62835
62836
62837
62838
62839
62840
62841
62842
62843
62844
62845
62846
62847
62848
62849
62850
62851
62852
62853
63398
63399
63400
63401
63402
63403
63404
63405
63406
63407
63408
63409
63410
63411
63412
63413
63414
63415
63416
63417
63418
63419
63420
63996
63997
63998
63999
64000
64001
64002
64003
64004
64005
64006
64007
64008
64009
64010
64011
64012
64014
64015
64016
64017
64018
64019
64593
64594
64595
64596
64597
64598
64599
64600
64601
64602
64603
64604
64605
64608
64609
64610
64612
64613
64614
64615
64616
65172
65173
65174
65175
65176
65177
65178
65179
65180
65181
65182
65183
65184
65185
65188
65189
65190
65191
65192
65193
65194
65738
65739
65740
65741
65742
65743
65744
65745
65746
65747
65748
65749
65750
65751
65752
65753
65754
65755
65756
66290
66291
66292
66293
66294
66295
66296
66297
66298
66299
66300
66301
66302
66303
66305
66306
66307
66308
66823
66824
66825
66826
66827
66828
66829
66830
66831
66832
66833
66834
66835
66836
66839
66841
66843
66844
67351
67352
67353
67354
67355
67356
67357
67358
67361
67362
67363
67364
67365
67366
67367
67368
67914
67915
67916
67917
67918
67919
67925
67926
67927
67928
67929
67930
68452
68453
68461
68462
68463
68464
68989
68990