21658
21659
21660
21661
22188
22189
22190
22191
22192
22193
22709
22710
22711
22712
22713
22714
22715
22716
23233
23234
23235
23236
23237
23238
23239
23240
23241
23242
23243
23760
23761
23762
23763
23764
23765
23766
23767
23768
23769
23770
23771
23772
24277
24278
24279
24280
24281
24282
24283
24284
24285
24286
24287
24288
24289
24775
24776
24777
24778
24779
24780
24781
24782
24783
24784
24785
24786
25260
25267
25268
25269
25270
25271
25272
25273
25274
25762
25763
25764
25765
25766
25767
25768
25769
25770
25771
25772
25773
25774
25775
25776
25777
25778
25779
26256
26257
26258
26259
26260
26261
26262
26263
26264
26265
26266
26267
26268
26269
26270
26271
26274
26275
26276
26277
26278
26279
26755
26756
26757
26758
26759
26760
26761
26762
26763
26764
26765
26766
26767
26768
26769
26770
26771
26772
26773
26774
26775
26776
26777
26778
26779
26780
27245
27246
27247
27248
27249
27250
27251
27252
27253
27254
27255
27256
27257
27258
27259
27260
27261
27262
27263
27264
27265
27266
27267
27268
27269
27744
27745
27746
27747
27748
27749
27750
27751
27752
27753
27754
27755
27756
27757
27758
27759
27760
27761
27762
27763
27764
27765
27766
27767
28256
28257
28258
28259
28260
28261
28262
28263
28264
28265
28266
28267
28268
28269
28270
28271
28272
28273
28274
28275
28276
28277
28278
28279
28732
28733
28734
28735
28736
28737
28738
28739
28740
28741
28742
28743
28744
28745
28746
28747
28748
28749
28750
28751
28752
29188
29189
29191
29192
29193
29194
29195
29196
29197
29198
29202
29203
29204
29205
29206
29207
29208
29664
29665
29666
29667
29668
29669
29670
29671
29672
29673
29674
29675
29676
29679
29680
29681
29682
29683
30132
30133
30134
30135
30136
30137
30138
30139
30140
30141
30142
30143
30147
30148
30149
30150
30151
30152
30153
30154
30617
30618
30619
30620
30621
30622
30623
30624
30625
30626
30627
30628
30630
30636
30637
30638
30639
30640
30641
31117
31118
31119
31120
31121
31122
31123
31124
31125
31126
31127
31128
31130
31136
31137
31138
31623
31624
31625
31626
31627
31628
31636
32147
32148
32149
32150
32151
32152
32153
32680
32681
32682
32683
32684
32685
32686
33178
33179
33180
33181
33182
33183
33688
33689
33690
33691
33692
33693
33694
33695
33696
33697
33698
33699
33700
34196
34197
34198
34199
34200
34201
34202
34203
34204
34205
34206
34207
34208
34209
34210
34211
34715
34716
34717
34718
34719
34720
34721
34722
34723
34724
34725
34726
34727
34728
35239
35240
35241
35242
35243
35244
35245
35246
35247
35248
35249
35250
35251
35252
35753
35754
35755
35756
35757
35758
35759
35760
35761
35762
35763
35764
35765
35766
35767
35768
35769
36249
36250
36251
36252
36253
36254
36255
36256
36257
36258
36259
36260
36261
36262
36263
36264
36265
36734
36735
36736
36737
36738
36739
36740
36741
36742
36743
36744
37200
37201
37202
37203
37204
37205
37206
37207
37208
37209
37210
37211
37212
37674
37675
37676
37677
37678
37679
37680
37681
37682
37683
37684
38148
38149
38150
38151
38152
38153
38154
38155
38156
38157
38158
38665
38666
38668
38669
38670
38671
39179
39180
39181
39182