420530
421026
421027
421028
421029
421030
421031
421497
421498
421499
421500
421501
421502
421957
421958
421959
421960
421961
421962
421963
421964
421965
422410
422411
422412
422413
422414
422415
422416
422417
422418
422419
422877
422878
422879
422880
422881
422882
422883
423352
423353
423354
423355
423356
423357
423358
423829
423830
423831
423832
423833
423834
423835
423836
423837
424320
424321
424322
424323
424324
424325
424326
424327
424815
424816
424817
424818
424819
424820
424821
425295
425296
425297
425298
425299
425300
425301
425770
425771
425772
425773
425774
425775
425776
425777
426264
426265
426266
426267
426268
426269
426272
426273
426773
426774
426775
426776
426777
426780
427309
427310
427311
427312
427313
427314
427316
427823
427824
427825
427826
428345
428346
428347
428849
428850
428851
429383
429384
429385
429386
429944
429945
429946
429947
430484
430488
430489
430490
430491
431011
431012
431016
431017
431018
431531
431532
431533
431534
431537
431538
432035
432037
432039
432550
432552
432554
433063
433064
433065
433066
433067
433068
433581
433582
433583
433584
433585
433586
433590
434083
434084
434085
434086
434087
434088
434089
434090
434091
434573
434574
434575
434576
434577
434578
434579
434580
434581
434582
434583
434584
434585
435066
435067
435068
435069
435070
435071
435072
435073
435074
435075
435076
435077
435078
435563
435564
435565
435566
435567
435568
435569
435570
435571
435572
435573
435574
436045
436046
436047
436048
436049
436050
436051
436498
436499
436500
436501
436502
436503
436936
436937
436938
436939
436940
436941
436942
436943
436944
436945
437384
437385
437386
437387
437388
437389
437390
437391
437392
437393
437831
437832
437833
437834
437835
437836
437837
437838
437839
437840
437841
437842
438278
438279
438280
438281
438282
438283
438284
438285
438286
438287
438288
438289
438290
438723
438724
438725
438726
438727
438728
438729
438730
438731
438732
439162
439163
439164
439165
439166
439167
439168
439169
439576
439577
439578
439579
439580
439581
439582
439583
439584
439585
439989
439990
439991
439992
439993
439994
440369
440370
440371
440372
440373
440374
440375
440376
440377
440760
440761
440762
440763
440764
440765
440766
440767
440768
441129
441130
441131
441132
441133
441134
441135
441136
441137
441525
441526
441527
441528
441529
441530
441531
441532
441533
441534
441895
441896
441897
441898
441899
441900
441901
442237
442238
442239
442240
442241
442242
442243
442244
442596
442597
442598
442599
442600
442601
442602
442603
442957
442958
442959
442960
442961
442962
442963
442964
442965
443336
443337
443338
443339
443340
443341
443342
443343
443344
443345
443346
443717
443718
443719
443720
443721
443722
443723
443724
444087
444088
444089
444090
444091
444092
444093
444094
444457
444458
444459
444460
444461
444462
444808
444810
444811
444812
444813
444814
444815
445174
445175
445176
445177
445178
445179
445180
445181
445182
445183
445537
445538
445539
445540
445541
445542
445543
445545
445546
445547
445548
445911
445912
445913
445914
445915
445916
445917
445920
445921
445922
445923
446275
446276
446277
446630
446631
446959
446960
446961
446962
446963
446964
447272
447273
447274
447276
447576
447577
447578
447886
447887
447888
447889
447890
447891
448215
448216
448217
448218
448219
448543
448544
448545
448546
448547
448867
448868
448869
448870
448871
448872
449185
449186
449187
449188
449189
449190
449191
449192
449511
449512
449513
449514
449515
449516
449517
449518
449839
449840
449841
449842
450185