61952
61953
62545
62546
62547
62548
63112
63113
63114
63115
63695
63696
63697
63698
64287
64288
64289
64290
64291
64292
64875
64876
64877
64878
64879
64880
64881
65461
65462
65463
65464
65465
65466
65467
65468
65469
66023
66024
66025
66026
66027
66028
66029
66030
66031
66032
66568
66569
66570
66571
66572
66573
66574
67101
67107
67108
67109
67110
67111
67112
67113
67649
67650
67651
67652
67653
67655
67656
67657
67658
67659
67660
67661
67662
67663
68207
68208
68209
68210
68211
68212
68213
68214
68215
68216
68217
68218
68219
68220
68221
68747
68748
68749
68750
68751
68752
68753
68754
68755
68756
68757
68758
69284
69285
69286
69287
69288
69289
69290
69291
69292
69293
69294
69296
69819
69820
69821
69822
69823
69824
69825
69826
69827
69828
69829
69830
69831
69832
70365
70366
70367
70368
70369
70370
70371
70372
70373
70374
70375
70376
70377
70378
70379
70915
70916
70917
70918
70919
70920
70921
70922
70923
70924
70925
70926
70927
70928
70929
70930
70931
70932
71474
71475
71476
71477
71478
71479
71480
71481
71482
71483
71485
71489
71490
71491
71492
71493
72038
72039
72040
72041
72042
72043
72044
72045
72046
72047
72048
72049
72050
72053
72054
72055
72062
72063
72064
72612
72613
72614
72615
72616
72617
72618
72619
72620
72621
72622
72623
72625
72626
72627
72628
72629
72630
72631
72632
72633
72634
73168
73169
73170
73171
73172
73173
73177
73178
73182
73183
73184
73185
73186
73187
73188
73189
73190
73191
73192
73747
73748
73749
73750
73751
73752
73757
73758
73759
73768
73769
73770
73771
73772
73773
74299
74304
74305
74306
74307
74318
74320
74849
74860
74862
74863
74864
74865
74866
74867
74868
74869
74870
74871
75432
75433
75434
75435
75436
75437
75438
75439
75440
75441
75442
75443
75444
75445
75446
75447
76031
76032
76033
76034
76035
76036
76037
76038
76039
76040
76041
76042
76043
76044
76045
76602
76603
76604
76605
76606
76607
76608
76609
76610
76611
76612
76613
77165
77166
77167
77168
77169
77170
77171
77172
77173
77174
77727
77728
77729
77730
77731
77732
77733
77734
77735
77736
77737
77738
77739
77740
77741
78305
78306
78307
78308
78309
78310
78311
78312
78313
78314
78315
78316
78317
78318
78319
78320
78321
78900
78901
78902
78903
78904
78905
78906
78907
78908
78909
78910
78911
78912
78913
78914
78915
78916
78917
79486
79487
79488
79489
79490
79491
79492
79493
79494
79495
79496
79497
79498
79499
79500
79501
79502
79503
80082
80083
80084
80085
80086
80087
80088
80089
80090
80091
80092
80093
80094
80095
80096
80097
80098
80099
80667
80668
80669
80670
80671
80672
80673
80674
80675
80676
80677
80678
80679
80680
80681
81251
81252
81253
81254
81255
81256
81791
81792
81793
81794
81795
81796
81797
81798
81799
81800
82382
82383
82384
82385
82386
82387
82388
82391
82392
82393
82394
82395
82978
82979
82980
82982
82983
82984
82985
82988
82989
82991
82992
82993
82994
82995
83553
83554
83555
83556
83557
83558
83559
83560
83561
83562
83563
83564
83565
83566
83567
83568
83569
84109
84110
84111
84112
84113
84114
84115
84116
84117
84118
84119
84684
84685
84686
84687
84688