446987
447301
447302
447303
447605
447606
447607
447608
447921
447922
447923
447924
447925
447926
447927
447928
447929
447930
447931
448249
448250
448251
448252
448253
448254
448255
448256
448257
448258
448259
448573
448574
448575
448576
448577
448578
448580
448584
448900
448901
448902
448903
448910
449218
449219
449220
449221
449222
449543
449544
449545
449546
449868
449869
449871
450206
450208
450209
450210
450212
450213
450548
450549
450550
450551
450552
450553
450554
450555
450556
450557
450558
450559
450560
450869
450870
450871
450872
450873
450874
450875
450876
450877
450878
450879
450880
450881
451198
451199
451200
451201
451202
451203
451204
451205
451206
451208
451209
451210
451524
451525
451527
451528
451531
451532
451840
451843
451844
451845
451846
451847
451848
451849
452168
452169
452170
452171
452172
452173
452174
452175
452176
452480
452481
452482
452483
452484
452485
452486
452487
452488
452489
452490
452491
452492
452813
452814
452815
452816
452817
452818
452819
452820
452821
452822
452823
452824
452825
452826
452827
453150
453153
453154
453155
453156
453157
453158
453159
453160
453161
453162
453163
453164
453165
453166
453167
453480
453481
453482
453483
453484
453485
453486
453487
453488
453489
453490
453491
453492
453493
453799
453801
453802
453803
453804
453805
453806
453807
453808
453809
453810
453811
453812
454113
454114
454115
454116
454117
454118
454119
454120
454121
454418
454419
454421
454422
454423
454424
454425
454426
454427
454428
454429
454430
454431
454734
454735
454736
454737
454738
454739
454740
454741
454742
454743
454744
454745
454746
454747
455041
455042
455043
455044
455045
455046
455047
455048
455049
455050
455051
455052
455053
455054
455055
455356
455357
455358
455359
455360
455361
455362
455363
455364
455365
455366
455367
455368
455369
455370
455693
455694
455695
455696
455697
455698
455699
455700
455701
455702
455703
455704
455705
455706
455707
455708
455709
455710
455711
455712
455713
456050
456051
456052
456053
456054
456055
456056
456057
456058
456059
456060
456061
456062
456063
456064
456065
456066
456067
456068
456069
456070
456071
456072
456073
456074
456399
456400
456401
456402
456403
456404
456405
456406
456407
456408
456409
456410
456411
456412
456413
456414
456415
456416
456417
456418
456419
456420
456421
456737
456738
456739
456740
456741
456742
456743
456744
456745
456746
456747
456748
456749
456750
456751
456752
456753
456754
456755
456756
456757
456758
457060
457061
457062
457063
457064
457065
457066
457067
457068
457069
457070
457071
457072
457073
457074
457075
457076
457373
457374
457375
457376
457377
457378
457379
457380
457381
457382
457383
457384
457385
457386
457387
457388
457389
457390
457692
457693
457694
457695
457696
457701
457702
457703
457704
457705
457706
457707
457708
457709
457997
457998
457999
458003
458004
458005
458006
458007
458008
458009
458302
458303
458304
458305
458306
458307
458308
458601
458602
458603
458604
458605
458606
458607
458608
458609
458610
458611
458905
458906
458907
458908
458909
458910
458911
458912
458913
458914
458915
458916
458917
458918
458919
458920
459227
459228
459229
459230
459231
459232
459233
459234
459235
459236
459237
459238
459531
459532
459533
459534
459535
459536
459537
459538
459539
459540
459541
459542
459827
459828
459829
459830
459831
459832
459833
459834
459835
459836
459837
459838
460128
460129
460130
460131
460132
460135
460136
460137
460138
460445
460447
460448
460449
460762
460764
460765
460766
460767
461073
461074
461075