379538
379539
380106
380107
380108
380109
380110
380111
380688
380689
380690
380691
380692
380693
381262
381263
381264
381265
381266
381267
381828
381829
381830
381831
381832
381833
382383
382384
382385
382386
382387
382388
382389
382932
382933
382934
382935
382936
382937
382938
382939
382942
383496
383497
383498
383499
383500
383501
383502
383503
383504
383505
383506
383507
383508
383509
383510
383511
383512
384077
384078
384079
384080
384081
384082
384083
384084
384085
384086
384087
384088
384089
384090
384091
384092
384093
384094
384095
384096
384097
384653
384654
384655
384656
384657
384658
384659
384660
384661
384662
384663
384664
384665
384666
384667
384668
385210
385211
385212
385213
385214
385215
385216
385217
385218
385219
385220
385221
385222
385223
385224
385762
385763
385764
385765
385766
385767
385768
385769
385770
385771
385772
385773
385774
385775
386321
386322
386323
386324
386325
386326
386327
386328
386329
386330
386331
386332
386869
386870
386871
386872
386873
386874
386875
386876
386877
386878
386879
386880
387407
387408
387409
387410
387411
387412
387413
387414
387415
387416
387417
387418
387419
387969
387970
387971
387972
387973
387974
387975
387976
387977
387978
387979
387980
387981
387982
387983
387984
387985
387986
388531
388532
388533
388534
388535
388536
388537
388538
388539
388540
388541
388542
388543
388544
388545
388546
388547
388548
389079
389080
389081
389082
389083
389084
389085
389086
389087
389088
389089
389090
389091
389093
389094
389095
389096
389097
389624
389625
389626
389627
389628
389629
389630
389631
389632
389633
389634
389637
389638
389639
389640
390168
390169
390170
390171
390172
390173
390174
390175
390176
390177
390178
390179
390180
390181
390184
390185
390727
390728
390729
390730
390731
390732
390733
390734
390735
390736
390737
390738
390739
390740
390741
390742
390743
390744
390745
391272
391273
391274
391275
391276
391277
391278
391279
391280
391281
391282
391283
391284
391285
391286
391287
391288
391289
391290
391291
391292
391293
391294
391833
391834
391835
391836
391837
391838
391839
391840
391841
391842
391843
391844
391845
391846
391847
391848
391849
391850
391851
391852
391853
391854
391855
392380
392381
392382
392383
392384
392385
392386
392387
392388
392389
392390
392391
392392
392393
392394
392395
392396
392397
392398
392399
392400
392401
392402
392403
392404
392405
392406
392407
392928
392929
392930
392931
392932
392933
392934
392935
392936
392937
392938
392939
392940
392941
392948
392949
392950
392951
392952
393458
393459
393460
393461
393462
393463
393464
393465
393466
393467
393468
393469
393470
393471
393472
393473
393474
393475
393483
393484
393485
393486
393994
393995
393996
393997
393998
393999
394000
394001
394002
394003
394004
394006
394007
394008
394009
394016
394017
394018
394019
394020
394021
394022
394514
394515
394516
394517
394518
394519
394522
394523
394524
394525
394536
394537
394538
394539
394540
395046
395047
395048
395049
395052
395054
395055
395067
395068
395069
395070
395589
395590
395591
395592
395593
395594
395595
395597
395598
395610
395611
396147
396148
396149
396151
396152
396153
396154
396155
396156
396157
396170
396683
396684
396685
396686
396687
396688
396689
396690
396691
396692
396693
396694
396695
397208
397209
397210
397211
397212
397213
397214
397215
397216
397217
397726
397727
397728
397729
397730
397731
397732
397733
397734
397735
397736
398273
398274
398275
398276
398277
398278
398279
398280
398281
398838
398839
398840
399390
399391
399918