262016
262017
262018
262630
262631
262632
262633
263227
263228
263229
263231
263232
263233
263831
263832
263835
263836
263839
264446
264447
264448
264449
264452
264453
264454
265073
265074
265075
265079
265080
265708
265709
265710
265711
265712
265713
265714
265715
265716
265717
266336
266337
266338
266339
266340
266341
266342
266343
266344
266938
266939
266940
266941
266943
266944
266945
267550
267551
267552
267553
267554
267555
267556
267557
267558
267559
268178
268179
268180
268181
268182
268183
268184
268185
268186
268187
268188
268189
268190
268799
268800
268801
268802
268803
268804
268805
268806
268807
268808
268809
268810
268811
268812
268813
268814
268815
269419
269420
269421
269422
269423
269424
269425
269426
269427
269428
269429
269430
269431
269432
269433
269434
269435
270060
270061
270062
270063
270064
270065
270066
270067
270068
270069
270070
270071
270072
270073
270074
270075
270076
270077
270078
270700
270701
270702
270703
270704
270705
270706
270707
270708
270709
270710
270711
270712
270713
270714
270715
270716
270717
270718
271357
271359
271360
271361
271362
271363
271364
271365
271366
271367
271368
271369
272009
272010
272011
272012
272013
272014
272015
272016
272017
272018
272019
272020
272021
272022
272023
272024
272657
272658
272659
272661
272664
272665
272666
272667
272668
273305
273306
273307
273308
273309
273312
273313
273314
273315
273316
273317
273960
273961
273962
273963
274605
274606
274607
274608
274609
275230
275231
275232
275233
275234
275235
275236
275237
275238
275239
275240
275869
275870
275871
275872
275874
275875
275876
275877
275878
275879
276518
276519
276520
276521
276522
276523
276524
276525
276526
276527
276528
277134
277135
277136
277137
277138
277139
277140
277141
277142
277143
277144
277145
277146
277756
277757
277758
277759
277760
277761
277762
277763
278369
278370
278371
278372
278373
278374
278375
278376
278377
278970
278971
278972
278973
278974
278975
278976
278977
278978
279587
279588
279591
279592
279593
279594
279595
279596
279597
279598
279599
279600
280191
280192
280193
280194
280195
280196
280197
280198
280199
280200
280201
280202
280203
280204
280779
280780
280784
280785
280786
280787
280788
280789
280790
280791
280792
280793
280794
280795
280796
280797
280798
281373
281377
281378
281379
281380
281381
281382
281383
281384
281385
281386
281387
281388
281389
281970
281971
281973
281974
281975
281976
281977
281978
281979
281980
281981
281982
281983
281984
281985
282557
282558
282559
282560
282561
282562
282563
282564
282565
282566
282567
282568
282569
282570
282571
282572
283152
283153
283154
283155
283156
283157
283158
283159
283160
283161
283162
283163
283164
283165
283166
283167
283168
283761
283762
283763
283764
283765
283767
283768
283769
283770
283771
283772
283773
283774
283775
283776
283777
284374
284376
284377
284378
284379
284380
284381
284382
284383
284384
284385
284386
284387
284388
284389
284390
284391
284392
284987
284988
284989
284990
284991
284992
284993
284994
284995
284996
284997
284998
284999
285000
285002
285003
285004
285005
285566
285567
285568
285569
285570
285571
285572
285573
285574
285575
285576
285577
285578
285579
285580
285581
285582
286114
286115
286116
286117
286118
286119
286120
286121
286122
286123
286124
286125
286630
286631
286634
286635
286636
286637
286638
286639
286640
286641
286642
286643
286644
287143
287148
287149
287150
287151
287152
287153
287154
287155
287156
287666
287668
287669
287670
287671
287672
287673
288190
288192
288193
288722
288723