165997
166485
166972
167469
167983
167984
168509
168510
168511
168512
169021
169022
169023
169024
169025
169032
169532
169533
169534
169535
169539
169540
169541
169542
170052
170053
170054
170055
170056
170057
170058
170583
170584
170585
170586
170587
170588
170589
170590
171122
171130
171131
171132
171133
171134
171135
171136
171137
171637
171638
171639
171648
171649
171650
171651
171652
171653
171654
171655
171656
171657
172155
172156
172157
172158
172159
172160
172161
172168
172169
172170
172171
172172
172173
172174
172176
172177
172178
172669
172670
172671
172672
172673
172674
172675
172676
172680
172682
172683
172684
172685
172686
172687
172692
173178
173179
173181
173182
173183
173184
173185
173186
173187
173188
173189
173190
173195
173705
173706
173707
173708
173709
173710
173711
173712
173713
173714
173715
173716
173717
173723
174228
174229
174230
174231
174232
174233
174234
174235
174236
174237
174238
174239
174240
174241
174242
174243
174244
174766
174767
174768
174769
174770
174771
174772
174773
174774
174775
174776
174777
174778
174779
174780
174781
175289
175290
175291
175292
175293
175294
175295
175296
175297
175299
175300
175301
175826
175827
175828
175829
175830
175831
175832
175833
175834
175835
175836
176407
176422
176423
176424
176425
176426
176427
176428
176429
176430
176431
177022
177023
177024
177035
177036
177037
177038
177039
177040
177041
177042
177043
177044
177045
177046
177047
177671
177672
177673
177682
177683
177684
177685
177686
177688
177690
177691
177692
177693
177694
178319
178320
178321
178329
178330
178331
178332
178333
178334
178335
178336
178337
178338
178956
178966
178967
178968
178969
178970
178971
178972
178973
178974
178975
178976
179607
179608
179609
179610
179619
179620
179621
179622
179623
179624
179625
179626
179627
180248
180249
180250
180251
180252
180253
180263
180264
180265
180266
180267
180914
180915
180916
180926
180927
180928
180929
180930
180931
181591
181592
181593
181594
181595
181602
181603
181604
181605
181606
181607
182254
182255
182264
182265
182266
182267
182268
182269
182270
182891
182892
182893
182895
182896
182897
182904
182905
182906
182907
182908
182909
182910
182911
183520
183521
183522
183523
183524
183525
183526
183534
183535
183536
183537
183538
183539
183540
183541
184109
184113
184114
184115
184121
184122
184123
184124
184125
184126
184127
184128
184129
184130
184132
184133
184719
184720
184721
184722
184723
184724
184725
184726
184727
184728
184729
184730
184731
184732
184733
184734
184735
184736
184737
184740
185346
185347
185348
185349
185350
185351
185352
185353
185354
185355
185356
185357
185358
185359
185360
185361
185362
185363
185364
185365
185366
185367
185368
185369
185985
185986
185987
185988
185989
185990
185991
185992
185993
185994
185995
185996
185997
185998
185999
186000
186001
186002
186003
186004
186005
186006
186007
186008
186010
186628
186629
186630
186631
186632
186634
186635
186636
186637
186638
186639
186640
186641
186642
186643
186644
186645
186646
186647
186648
186649
186650
186651
186652
187243
187244
187245
187246
187247
187248
187249
187250
187251
187252
187254
187255
187258
187259
187260
187261
187262
187265
187852
187853
187854
187855
187856
187857
187858
187859
187860
187861
187867
187868
187875
188462
188463
188464
188465
188466
188467
188469
188484
188485
188486
189077
189078
189079
189080
189081
189082
189097
189098
189099
189677
189678
189679
189680
189681
189682
189683
189698
189699
189700
190258
190260
190261
190837
190838
190839