459309
459310
459311
459609
459610
459611
459903
459904
459905
459906
460203
460204
460205
460510
460512
460513
460517
460518
460520
460829
460830
460831
460832
460833
460834
460835
460839
460840
460841
460842
461134
461135
461136
461137
461138
461139
461140
461141
461142
461144
461145
461146
461147
461148
461149
461459
461460
461461
461462
461463
461464
461465
461466
461467
461468
461469
461470
461471
461472
461473
461474
461785
461786
461787
461788
461789
461790
461791
461792
461793
461794
461795
461796
461797
461798
461799
461800
461801
462111
462112
462113
462114
462115
462116
462117
462118
462119
462120
462121
462122
462123
462124
462125
462126
462127
462431
462432
462433
462434
462435
462436
462437
462438
462439
462440
462441
462442
462443
462444
462445
462446
462750
462751
462752
462753
462754
462755
462756
462757
462758
462759
462760
462761
462762
462763
463058
463059
463060
463061
463062
463063
463064
463065
463066
463067
463069
463070
463071
463072
463073
463385
463386
463387
463388
463389
463390
463391
463392
463393
463394
463395
463396
463397
463398
463399
463400
463401
463402
463403
463404
463709
463710
463711
463712
463713
463714
463715
463716
463718
463719
463721
463722
463723
463724
463725
463726
463727
463728
464028
464029
464030
464031
464032
464033
464034
464038
464039
464040
464041
464042
464043
464044
464045
464046
464047
464048
464049
464050
464051
464052
464357
464358
464359
464360
464361
464364
464365
464366
464367
464368
464369
464370
464371
464373
464374
464375
464376
464691
464692
464693
464694
464695
464698
464699
464700
464701
464702
464703
464704
464705
464706
464707
464708
465026
465027
465028
465029
465033
465034
465035
465036
465037
465039
465040
465041
465042
465043
465044
465045
465354
465355
465356
465357
465358
465360
465361
465362
465365
465366
465367
465368
465369
465370
465371
465372
465675
465676
465677
465678
465679
465680
465681
465682
465683
465684
465685
465686
465687
465688
465689
465690
465691
465692
465693
465694
465695
466023
466024
466025
466026
466027
466028
466029
466030
466031
466032
466033
466034
466035
466036
466037
466038
466039
466040
466041
466042
466043
466368
466369
466370
466371
466372
466374
466375
466376
466377
466378
466379
466380
466381
466382
466383
466384
466695
466696
466697
466698
466699
466700
466701
466702
466703
466704
466705
466706
466707
466708
466709
466710
467013
467014
467015
467016
467017
467019
467020
467021
467022
467023
467024
467025
467026
467027
467028
467333
467334
467335
467336
467338
467339
467342
467343
467344
467345
467346
467652
467653
467654
467655
467656
467658
467659
467660
467661
467662
467663
467664
467665
467666
467975
467976
467977
467978
467979
467980
467981
467982
467983
467984
467985
467986
467987
468289
468290
468291
468292
468293
468294
468295
468296
468297
468298
468299
468584
468588
468589
468590
468591
468592
468593
468594
468595
468596
468597
468881
468882
468884
468885
468886
468887
468888
468889
468890
468891
469182
469183
469184
469185
469187
469188
469190
469191
469192
469485
469486
469487
469488
469489
469490
469491
469768
469769
469770
469771
469772
469773
469774
469775
469776
469777
470049
470050
470051
470052
470053
470054
470055
470056
470057
470307
470308
470309
470310
470311
470312
470313
470314
470315
470549
470550
470551
470552
470553
470554
470555
470556
470557
470558
470814
470815
470816
470817
470818
470819
470820
471095
471096
471097
471098
471099
471100
471101
471102
471368
471369
471370
471372
471645
471646
471648