203441
204008
204009
204010
204561
204562
204563
204564
204565
204566
204567
205107
205108
205109
205110
205111
205112
205113
205114
205115
205116
205117
205118
205119
205662
205663
205664
205665
205667
205668
205669
205670
205671
205672
205673
205674
205675
205679
206209
206210
206211
206212
206213
206214
206215
206216
206217
206218
206219
206220
206221
206223
206224
206225
206226
206227
206228
206229
206767
206768
206769
206770
206771
206772
206773
206774
206775
206776
206777
206778
206779
206780
206781
206782
206785
207306
207308
207309
207310
207311
207312
207313
207314
207315
207316
207317
207318
207319
207839
207840
207841
207842
207846
207847
207848
207849
207850
207851
207852
207853
207854
207855
207856
208348
208349
208350
208355
208356
208357
208358
208359
208360
208361
208362
208363
208364
208365
208861
208862
208863
208864
208865
208866
208867
208868
208869
208870
208871
209342
209343
209344
209345
209346
209347
209348
209349
209350
209351
209358
209840
209841
209842
209843
209844
209845
209846
209847
209848
209849
209850
209851
209858
209859
209860
209861
210331
210332
210333
210334
210335
210337
210338
210339
210340
210345
210346
210347
210348
210830
210831
210832
210833
210835
210838
210839
210840
210841
210842
210843
210844
210846
210847
210848
210849
210850
210851
211363
211364
211365
211366
211367
211368
211370
211371
211372
211373
211374
211375
211376
211377
211378
211889
211890
211891
211892
211893
211894
211895
211896
211897
211898
212411
212412
212413
212414
212916
212917
212918
212919
213427
213428
213429
213430
213431
213432
213433
213434
213956
213957
213958
213959
213960
213961
213962
213963
214522
214523
214524
214525
214526
214527
215113
215114
215115
215116
215117
215118
215683
215684
215685
215686
215687
215688
216251
216253
216254
216255
216820
217388
217389
217391
217392
217393
217954
217955
217957
217958
217959
218514
218515
218516
218517
218518
218519
218520
218521
218522
219061
219062
219063
219064
219065
219066
219067
219068
219069
219070
219071
219574
219575
219576
219577
219578
219579
219580
219581
219582
219583
219584
219585
220107
220108
220109
220110
220111
220112
220113
220114
220115
220116
220117
220118
220128
220129
220130
220131
220678
220679
220680
220681
220682
220683
220684
220685
220686
220697
220698
220699
220700
221242
221243
221244
221245
221246
221247
221248
221262
221263
221264
221265
221266
221267
221791
221792
221793
221794
221795
221796
221797
221798
221799
221813
221815
221816
221817
221818
221819
222317
222318
222321
222322
222323
222324
222325
222326
222327
222334
222335
222336
222337
222338
222339
222340
222341
222342
222343
222344
222345
222848
222849
222850
222851
222852
222853
222854
222855
222856
222857
222858
222859
222860
222861
222862
222865
222866
222867
222868
222869
222870
222871
222872
222873
223358
223359
223360
223361
223362
223363
223364
223365
223366
223367
223368
223369
223370
223371
223372
223373
223374
223375
223376
223377
223378
223379
223380
223381
223382
223383
223894
223895
223896
223897
223898
223899
223900
223901
223902
223903
223904
223905
223906
223907
223908
223909
223910
223911
223912
223913
223914
223915
224416
224417
224418
224419
224420
224422
224423
224424
224425
224426
224427
224428
224429
224430
224431
224433
224434
224919
224920
224921
224922
224923
224925
224926
224927
224928
224929
224930
224931
224932
224933
225425
225426
225427
225428
225429
225430
225431
225434
225435
225436
225923
225924
225925
225928
225931
225932
226438
226439
226447