216766
216767
217337
217897
217898
218452
218453
218454
218995
219008
219009
219010
219011
219012
219013
219014
219504
219505
219506
219508
219517
219518
219519
219520
219521
219522
219523
219524
219525
219526
220040
220041
220042
220043
220044
220052
220053
220054
220055
220056
220057
220058
220059
220060
220607
220608
220609
220610
220611
220618
220619
220620
220621
220622
220623
220624
220625
220632
221169
221170
221171
221172
221173
221174
221175
221176
221177
221179
221180
221181
221182
221183
221184
221185
221186
221187
221188
221189
221190
221196
221197
221198
221726
221727
221728
221729
221730
221731
221735
221736
221737
221738
221740
221741
221742
221744
221745
221746
221747
221748
221749
222257
222258
222259
222260
222261
222262
222266
222267
222268
222269
222270
222274
222277
222278
222279
222280
222281
222282
222283
222284
222781
222782
222783
222784
222785
222786
222787
222788
222791
222792
222793
222794
222798
222799
222800
222802
222803
222806
222807
222808
222809
222810
222811
222812
222813
223299
223303
223304
223305
223306
223307
223308
223309
223310
223311
223317
223318
223319
223320
223322
223323
223324
223325
223326
223327
223328
223329
223833
223835
223836
223837
223838
223839
223840
223841
223842
223843
223844
223845
223851
223852
223853
223854
223855
223856
223857
223858
223859
223860
223861
223862
223863
224359
224361
224362
224363
224364
224365
224366
224367
224368
224369
224370
224374
224378
224379
224380
224381
224385
224386
224862
224863
224865
224866
224867
224868
224869
224870
224871
224873
224874
224875
224883
224884
224885
224886
224887
224889
224890
224891
225375
225376
225377
225378
225379
225380
225381
225382
225383
225384
225385
225386
225387
225388
225394
225395
225396
225397
225398
225399
225400
225401
225888
225889
225890
225891
225894
225895
225896
225897
225898
225899
225900
225901
225902
225903
225905
226394
226398
226400
226401
226402
226403
226404
226405
226406
226407
226408
226409
226410
226411
226412
226413
226414
226907
226908
226909
226910
226911
226912
226913
226914
226915
226916
226917
226918
226919
226920
226921
226922
226923
227410
227411
227412
227413
227414
227415
227416
227417
227418
227419
227420
227421
227924
227925
227926
227927
227928
227929
227930
227931
227933
228452
228453
228455
228456
228457
228458
228459
228460
228461
228462
228463
228970
228971
228972
228973
228974
228975
228976
228977
228978
228979
228980
228981
228982
228983
229484
229485
229486
229487
229488
229489
229490
229491
229492
229493
229494
229495
229496
229497
229498
229499
229500
230017
230018
230019
230020
230021
230022
230023
230024
230025
230026
230027
230028
230029
230030
230031
230032
230033
230034
230035
230036
230037
230038
230556
230557
230558
230559
230560
230561
230562
230563
230564
230565
230566
230567
230568
230569
231089
231090
231091
231092
231093
231094
231095
231096
231097
231098
231099
231100
231101
231102
231103
231104
231640
231641
231642
231643
231644
231645
231646
231647
231648
231649
231650
231651
231652
231653
231654
231655
232213
232214
232215
232216
232217
232218
232219
232220
232221
232222
232223
232224
232225
232226
232227
232230
232231
232232
232782
232783
232784
232785
232786
232787
232788
232790
232792
232793
232794
232797
232798
232799
233376
233377
233378
233379
233380
233381
233382
233387
233961
233962
233963
233964
233965
233966
233967
233968
233970
233971
233972
234512
234514
234515
234518
234519
234520
234521
234522
235073
235076
235077
235080
235081
235628
235629
236215