429380
429941
429942
429943
430485
430486
430487
431013
431014
431015
431534
431535
431536
432038
432039
432553
432554
433068
433585
433586
433590
434086
434087
434088
434089
434090
434091
434577
434578
434579
434580
434581
434582
434583
434584
434585
435070
435071
435072
435073
435074
435075
435076
435077
435078
435569
435570
435571
435572
435573
436051
436052
436053
436503
436504
436505
436506
436943
436944
436945
436946
437391
437392
437393
437394
437836
437837
437838
437839
438283
438286
438728
438729
439164
439166
439580
439581
439582
439583
439584
439992
439993
439994
440369
440375
440376
440377
440760
440761
440762
440763
440764
440765
440766
440767
440768
441129
441130
441131
441132
441133
441134
441135
441136
441137
441525
441526
441527
441528
441529
441530
441531
441532
441533
441534
441895
441896
441897
441898
441899
441900
441901
442237
442238
442239
442240
442241
442242
442243
442244
442595
442596
442597
442598
442599
442601
442602
442603
442953
442954
442955
442956
442957
442958
442961
442962
442963
442964
443333
443334
443335
443336
443337
443338
443339
443340
443341
443342
443343
443344
443345
443346
443353
443354
443355
443714
443715
443716
443717
443718
443719
443720
443721
443722
443723
443724
443725
443726
443728
443729
443730
443731
443732
443733
444083
444084
444085
444086
444087
444088
444089
444090
444091
444092
444093
444094
444095
444096
444102
444103
444452
444453
444454
444455
444456
444457
444458
444459
444460
444461
444462
444463
444464
444465
444467
444468
444469
444470
444808
444809
444810
444811
444812
444813
444814
444815
444816
444817
444818
444819
444820
444821
444822
444823
444824
444825
444826
445174
445175
445176
445177
445178
445179
445180
445181
445182
445183
445184
445185
445186
445187
445188
445189
445190
445191
445192
445193
445194
445537
445538
445539
445540
445541
445542
445543
445544
445545
445546
445547
445548
445549
445550
445551
445552
445553
445554
445555
445556
445557
445558
445559
445560
445910
445911
445912
445913
445914
445915
445916
445917
445918
445919
445920
445921
445922
445923
445924
445925
445926
445927
445928
445929
445930
445931
445932
445933
445934
445935
446270
446271
446272
446273
446274
446275
446276
446277
446278
446279
446280
446281
446282
446283
446284
446285
446286
446287
446288
446289
446290
446291
446292
446293
446294
446295
446296
446297
446627
446628
446629
446630
446631
446632
446633
446634
446635
446636
446637
446638
446639
446640
446641
446642
446643
446644
446645
446646
446647
446648
446649
446650
446651
446960
446961
446962
446963
446964
446965
446966
446967
446968
446969
446970
446971
446972
446973
446974
446975
446976
446977
446978
446979
446980
446981
446982
446983
446984
446985
447276
447278
447279
447280
447281
447282
447283
447284
447285
447286
447287
447288
447289
447290
447291
447292
447293
447298
447299
447300
447582
447583
447584
447585
447586
447587
447588
447589
447590
447591
447592
447593
447594
447595
447596
447597
447898
447899
447900
447901
447902
447903
447904
447905
447906
447907
447908
447909
447910
447911
448223
448224
448225
448226
448227
448228
448229
448230
448231
448232
448233
448234
448235
448236
448237
448238
448553
448554
448555
448556
448557
448558
448559
448560
448561
448562
448563
448564
448565
448566
448875
448876
448877
448878
448879
448880
448881
448882
448883
448884
448885
448886
448887
448888
449196
449197
449198
449199
449200
449201
449202
449203
449204
449523
449524
449525
449526
449527
449528
449852
449853
449854
450195