189664
190242
190817
190818
191372
191373
191374
191375
191376
191377
191378
191936
191937
191938
191939
191940
191941
191942
191943
191945
192497
192498
192499
192500
192501
192502
192503
192504
192505
192506
192507
192508
193054
193055
193056
193057
193058
193059
193060
193061
193062
193063
193064
193065
193066
193067
193615
193616
193617
193618
193619
193620
193621
193622
193623
193624
193625
193626
193627
193628
193631
194170
194171
194172
194173
194176
194177
194178
194179
194180
194182
194183
194184
194185
194186
194187
194188
194189
194190
194741
194742
194743
194744
194745
194746
194747
194748
194749
194750
194751
194752
194753
194754
194755
194756
195289
195290
195291
195292
195293
195294
195295
195296
195297
195298
195299
195300
195301
195831
195832
195833
195834
195835
195836
195837
195838
195839
195840
195842
195843
195844
195845
195846
195847
195848
196353
196354
196355
196356
196357
196359
196360
196361
196362
196363
196364
196365
196366
196367
196876
196877
196878
196879
196880
196884
196885
196886
196887
196888
196889
196890
196891
196892
196893
197395
197396
197397
197398
197399
197401
197402
197403
197404
197405
197406
197407
197408
197410
197411
197412
197413
197952
197953
197954
197955
197959
197960
197961
197962
197963
197964
197965
197966
197968
197969
197970
197971
198510
198511
198512
198516
198517
198518
198519
198520
198521
198522
198524
198525
198526
198527
198528
198529
198530
199092
199093
199098
199099
199100
199102
199103
199104
199105
199106
199109
199110
199111
199112
199113
199114
199115
199692
199693
199694
199695
199696
199697
199698
199699
199700
199701
199702
199703
200278
200279
200280
200281
200282
200283
200284
200288
200289
200290
200293
200294
200857
200858
200859
200860
200861
200862
200863
200864
200865
200866
200867
200868
200869
201410
201411
201412
201413
201414
201415
201416
201417
201418
201419
201420
201972
201973
201974
201975
201976
201977
201978
201979
201980
201981
201982
202551
202553
202554
202555
202556
202557
202558
203141
203142
203143
203714
203715
203716
203718
203719
203720
204269
204270
204271
204272
204825
204826
204827
204828
205370
205373
205923
205924
206467
206468
206471
206472
206473
206474
207012
207013
207014
207015
207016
207017
207018
207019
207020
207021
207544
207549
207550
207551
207552
208063
208064
208065
208068
208069
208070
208565
208566
208571
208575
209061
209063
209065
209066
209068
209069
209539
209540
209541
209542
209543
209544
209545
209546
209547
209548
210036
210037
210039
210040
210041
210042
210043
210044
210045
210522
210523
210524
210526
210527
210528
210529
210530
210531
211036
211037
211038
211039
211040
211041
211042
211043
211044
211549
211550
211551
211552
211553
211556
211557
211558
211559
211560
212073
212074
212075
212076
212078
212079
212080
212081
212082
212083
212586
212587
212588
212589
212591
212592
212593
212595
212596
212597
212598
212599
213115
213116
213117
213118
213119
213120
213121
213122
213123
213124
213125
213126
213127
213128
213129
213655
213656
213657
213658
213659
213660
213661
213662
213663
213664
213665
213666
213667
213668
214213
214214
214215
214216
214217
214218
214220
214221
214222
214223
214224
214225
214791
214792
214793
214794
214795
214796
214797
214800
214801
214802
214803
215379
215380
215381
215382
215945
215946
215948
215949
216510
216511
216512
216515
217081
217082
217083
217084
217085
217648
217649
218197
218198
218199
218200
218201
218202
218752
218753
218754
218755
218756
218757
219282
219283
219284