245006
245617
246192
246193
246194
246196
246197
246781
246786
246788
246789
247365
247366
247367
247368
247369
247371
247372
247378
247379
247930
247931
247932
247933
247934
247935
247936
247937
247938
247939
247940
247941
247942
247943
247944
247945
247946
247947
248488
248489
248490
248491
248492
248493
248494
248495
248496
248497
248498
248499
248500
248501
248502
248503
249043
249044
249045
249046
249047
249048
249049
249050
249051
249052
249053
249054
249055
249056
249057
249599
249600
249601
249602
249603
249604
249605
249606
249607
249608
249609
249610
249611
249612
249613
249614
249615
249616
250141
250142
250143
250144
250145
250147
250148
250149
250150
250151
250152
250153
250154
250155
250156
250157
250158
250159
250162
250163
250680
250681
250682
250683
250684
250685
250688
250689
250690
250691
250692
250693
250694
250699
250700
250701
250703
250704
250705
250706
250707
251231
251232
251233
251234
251235
251236
251241
251242
251243
251244
251245
251250
251251
251252
251253
251254
251255
251256
251257
251258
251800
251801
251802
251803
251804
251805
251806
251807
251808
252387
252388
252389
252390
252391
252392
252393
252394
252395
252396
252397
252399
252973
252974
252975
252976
252977
252978
252979
252980
252981
252982
252983
252984
252985
253547
253548
253549
253550
253551
253552
253553
253554
253555
253556
253557
253558
253559
253560
253561
253562
253563
253564
253565
253566
253567
253568
254120
254121
254122
254123
254124
254125
254126
254127
254128
254129
254130
254131
254132
254133
254134
254135
254136
254137
254138
254139
254140
254727
254728
254729
254730
254731
254732
254733
254734
254735
254736
254737
254738
254739
254740
254741
254742
254743
254744
254745
255339
255340
255341
255342
255343
255344
255345
255346
255347
255348
255349
255350
255351
255352
255353
255354
255355
255356
255357
255358
255942
255943
255944
255945
255946
255947
255948
255949
255950
255951
255952
255953
255954
255955
255956
255957
255958
255959
255960
255961
255962
256562
256563
256564
256565
256566
256567
256568
256569
256570
256571
256572
256573
256574
256575
256576
256577
256578
256579
256580
257179
257180
257181
257182
257183
257184
257185
257186
257187
257188
257189
257190
257191
257192
257193
257194
257195
257196
257804
257805
257806
257807
257808
257809
257810
257811
257812
257813
257816
258411
258412
258413
258414
258415
258416
258417
258418
258419
258420
258421
258422
258423
258424
259036
259037
259038
259039
259040
259041
259042
259043
259044
259045
259046
259047
259048
259049
259684
259685
259686
259687
259688
259689
259690
259691
259692
259693
259694
259695
259696
259697
260319
260320
260321
260322
260323
260324
260325
260326
260327
260328
260329
260330
260331
260954
260955
260956
260957
260958
260959
260960
260961
260962
260963
260964
260965
260966
261569
261570
261571
261572
261573
261574
261575
261576
261577
261578
261579
261580
261582
262181
262182
262183
262184
262185
262186
262187
262188
262189
262190
262191
262192
262789
262790
262791
262792
262793
262794
262795
262796
262797
262798
262799
262800
263392
263393
263394
263395
263396
263397
263398
263399
263400
263401
263402
263403
263404
263406
263407
263987
263988
263989
263990
263991
263992
263993
263994
263995
263996
263997
264000
264001
264002
264003
264610
264611
264612
264613
264614
264615
264616
264617
264618
264619
264620
264621
264622
264623
264624
264625
264627
264628
264629
265242
265243
265244
265245
265246
265247
265248
265249
265250
265251
265253
265874
265875