309872
309873
310403
310408
310409
310410
310411
310412
310413
310414
310415
310416
310417
310418
310419
310940
310941
310942
310943
310945
310951
310952
310953
310954
310955
310956
310957
310958
310959
310960
310961
310962
310963
311478
311479
311480
311481
311482
311483
311484
311485
311486
311487
311489
311490
311491
311492
311493
311494
311495
311496
311499
311500
312009
312010
312011
312012
312013
312014
312015
312016
312017
312018
312020
312021
312022
312023
312024
312025
312026
312027
312030
312031
312518
312519
312520
312521
312522
312523
312524
312525
312526
312527
312528
312529
312530
312531
312532
312533
312534
312535
312536
312537
312539
312540
312541
312989
312990
312991
312992
312993
312994
312995
312996
312997
312998
312999
313000
313001
313005
313006
313007
313008
313009
313010
313011
313012
313013
313014
313015
313461
313462
313463
313464
313465
313466
313467
313468
313469
313470
313471
313473
313474
313475
313476
313477
313478
313479
313480
313481
313482
313483
313484
313936
313937
313938
313939
313940
313941
313942
313943
313944
313945
313946
313947
313948
313949
313950
313951
313952
313953
313954
313955
313956
313957
313958
313959
313960
313961
314399
314400
314401
314402
314403
314404
314405
314406
314407
314408
314409
314410
314411
314412
314414
314415
314416
314417
314418
314419
314420
314422
314423
314424
314425
314848
314849
314850
314851
314853
314854
314855
314856
314857
314858
314859
314860
314861
314862
314863
314866
314867
314868
314869
314870
314871
314872
315293
315294
315295
315296
315297
315298
315300
315301
315302
315304
315311
315312
315313
315314
315315
315316
315317
315743
315744
315745
315746
315747
315748
315752
315753
315754
315755
315756
315765
315766
315768
315769
315770
316200
316201
316202
316203
316206
316207
316208
316209
316210
316211
316212
316213
316227
316676
316677
316678
316680
316681
316682
316683
316684
316685
316687
316688
316699
317151
317152
317153
317154
317155
317156
317159
317160
317161
317162
317163
317164
317165
317169
317170
317628
317629
317630
317631
317633
317634
317635
317636
317637
317638
317640
317641
317642
317643
317647
317648
317649
317653
318111
318112
318114
318115
318116
318117
318118
318120
318121
318122
318123
318124
318125
318126
318127
318128
318129
318130
318131
318132
318133
318134
318135
318136
318137
318138
318139
318140
318626
318627
318628
318629
318630
318631
318632
318633
318634
318635
318636
318637
318638
318639
318640
318641
318642
318643
318644
318645
318646
318647
318648
318649
318650
318651
318652
318653
318654
318655
318656
318657
319116
319117
319120
319121
319122
319123
319124
319125
319126
319127
319128
319129
319130
319131
319132
319133
319134
319135
319136
319137
319138
319140
319141
319142
319143
319144
319145
319613
319614
319615
319616
319617
319618
319619
319622
319623
319624
319625
319626
319627
319628
319629
319630
319631
319632
319633
319634
319635
319636
319637
320109
320110
320111
320112
320113
320114
320120
320121
320122
320123
320124
320125
320126
320127
320128
320129
320131
320132
320133
320134
320593
320594
320595
320596
320597
320598
320599
320600
320604
320605
320606
320607
320608
320609
320610
320611
320612
321078
321079
321080
321081
321082
321083
321086
321087
321088
321089
321090
321091
321092
321093
321545
321546
321547
321548
321549
321550
321551
321554
321555
321556
321557
321558
321559
321560
321561
321562
321563
322004
322005
322007
322008
322009
322010
322473
322474
322475
322476
322479
322480
322969
322970
322971