453876
454174
454175
454176
454177
454180
454181
454182
454183
454472
454473
454474
454477
454478
454479
454480
454481
454485
454486
454487
454488
454489
454490
454788
454789
454790
454791
454792
454793
454794
454795
454796
454797
454798
454799
454800
454802
454803
454804
454805
454806
454807
454808
455093
455094
455095
455096
455097
455098
455099
455100
455101
455102
455103
455104
455105
455106
455107
455108
455109
455110
455111
455112
455113
455114
455115
455116
455117
455118
455119
455408
455409
455410
455411
455412
455413
455415
455416
455417
455418
455419
455420
455423
455424
455425
455426
455427
455428
455429
455430
455431
455432
455433
455434
455435
455436
455437
455751
455752
455753
455754
455755
455756
455757
455758
455759
455760
455761
455762
455763
455764
455765
455768
455769
455770
455771
455772
455773
455774
455775
455776
455777
455778
455781
456111
456112
456113
456114
456115
456116
456117
456118
456119
456120
456121
456122
456123
456124
456125
456126
456127
456128
456129
456130
456131
456132
456133
456134
456457
456458
456459
456460
456461
456462
456463
456464
456465
456466
456467
456468
456469
456470
456471
456472
456473
456474
456475
456476
456477
456478
456789
456790
456791
456792
456793
456794
456795
456796
456797
456798
456799
456800
456801
456802
456803
456804
456805
456806
456807
456808
456809
456810
456811
456812
457105
457107
457111
457112
457113
457114
457115
457116
457117
457118
457119
457120
457121
457122
457123
457124
457125
457126
457127
457128
457129
457130
457131
457132
457133
457134
457135
457423
457424
457425
457426
457427
457428
457429
457430
457431
457432
457433
457434
457435
457436
457437
457438
457439
457440
457441
457442
457443
457444
457445
457446
457447
457448
457449
457450
457451
457452
457742
457743
457744
457745
457746
457747
457748
457749
457750
457751
457752
457753
457754
457755
457756
457757
457758
457759
457760
457761
457762
457763
457764
457765
457766
457767
458039
458040
458041
458042
458043
458044
458045
458046
458047
458048
458049
458050
458051
458052
458053
458054
458055
458056
458057
458058
458059
458060
458061
458062
458340
458341
458343
458344
458345
458347
458348
458349
458350
458351
458354
458355
458356
458357
458358
458359
458360
458361
458362
458363
458364
458646
458647
458648
458649
458650
458651
458652
458653
458654
458655
458656
458657
458658
458661
458662
458663
458664
458665
458666
458667
458668
458669
458670
458671
458952
458953
458954
458955
458956
458957
458958
458959
458960
458961
458962
458963
458964
458965
458968
458969
458970
458971
458972
458973
458974
458975
458976
459268
459269
459270
459272
459273
459274
459278
459279
459280
459281
459283
459284
459285
459286
459287
459288
459289
459568
459569
459571
459572
459573
459574
459575
459576
459577
459578
459579
459580
459581
459582
459583
459584
459585
459586
459866
459867
459868
459870
459871
459872
459873
459874
459875
459876
459877
459878
459881
459882
460164
460165
460166
460167
460171
460172
460173
460174
460175
460177
460178
460181
460182
460478
460479
460480
460481
460484
460485
460486
460487
460488
460489
460490
460491
460492
460493
460494
460495
460496
460497
460498
460800
460801
460802
460803
460808
460809
460810
460811
460812
460813
460814
460815
460816
460817
460818
460819
461110
461111
461114
461115
461116
461117
461118
461119
461120
461121
461122
461123
461124
461125
461431
461432
461442
461444
461445
461446
461448
461449
461450
461758
461759
461760
461773
461774
461775
461777
461778
462085
462086
462098