167858
168387
168901
168902
168903
169392
169393
169394
169395
169396
169397
169398
169407
169408
169409
169411
169412
169413
169414
169415
169416
169909
169910
169911
169912
169913
169914
169916
169917
169924
169925
169926
169927
169928
169929
170436
170437
170438
170439
170440
170441
170442
170443
170449
170450
170451
170452
170453
170454
170455
170456
170984
170985
170986
170987
170988
170989
170990
170991
170992
170995
170996
170997
170998
170999
171000
171001
171002
171003
171004
171512
171513
171514
171515
171516
171517
171518
171519
171520
171524
171525
171526
171527
171528
171529
171530
171531
171532
172041
172042
172043
172044
172045
172046
172047
172048
172049
172050
172054
172055
172056
172057
172058
172059
172060
172061
172549
172550
172551
172552
172553
172554
172555
172556
172557
172558
172559
172560
172561
172562
172563
172564
172565
172566
172567
172568
172569
172570
172571
172572
172573
172574
172575
172576
173055
173056
173057
173058
173059
173060
173061
173062
173063
173064
173065
173066
173067
173068
173069
173070
173071
173072
173073
173074
173075
173076
173077
173078
173079
173080
173575
173576
173577
173578
173579
173580
173581
173582
173583
173584
173585
173586
173587
173588
173589
173590
173591
173592
173593
173594
173595
173596
173597
173598
173599
173600
173601
174098
174099
174100
174101
174102
174103
174104
174105
174106
174107
174108
174109
174110
174111
174112
174113
174114
174115
174116
174117
174118
174119
174120
174121
174122
174123
174124
174125
174643
174644
174645
174646
174647
174648
174649
174650
174651
174652
174653
174654
174655
174656
174657
174658
174659
174660
174661
174662
174663
174664
174665
174666
174667
174668
174669
175181
175182
175183
175184
175185
175186
175187
175188
175189
175190
175191
175192
175193
175194
175195
175196
175197
175198
175199
175200
175201
175202
175712
175713
175714
175715
175716
175717
175718
175719
175720
175721
175722
175723
175724
175725
175726
175727
175728
175729
176296
176297
176298
176299
176300
176301
176302
176303
176304
176305
176306
176307
176308
176309
176310
176311
176312
176313
176314
176315
176316
176907
176908
176909
176910
176911
176912
176913
176914
176915
176916
176919
176920
176921
176922
176923
176924
176925
176926
176927
176928
176929
176933
177556
177557
177558
177559
177560
177561
177562
177563
177565
177566
177567
177568
177569
177570
177571
177572
177573
177574
177575
177576
177577
177578
177579
177580
177581
177582
178210
178211
178212
178213
178214
178215
178216
178219
178220
178221
178222
178223
178224
178225
178226
178227
178228
178229
178230
178231
178857
178858
178861
178862
178863
178864
178865
178868
178869
178870
178871
178872
178873
178874
178875
179512
179513
179514
179515
179516
179517
179518
179519
179520
179524
179525
179526
179527
179528
179529
179530
180149
180150
180151
180152
180153
180154
180155
180156
180163
180164
180165
180166
180167
180168
180169
180170
180171
180806
180807
180808
180809
180810
180811
180812
180820
180821
180822
180823
180824
180825
180826
180827
180828
181483
181484
181487
181498
181499
181500
181501
181502
181503
181504
181505
181506
181507
182172
182177
182178
182179
182180
182813
182819
182821
182822
183452
183453
183454
184037
184038
184039
184040
184041
184042
184637
184638
184639
184640
185258
185259
185260
185261
185262
185263
185264
185907
185908
185909
185911
185912
185913
186551
186552
186554
186555
186556
186557
187180
187181
187183
187184
187185
187787
187788
187789
187790
187791
187794