107119
107715
107717
108323
108324
108325
108326
108949
108950
109595
109596
109597
110221
110222
110223
110227
110228
110229
110230
110231
110232
110233
110836
110837
110838
110839
110840
110841
110843
110844
110845
110846
110847
110848
110849
110850
110851
111467
111468
111469
111470
111471
111472
111473
111474
111475
111476
111477
111478
111479
111480
111481
112052
112053
112054
112055
112056
112057
112058
112059
112060
112061
112062
112063
112064
112065
112066
112659
112660
112661
112662
112663
112664
112665
112666
112667
112668
112669
112670
112671
112672
112673
112674
112675
113256
113257
113258
113259
113260
113261
113262
113263
113264
113265
113266
113267
113268
113269
113270
113833
113834
113835
113836
113837
113838
113839
113840
113841
113842
113843
113844
113845
114394
114395
114396
114397
114398
114399
114400
114401
114402
114403
114404
114405
114948
114949
114950
114951
114952
114953
114954
114955
114956
114957
114958
114959
114960
115495
115496
115497
115498
115499
115501
115505
115506
116045
116046
116047
116048
116050
116052
116053
116054
116055
116056
116607
116608
116609
116610
116615
116616
116617
116618
116619
117149
117150
117151
117154
117155
117156
117157
117164
117165
117166
117698
117699
117700
117701
117702
117703
117711
117712
118247
118248
118249
118250
118256
118257
118780
118781
118782
118783
118784
118785
118786
118792
118793
118794
118795
119322
119323
119324
119325
119326
119327
119334
119335
119336
119337
119338
119339
119876
119877
119878
119880
119881
119882
119883
119891
119892
119893
119894
119895
120429
120430
120431
120432
120433
120434
120435
120442
120971
120973
120974
120975
120976
121492
121494
121495
121496
121497
121498
121501
121502
122009
122010
122014
122015
122016
122017
122018
122019
122020
122026
122528
122529
122530
122531
122532
122534
122535
122536
122537
122538
123057
123059
123060
123061
123062
123063
123064
123065
123066
123067
123068
123069
123070
123071
123072
123073
123074
123613
123614
123615
123616
123617
123618
123619
123620
123621
123622
123623
123624
123625
123626
123627
123628
123629
123630
123631
123632
123633
124182
124183
124184
124185
124186
124187
124188
124189
124190
124191
124192
124193
124194
124195
124196
124197
124198
124199
124200
124752
124753
124755
124756
124757
124758
124759
124760
124761
124762
124763
124764
124765
124766
124767
124768
124769
124770
124771
124772
124773
124774
125313
125314
125315
125316
125317
125318
125319
125320
125321
125322
125323
125324
125325
125326
125327
125328
125329
125330
125331
125332
125333
125334
125335
125336
125869
125870
125871
125872
125873
125874
125875
125876
125877
125878
125879
125880
125881
125882
125883
125884
125885
125886
125887
125888
125889
125890
125891
126423
126424
126425
126426
126427
126428
126429
126430
126431
126432
126433
126434
126435
126436
126437
126438
126439
126440
126441
126442
126443
126978
126979
126980
126981
126982
126983
126984
126985
126986
126987
126988
126989
126990
126991
126992
126993
126994
127518
127519
127520
127521
127522
127523
127524
127525
127526
127527
127528
127529
127530
127531
127532
127533
128056
128057
128058
128059
128060
128061
128062
128063
128064
128065
128066
128067
128068
128069
128070
128570
128571
128572
128573
128574
128575
128576
128577
128578
128579
128580
128581
128582
129061
129062
129063
129064
129065
129066
129067
129068
129069
129070
129071
129072
129073
129075
129076
129582
129583
129584
129585
129586
129587
129588
129589
129591
130117
130118
130634
130635