437491
437492
437939
437940
438391
438392
438395
438396
438397
438398
438832
438833
438834
438835
438836
438837
438838
438839
438840
438841
438842
438844
438845
439279
439280
439281
439282
439283
439284
439285
439286
439287
439288
439289
439290
439291
439292
439293
439695
439696
439697
439698
439699
439700
439701
439702
439703
439704
439705
439706
439707
439708
439709
440095
440096
440097
440098
440099
440101
440102
440103
440104
440479
440480
440481
440482
440483
440484
440485
440486
440487
440868
440869
440870
440871
440872
440873
440874
440875
441248
441249
441250
441251
441252
441253
441254
441256
441257
441258
441632
441633
441634
441635
441636
441984
441985
441986
442340
442341
442342
442343
442344
442345
442346
442347
442702
442703
442704
442705
442706
442707
442708
442709
443066
443067
443068
443069
443070
443071
443072
443073
443074
443075
443433
443434
443435
443438
443439
443440
443441
443442
443806
443807
443808
443809
443812
443813
443814
443815
443816
444176
444177
444178
444179
444181
444182
444183
444550
444551
444552
444557
444558
444559
444909
444910
444911
444912
445281
445282
445283
445284
445285
445648
445649
445650
445651
445652
445653
445654
445655
445656
445657
445658
446016
446017
446018
446019
446020
446021
446022
446023
446024
446028
446029
446383
446384
446385
446386
446387
446388
446389
446390
446391
446393
446394
446395
446396
446730
446735
446736
446737
446738
446739
446742
447050
447051
447052
447053
447054
447055
447056
447057
447058
447059
447060
447061
447062
447063
447366
447367
447368
447369
447370
447371
447372
447373
447374
447375
447376
447377
447378
447678
447679
447680
447681
447682
447683
447684
447685
447686
447687
447688
447689
448004
448005
448006
448007
448008
448009
448010
448011
448012
448013
448014
448016
448017
448018
448334
448335
448336
448337
448338
448339
448340
448341
448342
448347
448348
448349
448664
448665
448666
448667
448668
448669
448670
448671
448672
448673
448675
448676
448677
448990
448991
448992
448993
448994
448995
448996
448997
448998
448999
449000
449313
449314
449315
449316
449317
449318
449319
449320
449321
449322
449323
449324
449325
449326
449638
449639
449640
449641
449642
449643
449644
449645
449646
449647
449648
449649
449650
449651
449652
449653
449654
449655
449961
449962
449963
449964
449965
449966
449967
449968
449969
449970
449971
449972
449973
449974
449975
449976
449977
449978
449979
449980
449981
449982
449983
450291
450292
450293
450294
450295
450296
450297
450298
450299
450300
450301
450302
450303
450304
450305
450306
450307
450308
450309
450310
450311
450312
450313
450314
450315
450625
450626
450627
450628
450629
450630
450631
450632
450633
450634
450635
450636
450637
450638
450639
450640
450641
450642
450643
450644
450645
450646
450647
450954
450955
450956
450957
450958
450959
450960
450961
450962
450963
450964
450965
450966
450967
450968
450969
450970
450971
450972
450973
451279
451280
451281
451282
451283
451284
451285
451286
451287
451288
451289
451290
451291
451292
451293
451294
451296
451599
451600
451601
451602
451603
451604
451605
451606
451607
451608
451609
451610
451611
451612
451613
451915
451916
451917
451918
451919
451920
451921
451922
451923
451924
451925
451926
451927
451928
451929
452239
452240
452241
452242
452243
452244
452245
452247
452248
452249
452250
452251
452252
452253
452254
452570
452571
452572
452573
452577
452578
452579
452580
452581
452582
452583
452905
452906
452910
452911
452912
452913
452914
452915
453255
453256
453257