394859
394860
394861
395399
395400
395401
395962
395963
395964
395965
396494
396495
396496
396497
396498
396499
396500
397024
397025
397026
397539
397541
397542
397546
397547
398077
398078
398079
398080
398081
398082
398083
398084
398085
398086
398087
398088
398626
398627
398628
398629
398630
398631
398632
398633
398634
398636
398637
398638
399192
399193
399194
399195
399196
399199
399200
399201
399202
399203
399204
399719
399720
399721
399726
399727
399728
399729
400238
400239
400240
400241
400242
400243
400244
400245
400246
400247
400734
400735
400736
400737
400738
400742
400743
400744
400745
400746
401238
401239
401243
401244
401245
401246
401248
401249
401740
401741
401746
401747
401748
401749
401750
401751
401752
401753
401754
401755
402238
402239
402240
402241
402242
402243
402244
402245
402246
402247
402248
402249
402250
402251
402252
402253
402254
402255
402276
402745
402746
402747
402748
402749
402750
402751
402752
402753
402754
402755
402756
402757
402758
402759
402760
402761
402777
402782
402784
403233
403234
403235
403236
403237
403238
403239
403240
403241
403242
403243
403244
403245
403246
403247
403248
403249
403253
403254
403261
403262
403263
403266
403267
403268
403269
403706
403707
403708
403709
403710
403711
403712
403713
403714
403715
403716
403717
403718
403719
403720
403722
403723
403724
403725
403726
403727
403728
403732
403733
403737
403738
403741
403742
403743
403744
403745
403746
404185
404186
404187
404188
404189
404190
404191
404192
404193
404194
404200
404201
404202
404203
404204
404205
404206
404207
404208
404209
404210
404211
404212
404214
404215
404216
404643
404644
404645
404646
404647
404648
404649
404650
404651
404652
404653
404654
404655
404656
404659
404660
404661
404662
404663
404664
404665
404666
404667
404668
404669
404670
404671
404672
405102
405103
405104
405105
405106
405107
405108
405109
405110
405111
405112
405113
405114
405115
405116
405117
405118
405119
405120
405121
405124
405125
405126
405127
405128
405129
405130
405131
405132
405133
405134
405135
405136
405551
405552
405553
405554
405555
405556
405557
405558
405559
405560
405561
405562
405563
405564
405565
405566
405567
405568
405569
405570
405574
405575
405576
405577
405578
405579
405580
405581
405582
405583
405584
406009
406010
406011
406012
406013
406014
406015
406016
406017
406018
406019
406020
406021
406022
406023
406024
406025
406026
406032
406033
406034
406035
406036
406037
406038
406039
406040
406041
406469
406470
406473
406474
406475
406476
406477
406478
406479
406480
406481
406482
406486
406487
406488
406489
406490
406491
406492
406493
406494
406495
406909
406910
406911
406912
406913
406914
406915
406916
406917
406918
406919
406920
406926
406927
406928
406929
406930
406932
406933
406934
406935
407345
407346
407347
407348
407349
407350
407351
407352
407353
407354
407362
407363
407364
407365
407366
407371
407784
407785
407786
407787
407788
407789
407790
407791
407800
407801
407802
408242
408243
408244
408245
408246
408247
408248
408257
408258
408259
408260
408686
408688
408690
408691
408692
408693
409117
409118
409119
409120
409121
409122
409123
409124
409126
409589
409590
409591
409592
409593
409594
409595
409596
409597
410060
410061
410062
410063
410064
410065
410066
410067
410068
410515
410516
410517
410518
410520
410521
410522
410962
410963
410964
410965
410966
411420
411421
411422
411423
411424
411425
411880
411881
411882
411883
411884
412369
412370
412371
412372
412853
412854
412855
412856
413336
413337
413338
413339
413831