47452
47883
47884
48353
48354
48355
48834
48835
48836
49298
49299
49300
49301
49302
49310
49311
49312
49774
49775
49776
49777
49778
49779
49780
49791
49792
49793
49794
50250
50251
50252
50253
50254
50255
50256
50257
50258
50264
50267
50268
50269
50715
50716
50717
50718
50719
50720
50721
50722
50723
50724
50725
50726
50727
50728
50733
50734
50735
50736
50737
50738
50739
51174
51175
51176
51177
51178
51179
51180
51181
51182
51183
51184
51185
51186
51187
51188
51189
51193
51194
51195
51196
51197
51198
51199
51200
51201
51202
51203
51630
51631
51632
51633
51634
51635
51636
51637
51638
51639
51640
51641
51642
51643
51645
51646
51647
51648
51649
51650
51651
51652
51653
51655
51656
51658
51659
51660
51661
51662
51663
51664
51665
51666
51667
52101
52102
52103
52104
52105
52106
52107
52108
52109
52110
52113
52114
52115
52116
52117
52118
52119
52120
52121
52122
52125
52126
52127
52128
52129
52130
52131
52132
52133
52134
52135
52136
52137
52580
52581
52582
52583
52584
52585
52586
52587
52588
52589
52590
52591
52592
52593
52594
52595
52596
52597
52598
52599
52600
52601
52602
52603
52604
52605
52606
52607
52608
52609
52610
52611
52613
52614
52615
53051
53052
53053
53054
53057
53058
53059
53060
53061
53062
53063
53064
53065
53066
53067
53068
53069
53070
53071
53072
53073
53074
53075
53076
53500
53501
53502
53505
53506
53507
53508
53509
53510
53511
53512
53513
53514
53515
53516
53517
53518
53519
53520
53521
53522
53523
53524
53525
53526
53527
53528
53529
53966
53967
53969
53970
53971
53972
53973
53974
53975
53977
53978
53979
53980
53981
53982
53983
53984
53985
53986
53987
53988
53989
53990
53991
53992
54448
54449
54450
54451
54452
54453
54454
54455
54457
54458
54459
54460
54461
54462
54463
54464
54465
54466
54467
54468
54469
54470
54930
54931
54932
54933
54934
54935
54936
54937
54938
54939
54941
54942
54943
54944
54945
54946
54947
54948
54949
54950
54951
54952
54953
54954
54955
55415
55416
55417
55418
55419
55420
55421
55422
55423
55424
55426
55427
55428
55429
55430
55431
55432
55433
55434
55435
55436
55437
55438
55897
55898
55899
55900
55901
55902
55903
55904
55906
55907
55908
55909
55910
55911
55912
55913
55914
55915
55916
55918
55919
55920
55921
56388
56393
56394
56397
56398
56399
56400
56403
56404
56405
56407
56890
56891
56892
56893
56895
56901
57434
57435
57436
57437
57440
57446
57447
57448
57990
57991
57992
57993
57999
58000
58558
58559
58560
58561
58562
58564
58565
58567
58568
58569
59120
59121
59122
59123
59124
59125
59126
59127
59128
59129
59130
59131
59706
59707
59708
59709
59710
59711
59714
59715
60315
60316
60317
60318
60319
60322
60323
60923
60924
60925
60926
60929
60930
61505
61506
61507
61508
61512
61513
61514
62107
62108
62109
62110
62111
62112
62114
62115
62116
62119
62120
62693
62694
62695
62696
62697
62698
62700
62701
62702
62703
62704
62705
62706
63260
63261
63262
63263
63264
63265
63266
63267
63268
63269
63270
63271
63272
63855
63857
63858
63859
63860
63861
63863
63864
63865
64447
64449
64450
64451
65037
65038
65039
65040
65613
65614
66166