134516
134517
134518
135100
135102
135103
135700
135701
135702
135703
135706
135707
136307
136308
136309
136310
136311
136312
136313
136915
136916
136917
136918
136919
137505
137506
137507
137508
137509
137510
138073
138074
138076
138077
138078
138079
138080
138081
138659
138660
138665
138666
138667
138668
138669
139254
139255
139258
139259
139260
139261
139262
139263
139861
139862
139863
139864
139865
139866
139867
139868
139869
140465
140466
140467
140468
140469
140470
140471
140472
140473
141072
141073
141074
141075
141076
141077
141078
141652
141653
141654
141656
141657
141658
142215
142216
142217
142218
142219
142220
142221
142775
142776
142777
142779
142780
142781
142782
142783
142784
142785
142786
143337
143338
143339
143341
143342
143343
143344
143345
143346
143347
143348
143887
143889
143890
143891
143892
143893
143894
143895
143896
143897
144410
144411
144412
144414
144415
144416
144417
144418
144419
144420
144421
144422
144423
144424
144425
144960
144961
144962
144964
144965
144966
144967
144969
144970
144971
144972
144973
144978
144979
145518
145519
145524
145525
145526
145527
145528
145529
145530
145531
145532
145533
145534
145535
145536
145538
145539
146083
146084
146088
146089
146091
146092
146093
146094
146095
146096
146097
146098
146099
146100
146101
146102
146103
146656
146657
146661
146662
146665
146666
146667
146668
146669
146670
146671
146672
146673
146674
146675
146676
146677
147206
147207
147208
147209
147210
147211
147212
147215
147216
147217
147218
147219
147220
147221
147222
147223
147224
147225
147226
147227
147228
147767
147768
147769
147770
147771
147772
147773
147774
147775
147776
147777
147778
147779
147780
147781
147782
147783
147784
147785
147786
147787
147788
147789
147790
147791
148302
148303
148304
148305
148306
148307
148308
148309
148310
148311
148312
148313
148314
148315
148316
148317
148318
148319
148320
148321
148322
148323
148324
148325
148326
148327
148328
148329
148851
148852
148853
148854
148855
148856
148857
148858
148859
148860
148861
148862
148863
148864
148865
148866
148867
148868
148869
148870
148871
148872
148873
149386
149387
149388
149389
149390
149391
149392
149393
149394
149395
149396
149397
149398
149399
149400
149401
149402
149403
149404
149405
149406
149407
149408
149409
149410
149924
149925
149926
149927
149928
149929
149930
149931
149932
149933
149934
149935
149936
149937
149938
149939
149940
150462
150463
150464
150465
150466
150467
150468
150469
150470
150471
150472
150473
150474
150475
150476
150989
150990
150991
150992
150993
150994
150995
150996
150997
150998
150999
151000
151001
151002
151003
151004
151005
151007
151008
151009
151533
151536
151537
151538
151539
151540
151541
151542
151543
151544
151545
151546
151547
151548
151549
151550
152100
152101
152102
152103
152104
152105
152106
152107
152108
152109
152110
152111
152112
152113
152114
152115
152116
152660
152661
152662
152663
152664
152665
152666
152667
152668
152669
152670
152671
152672
152673
152674
152675
152676
152677
152678
153193
153194
153195
153196
153197
153198
153199
153200
153201
153202
153203
153204
153205
153721
153722
153723
153724
153725
153726
153727
153728
153729
154242
154243
154244
154245
154246
154247
154248
154249
154250
154251
154252
154253
154755
154756
154757
154758
154759
154760
154761
154762
154763
154764
154765
155239
155240
155241
155242
155243
155244
155245
155246
155247
155248
155249
155250
155715
155716
155717
155718
155719
155720
155721
155722
155723
156179
156180
156181
156657
156658