174249
174250
174251
174785
174786
174787
174788
174789
175305
175306
175307
175308
175309
175310
175311
175844
175845
175846
175847
175848
175849
175850
175851
175852
176440
176441
176442
176443
176444
176445
176446
176447
176448
176449
177056
177057
177058
177059
177060
177061
177062
177063
177064
177066
177704
177705
177706
177707
177708
177709
177710
177711
177712
178351
178352
178353
178354
178355
178356
178357
178358
178359
178360
178361
178991
178992
178993
178994
178995
178996
178997
179001
179002
179003
179641
179642
179643
179644
179651
179652
179653
179654
179655
179656
179657
179658
180282
180283
180284
180285
180295
180296
180297
180298
180299
180300
180301
180303
180304
180950
180951
180952
180960
180961
180962
180963
180964
180965
180966
180967
180968
180969
181623
181624
181625
181634
181635
181636
181637
181638
181639
181640
181641
181642
181643
181644
182287
182288
182289
182290
182298
182299
182300
182301
182302
182303
182304
182305
182306
182307
182308
182309
182925
182926
182927
182928
182934
182935
182936
182937
182938
182939
182940
182941
182942
182943
182944
182945
182946
182947
182948
182949
183551
183552
183553
183554
183557
183558
183559
183560
183561
183562
183563
183564
183565
183566
183567
183568
183569
183570
183571
183572
183573
183574
183575
184140
184141
184142
184143
184145
184146
184147
184148
184149
184150
184151
184152
184153
184154
184155
184156
184157
184158
184159
184160
184161
184162
184163
184164
184165
184166
184745
184746
184747
184748
184749
184750
184751
184752
184753
184754
184755
184756
184757
184758
184759
184760
184761
184762
184763
184764
184765
184766
184767
184768
184769
184770
185377
185378
185379
185381
185382
185383
185384
185385
185386
185387
185388
185389
185390
185391
185392
185393
185396
185397
185398
185399
185400
186023
186024
186025
186026
186027
186028
186029
186030
186031
186032
186033
186034
186035
186037
186038
186039
186040
186041
186042
186043
186044
186666
186667
186670
186671
186672
186673
186674
186675
186679
186680
186681
186682
186683
186684
186685
186689
187286
187287
187291
187292
187293
187294
187295
187296
187297
187298
187299
187300
187301
187302
187303
187304
187307
187308
187895
187896
187897
187898
187900
187901
187902
187903
187904
187905
187906
187907
187908
187909
187910
187911
187912
187913
187915
187916
188508
188509
188510
188511
188512
188513
188514
188515
188516
188517
188518
188519
188520
188521
188522
188523
188524
188525
188526
188527
188528
188529
188530
188531
188532
189122
189123
189124
189126
189127
189128
189129
189130
189131
189132
189133
189134
189135
189136
189137
189138
189139
189140
189141
189142
189143
189144
189145
189146
189147
189720
189721
189722
189723
189724
189725
189726
189727
189728
189729
189730
189731
189732
189733
189734
189735
189736
189737
189738
189739
189740
189744
190297
190298
190299
190300
190301
190302
190303
190304
190305
190306
190307
190308
190309
190310
190311
190312
190313
190314
190315
190316
190317
190320
190321
190870
190871
190872
190873
190874
190875
190876
190877
190878
190879
190880
190881
190882
190883
190884
190885
190886
191434
191435
191436
191437
191438
191439
191440
191441
191442
191443
191444
191445
191446
191447
191448
191449
192002
192003
192004
192005
192006
192007
192008
192009
192010
192011
192012
192013
192014
192015
192563
192564
192565
192566
192567
192568
193119
193120
193121
193122
193123
193679
193680
193681
193682
193683
194235
194236
194237
194238
194797
194798
194799
195340
195341