58120
58685
59240
59241
59242
59243
59244
59836
59837
59838
59839
59840
59841
59842
59843
59844
60453
60454
60455
60456
60457
60458
60459
60460
60461
60462
60463
61056
61057
61058
61059
61060
61061
61062
61063
61645
61646
61647
61648
61649
61650
61651
62247
62248
62249
62250
62251
62252
62253
62816
62823
62824
62825
62826
62827
62828
63377
63378
63379
63380
63381
63382
63385
63386
63387
63388
63389
63390
63391
63392
63393
63394
63395
63975
63976
63977
63978
63979
63980
63981
63985
63986
63987
63988
63989
63990
63991
63992
63993
63994
63995
64572
64573
64574
64575
64576
64577
64578
64579
64580
64581
64582
64583
64584
64585
64586
64587
64588
64589
64590
64592
65154
65155
65156
65157
65158
65159
65160
65161
65162
65163
65164
65165
65166
65167
65168
65169
65170
65171
65718
65719
65720
65721
65722
65723
65724
65725
65726
65727
65728
65729
65730
65731
65732
65733
65734
65735
66271
66272
66273
66274
66275
66276
66277
66278
66279
66280
66281
66282
66283
66284
66285
66286
66805
66806
66807
66808
66809
66810
66811
66812
66813
66814
66815
66816
66817
66818
67338
67339
67340
67341
67342
67343
67344
67345
67346
67347
67348
67898
67899
67900
67901
67902
67903
67904
67905
68441
68442
68443
68444
68445
68967
68968
68969
68970
68971
68972
69504
69505
69506
69507
69508
69509
70040
70041
70042
70043
70044
70045
70046
70047
70048
70049
70589
70590
70591
70592
70593
70594
70595
70596
70597
70598
70599
70600
70601
71137
71138
71140
71141
71142
71143
71144
71145
71146
71147
71702
71703
71704
71705
71706
71707
71708
71709
71710
71711
72261
72262
72263
72264
72265
72266
72267
72268
72269
72270
72271
72272
72273
72274
72833
72834
72835
72836
72837
72838
72839
72840
72841
72842
72843
72844
73391
73392
73393
73394
73395
73396
73397
73398
73399
73400
73401
73402
73403
73404
73951
73952
73953
73954
73955
73956
73957
73958
73959
73960
74504
74505
74506
74507
74508
74509
74510
74511
74512
74514
74515
74516
74517
74518
75066
75067
75068
75069
75070
75071
75072
75073
75074
75075
75076
75077
75079
75080
75661
75662
75663
75664
75667
75668
75669
75670
75672
75673
75674
75675
75676
76237
76238
76239
76240
76241
76243
76244
76245
76246
76247
76248
76249
76250
76251
76252
76253
76254
76816
76817
76818
76819
76820
76821
76822
76823
76824
76825
76826
76827
76828
76829
76830
76831
76832
76835
77369
77370
77371
77372
77373
77374
77375
77376
77377
77378
77379
77380
77381
77382
77383
77384
77385
77386
77387
77389
77951
77954
77955
77956
77957
77958
77959
77961
77962
77963
77964
77965
77966
77967
77968
77969
77970
78530
78531
78533
78534
78535
78536
78538
78539
78540
78541
78544
79136
79137
79142
79143
79144
79145
79146
79721
79722
79724
80314
80315
80316
80317
80318
80319
80320
80906
80907
80908
80909
80910
80911
80912
80913
80914
81463
81464
81466
81467
81468
81469
81470
81471
82033
82034
82035
82036
82037
82038
82039
82040
82041
82042
82043
82622
82623
82624
82625
82626
82627
82629
82630
82631
82632
83220
83221
83222
83223
83224
83225
83226
83227
83781
83782
84339
84340
84341
84915
84916