26987
27487
27992
28474
28475
28476
28477
28940
28941
28942
29399
29400
29401
29402
29406
29407
29408
29409
29410
29411
29412
29870
29871
29872
29873
29876
29877
29878
29879
29880
29881
29882
29883
30347
30348
30349
30350
30351
30352
30353
30354
30355
30357
30359
30360
30361
30848
30849
30850
30851
30852
30853
30854
30855
30856
30857
30858
30859
30860
30861
30862
30864
30865
30866
30867
31348
31349
31350
31351
31352
31353
31354
31355
31356
31357
31358
31359
31360
31361
31362
31363
31364
31365
31864
31865
31866
31867
31868
31869
31870
31871
31872
31873
31874
31875
31876
31877
31878
31879
31880
31881
31882
31883
31884
31885
32390
32391
32392
32393
32394
32396
32397
32398
32399
32400
32401
32402
32403
32404
32405
32406
32407
32901
32902
32903
32904
32905
32907
32908
32909
32910
32911
32912
32913
32914
32915
32916
32917
33393
33394
33395
33396
33400
33401
33402
33403
33404
33405
33406
33407
33408
33409
33892
33893
33894
33896
33898
33901
33902
33903
33904
33907
33908
33909
33910
33911
34395
34396
34397
34398
34399
34400
34401
34402
34406
34407
34408
34409
34410
34411
34412
34413
34414
34415
34416
34417
34418
34919
34920
34921
34922
34923
34924
34925
34926
34928
34929
34930
34931
34932
34933
34934
34935
34936
34937
34938
34939
34940
35431
35432
35433
35434
35435
35436
35437
35438
35439
35440
35441
35442
35443
35444
35445
35446
35447
35448
35933
35934
35935
35936
35937
35938
35939
35940
35941
35942
35943
35944
35945
35946
35947
35948
36421
36422
36423
36425
36426
36427
36428
36429
36430
36431
36432
36890
36891
36892
36893
36894
36897
36898
36899
36900
36901
37370
37371
37372
37376
37377
37378
37850
37851
37852
37853
37856
37857
37858
38343
38344
38345
38856
38857
38858
39379
39380
39381
39911
39912
39913
40437
40438
40439
40440
40441
40442
40443
40968
40969
40970
40971
40972
40973
40974
40975
40976
40977
40978
40980
41517
41518
41519
41520
41521
41522
41523
41524
41525
41526
41527
41529
41530
42089
42091
42092
42093
42094
42095
42096
42097
42098
42099
42100
42101
42102
42665
42666
42669
42670
42671
42672
42673
42674
42675
42676
42677
42678
42679
42680
42681
43235
43236
43237
43238
43239
43240
43241
43242
43243
43244
43245
43246
43247
43248
43249
43250
43251
43795
43796
43797
43798
43799
43800
43801
43802
43803
43804
43805
43806
43807
43808
43809
43810
43811
44351
44352
44353
44354
44355
44356
44357
44358
44359
44360
44361
44362
44363
44364
44365
44366
44367
44368
44369
44370
44888
44889
44890
44891
44892
44893
44894
44895
44896
44897
44898
44899
44900
44901
44902
44903
44904
44905
44906
45420
45421
45424
45425
45426
45427
45428
45429
45430
45431
45432
45433
45434
45435
45436
45933
45934
45935
45936
45937
45938
45939
45940
45941
45942
45943
45944
45945
45946
45947
45948
45949
45950
45951
45952
45953
46444
46445
46446
46447
46448
46449
46450
46451
46452
46453
46454
46455
46456
46457
46458
46459
46460
46461
46462
46925
46926
46927
46928
46929
46930
46931
46932
46933
46934
46935
46936
46937
46938
47404
47405
47406
47408
47409
47410
47844
47845
47846
47847