327137
327138
327139
327140
327675
327676
327677
327678
328200
328201
328202
328203
328204
328695
328696
328697
328698
328699
328700
328701
328702
328703
328704
328707
328708
329176
329177
329178
329179
329180
329181
329182
329183
329184
329185
329186
329187
329188
329189
329190
329638
329639
329640
329641
329642
329643
329644
329645
329646
329647
329648
329649
329650
329651
329652
330089
330090
330091
330092
330093
330094
330095
330096
330097
330098
330099
330100
330101
330102
330103
330104
330105
330549
330550
330551
330552
330553
330554
330560
330561
331014
331015
331022
331023
331024
331025
331026
331027
331028
331029
331033
331034
331035
331483
331487
331490
331491
331492
331493
331494
331495
331496
331501
331502
331945
331946
331947
331953
331954
331955
331959
331960
331961
331962
331963
331964
331965
331968
331969
331972
331973
331974
331975
332430
332431
332432
332433
332434
332435
332440
332441
332442
332443
332444
332448
332449
332450
332451
332452
332453
332454
332457
332458
332459
332913
332914
332915
332916
332917
332918
332922
332923
332924
332925
332926
332927
332932
332933
332934
332939
332940
332941
332942
333407
333408
333409
333410
333411
333412
333413
333414
333415
333416
333420
333421
333422
333423
333424
333429
333430
333872
333873
333874
333875
333876
333877
333878
333879
333880
333881
333882
333883
334321
334322
334323
334324
334325
334328
334329
334330
334331
334332
334333
334334
334335
334336
334337
334786
334787
334788
334789
334790
334791
334792
334793
334794
334795
334796
334798
334799
334800
334801
335244
335245
335246
335247
335248
335249
335250
335251
335254
335255
335256
335257
335258
335259
335704
335705
335706
335707
335708
335709
335710
335715
335716
335717
335718
336154
336155
336156
336157
336158
336159
336160
336161
336162
336163
336167
336168
336169
336170
336171
336172
336636
336637
336638
336639
336640
336641
336642
336643
336644
336645
336646
336647
336648
336649
336650
336651
336652
336653
336654
336655
336656
336657
337127
337128
337129
337130
337131
337132
337133
337134
337135
337136
337137
337138
337139
337140
337141
337142
337143
337144
337145
337146
337147
337148
337149
337641
337642
337643
337644
337645
337646
337647
337648
337649
337650
337651
337652
337653
337654
337655
337656
337657
338177
338178
338179
338180
338181
338182
338183
338184
338185
338186
338187
338188
338189
338190
338191
338719
338720
338721
338722
338723
338724
338725
338726
338727
338728
338729
338730
338731
338732
338733
338734
338735
339258
339259
339260
339261
339262
339263
339264
339265
339266
339267
339268
339269
339270
339787
339788
339789
339790
339791
339792
339793
339794
339795
339796
339797
339798
340323
340324
340325
340326
340329
340862
340863
340864
340865
340866
340867
340868
341412
341413
341414
341415
341416
341417
341418
341915
341916
341917
341918
341919
341920
341921
341922
341923
341924
342453
342454
342455
342456
342457
342458
342459
342460
342461
342999
343000
343001
343002
343003
343004
343005
343561
343562
343563
343564
343565
343566
343567
344118
344119
344120
344121
344122
344123
344124
344125
344660
344661
344662
344663
344664
344665
345198
345199
345200
345754
345755
345756
345761
346292
346293
346298
346299
346841
346842
346843
346844
346845
346846
346847
346848
347396
347397
347398
347399
347400
347401
347402
347972
347973
347974
347975
347976
347977
347978
348551
348552
348554
348555
348556
348557
349156
349157
349158
349159
349763
349764
349765
349766
350362
350363
350928
350929
351497