444635
444989
444990
444992
444993
444994
444995
444996
445356
445357
445358
445359
445360
445361
445362
445363
445364
445365
445366
445367
445368
445369
445370
445371
445372
445373
445374
445723
445724
445725
445726
445727
445728
445729
445730
445731
445732
445733
445734
445735
445736
445737
445738
445739
445740
445741
445742
445743
445744
445745
446092
446093
446094
446095
446096
446097
446098
446099
446100
446101
446102
446103
446104
446105
446106
446107
446108
446109
446110
446111
446112
446113
446114
446115
446462
446463
446464
446465
446466
446467
446468
446469
446470
446471
446472
446473
446474
446475
446476
446477
446478
446479
446480
446481
446482
446483
446801
446802
446803
446804
446805
446806
446807
446808
446809
446810
446811
446812
446813
446814
446815
446816
446817
446818
446819
446820
446821
446822
446823
446827
446828
447120
447121
447122
447123
447124
447125
447126
447127
447128
447129
447130
447131
447134
447135
447136
447137
447434
447435
447436
447437
447438
447440
447441
447442
447443
447444
447445
447446
447447
447448
447449
447738
447739
447740
447741
447742
447743
447744
447745
447746
447747
447748
447749
447750
447751
447752
447753
447754
447755
447756
447757
447758
447759
448070
448071
448072
448073
448074
448075
448076
448077
448078
448079
448080
448081
448082
448083
448084
448085
448086
448087
448088
448089
448387
448388
448389
448390
448391
448392
448393
448394
448395
448396
448397
448398
448399
448402
448403
448404
448405
448406
448407
448408
448409
448410
448411
448701
448702
448703
448708
448709
448710
448711
448712
448713
448714
448715
448716
448717
448718
448719
448720
448721
448722
448723
448725
448726
448727
448728
448729
448730
448731
448732
448733
448734
448735
449030
449031
449032
449033
449034
449035
449036
449037
449038
449039
449040
449041
449042
449043
449044
449045
449046
449047
449048
449049
449050
449051
449052
449053
449054
449055
449056
449359
449360
449361
449362
449363
449364
449365
449366
449367
449368
449369
449370
449371
449372
449373
449374
449375
449376
449380
449381
449382
449383
449384
449385
449386
449387
449388
449389
449695
449696
449697
449698
449699
449700
449701
449702
449703
449704
449705
449706
449707
449708
449709
449710
449713
449714
449715
449716
449717
449718
450028
450029
450030
450031
450032
450033
450034
450035
450036
450037
450038
450039
450040
450041
450042
450046
450047
450048
450049
450054
450055
450056
450356
450357
450358
450359
450360
450361
450362
450363
450364
450365
450366
450367
450368
450369
450370
450386
450387
450683
450684
450685
450686
450687
450688
450689
450690
450691
450692
450693
450694
450712
450713
451016
451017
451018
451019
451020
451021
451022
451023
451024
451025
451026
451027
451334
451335
451336
451337
451338
451339
451340
451341
451342
451343
451344
451345
451647
451648
451649
451650
451651
451652
451653
451654
451655
451656
451657
451658
451659
451960
451963
451964
451965
451967
451968
451969
451970
451971
451972
451973
451974
451975
451976
451977
452280
452284
452285
452288
452289
452290
452291
452292
452293
452294
452295
452296
452297
452298
452614
452618
452619
452622
452623
452624
452625
452626
452627
452628
452629
452630
452945
452946
452948
452949
452950
452951
452953
452954
452955
452956
452957
452958
452959
452960
452961
452962
452963
453287
453288
453289
453290
453291
453292
453293
453294
453295
453296
453612
453613
453614
453616
453617
453618
453920
453921
453922
453923
453925
454224
454225
454226
454227
454537
454538
454539