156235
156242
156243
156715
156716
156717
156718
156719
156720
156721
156722
156723
156729
156730
156731
157209
157210
157211
157212
157213
157214
157215
157216
157218
157223
157224
157225
157226
157227
157228
157229
157230
157683
157684
157685
157686
157687
157688
157689
157690
157691
157692
157693
157694
157695
157696
157697
157698
157699
157700
157701
158171
158172
158173
158174
158175
158176
158177
158178
158180
158181
158182
158183
158184
158185
158186
158187
158652
158653
158654
158655
158656
158657
158658
158665
158666
158668
158669
159107
159108
159109
159110
159111
159112
159113
159114
159115
159121
159122
159539
159540
159541
159542
159543
159544
159552
159553
159555
159556
159981
159982
159983
159984
159985
159986
159987
159989
159990
159991
159995
159996
159997
159998
160408
160409
160410
160411
160412
160413
160414
160415
160416
160424
160425
160426
160843
160844
160846
160847
160848
160849
160850
160851
160852
160853
160861
160862
161301
161303
161304
161305
161306
161307
161308
161309
161316
161317
161768
161769
161770
161773
161774
161775
161776
161777
161778
161779
161782
161785
161786
161787
161788
161789
162258
162259
162260
162263
162264
162265
162266
162267
162268
162269
162270
162271
162273
162274
162275
162276
162278
162736
162737
162738
162739
162741
162742
162743
162744
162745
162746
162747
162750
162751
162752
162753
162754
162755
163188
163189
163190
163191
163192
163193
163194
163195
163196
163197
163198
163199
163200
163201
163202
163204
163206
163207
163208
163635
163636
163637
163638
163639
163640
163641
163642
163643
163644
163645
163646
163647
163648
163649
163650
163651
163653
163654
164077
164078
164079
164080
164081
164082
164083
164084
164085
164086
164087
164088
164089
164091
164092
164525
164526
164527
164528
164529
164530
164531
164532
164533
164534
164535
164536
164537
164538
164541
164542
164543
164544
164545
165017
165018
165019
165020
165021
165022
165023
165024
165025
165026
165027
165030
165031
165032
165033
165493
165494
165495
165496
165497
165498
165499
165500
165501
165502
165503
165504
165505
165506
165507
165508
165509
165510
165971
165972
165973
165974
165975
165976
165977
165978
165979
165980
165981
165982
165983
165984
165985
165986
166457
166458
166459
166460
166461
166462
166463
166464
166465
166466
166468
166469
166470
166471
166944
166945
166946
166947
166948
166949
166950
166951
166952
166953
166954
166955
166956
166957
167443
167444
167445
167446
167447
167448
167449
167450
167451
167958
167959
167960
167961
167962
167964
168484
168485
168486
168487
168488
168489
168490
168992
168994
168995
168996
168997
168998
168999
169000
169001
169503
169504
169505
169506
169507
169508
169509
169510
169511
169512
169513
170017
170018
170019
170020
170021
170022
170023
170024
170025
170026
170027
170028
170029
170030
170549
170550
170551
170552
170553
170554
170555
170556
170557
171100
171101
171102
171103
171104
171105
171106
171107
171617
171618
171621
171622
171623
171624
172142
172143
172144
172145
172146
172147
172652
172653
172654
172655
172656
172657
172658
172659
172660
173159
173160
173161
173162
173163
173164
173165
173166
173167
173685
173686
173687
173689
173690
173691
173692
174211
174212
174213
174214
174215
174216
174217
174752
174753
174754
174755
174756
174757
174758
174759
175273
175274
175275
175276
175277
175278
175279
175280
175804
175805
175806
175807
175808
175809
175811
176400
176401
176402
176403
176404
176406
176407
177015
177016
177017
177018
177019
177667
177668