359053
359580
359582
360113
360114
360115
360116
360117
360118
360624
360625
360626
360627
360628
360629
360630
360632
360633
361123
361124
361125
361126
361127
361128
361129
361130
361131
361132
361133
361134
361135
361633
361634
361635
361636
361637
361638
361639
361640
361641
361642
361643
361644
361645
362162
362164
362165
362166
362167
362168
362169
362170
362171
362172
362173
362174
362175
362176
362177
362179
362679
362680
362681
362682
362683
362684
362685
362686
362687
362688
362689
362690
362691
362692
362693
362694
362695
362696
362697
362698
362699
362700
363196
363197
363198
363199
363200
363201
363202
363203
363204
363205
363206
363207
363208
363209
363210
363211
363212
363213
363716
363717
363718
363719
363720
363721
363722
363723
363724
363729
363730
363731
363732
363733
363734
363735
363736
364235
364236
364237
364238
364239
364240
364241
364242
364243
364248
364249
364250
364251
364252
364253
364254
364747
364748
364749
364750
364751
364752
364753
364754
364755
364758
364759
364760
364761
364762
364763
364764
365253
365254
365255
365256
365257
365258
365259
365260
365261
365262
365263
365264
365265
365266
365267
365268
365270
365733
365734
365735
365736
365737
365738
365739
365740
365741
365742
365743
365744
365745
365746
365747
365748
365749
365750
366198
366199
366200
366201
366202
366203
366204
366207
366208
366209
366210
366211
366212
366213
366214
366215
366216
366217
366218
366667
366668
366669
366670
366671
366672
366673
366674
366675
366680
366681
366682
366683
366684
366685
366686
366687
366688
366689
366690
367158
367159
367160
367161
367163
367164
367165
367166
367170
367171
367172
367173
367174
367175
367176
367177
367178
367179
367180
367181
367680
367681
367685
367686
367690
367691
367692
367693
367694
367695
367696
367697
367698
367699
367700
367701
368181
368182
368183
368185
368186
368187
368188
368189
368190
368191
368192
368193
368194
368195
368196
368197
368198
368199
368200
368201
368688
368689
368690
368691
368692
368693
368695
368696
368699
368700
368701
368702
368703
368704
368705
369189
369190
369193
369194
369195
369196
369197
369198
369199
369200
369201
369204
369205
369206
369207
369654
369655
369656
369657
369658
369659
369660
369661
369662
369663
369664
369665
369666
369667
369668
369669
369677
369678
370131
370132
370133
370134
370135
370136
370137
370138
370139
370140
370141
370142
370143
370150
370151
370152
370153
370622
370623
370624
370625
370626
370627
370628
370629
370630
370631
370638
370639
370640
370641
370642
370643
371124
371125
371126
371127
371128
371129
371130
371139
371140
371141
371142
371143
371144
371145
371634
371646
371647
371648
371649
371650
371651
371652
371653
371654
371655
371656
372156
372157
372158
372159
372160
372161
372162
372163
372164
372165
372166
372167
372168
372169
372659
372660
372661
372662
372663
372664
372665
372666
372667
372672
372673
372674
373173
373174
373175
373176
373177
373178
373179
373180
373181
373182
373183
373714
373715
373716
373717
373718
373719
373720
374267
374268
374269
374270
374271
374272
374273
374274
374275
374276
374277
374849
374852
374853
374854
374855
374856
374857
374858
375433
375434
375435
376028
376029
376634
376635
376636
376637
376640
376641
377230
377231
377233
377234
377235
377237
377238
377805
377808
377809
377810
377811
377812
377813
377814
377815
377816
378361
378362
378363
378364
378365
378366
378367
378368
378369
378370
378371
378903
378904
378905
378906
378907
378908
378910
378911
379456
379457
379458
379461