199090
199091
199679
199680
199681
199682
199683
199684
199685
199686
199687
200259
200260
200261
200262
200263
200266
200267
200833
200834
200835
200836
200837
200838
200839
200840
200841
200842
200843
200844
201385
201386
201387
201388
201389
201390
201391
201392
201393
201394
201395
201396
201948
201950
201951
201952
201953
201954
201955
201956
201957
201958
201959
202515
202516
202517
202518
202519
202520
202521
202522
202523
202524
202525
202526
202527
203095
203096
203097
203098
203099
203100
203101
203102
203103
203104
203105
203106
203107
203108
203109
203110
203111
203672
203673
203674
203675
203676
203677
203678
203679
203680
203681
203682
203683
203684
203685
203686
203687
203688
203689
203690
204224
204225
204226
204227
204228
204229
204230
204231
204232
204233
204234
204235
204236
204237
204238
204239
204240
204241
204242
204243
204244
204245
204778
204779
204780
204781
204782
204783
204784
204785
204786
204787
204788
204789
204790
204791
204792
204793
204794
204795
204796
204797
204798
204799
204802
205322
205323
205324
205325
205326
205327
205328
205329
205330
205331
205332
205333
205334
205335
205336
205337
205338
205339
205340
205341
205342
205343
205344
205345
205346
205347
205349
205873
205874
205875
205876
205877
205878
205879
205880
205881
205882
205883
205884
205885
205886
205887
205888
205889
205890
205891
205892
205893
205894
205895
205896
205897
205898
205899
205900
205901
205902
205903
206426
206427
206428
206429
206430
206431
206432
206433
206434
206435
206436
206437
206438
206439
206440
206441
206442
206443
206444
206445
206446
206447
206448
206449
206450
206451
206452
206453
206454
206455
206969
206970
206971
206972
206973
206974
206975
206976
206977
206978
206979
206980
206981
206982
206983
206984
206985
206986
206987
206988
206989
206990
206991
206992
206993
206994
206995
206996
206997
206998
206999
207000
207503
207504
207505
207506
207507
207508
207509
207510
207511
207512
207513
207514
207515
207516
207517
207518
207519
207520
207521
207522
207523
207524
207525
207526
207527
207528
207529
207530
207531
207532
207533
207534
207535
208021
208022
208023
208024
208025
208026
208027
208028
208029
208030
208031
208032
208033
208034
208035
208036
208037
208038
208039
208040
208041
208042
208043
208044
208045
208046
208047
208048
208049
208050
208051
208052
208053
208054
208527
208528
208529
208530
208531
208532
208533
208534
208535
208536
208537
208538
208539
208540
208541
208542
208543
208544
208545
208546
208547
208548
208549
208550
208551
208552
208553
208554
208555
208556
209025
209026
209027
209028
209029
209030
209031
209032
209033
209034
209035
209036
209037
209038
209039
209040
209041
209042
209043
209044
209045
209046
209047
209048
209049
209050
209051
209052
209053
209502
209504
209505
209506
209507
209508
209509
209510
209511
209512
209513
209514
209515
209516
209517
209518
209519
209520
209521
209522
209523
209524
209525
209526
209527
209528
210013
210014
210015
210016
210017
210018
210019
210020
210021
210022
210023
210024
210025
210026
210027
210501
210502
210503
210504
210505
210506
211011
211012
211013
211014
211015
211526
211527
211528
211529
211530
212047
212049
212050
212051
212561
212563
212564
212565
212566
213084
213085
213086
213087
213088
213617
213618
213619
213620
213621
213622
213623
213624
213625
214176
214177
214178
214179
214180
214181
214182
214183
214755
214756
214757
214758
214759
214760
214761
214762
215336
215337
215338
215339
215340
215341
215342
215343
215344
215905
215906