381398
381961
382504
382505
382506
383063
383064
383065
383066
383631
383632
383633
383634
384210
384211
384212
384213
384214
384215
384777
384778
384779
384780
384781
384782
384783
385336
385337
385338
385339
385340
385341
385342
385343
385896
385897
385898
385899
385900
385901
385902
385903
386437
386438
386439
386440
386441
386442
386443
386984
386985
386987
386988
386989
387537
387538
387539
387540
387541
387542
388098
388099
388100
388101
388657
388658
388659
388660
388661
388662
388663
389202
389203
389204
389205
389206
389207
389746
389747
389748
389749
389750
389751
389752
390288
390289
390290
390291
390292
390293
390294
390295
390296
390297
390298
390299
390300
390301
390842
390843
390844
390845
390846
390847
390848
390849
390850
390851
390852
391397
391398
391399
391400
391401
391402
391403
391404
391405
391406
391407
391408
391409
391955
391956
391957
391958
391959
391960
391961
391962
391963
391964
391965
392508
392509
392510
392511
392512
392513
392514
392515
393029
393030
393031
393032
393033
393034
393035
393036
393552
393553
393554
393555
393556
393557
393558
393559
393560
393561
394083
394084
394085
394086
394087
394088
394089
394090
394091
394092
394093
394094
394095
394096
394097
394098
394607
394608
394609
394610
394611
394612
394613
394614
394615
394616
394617
394618
394619
394620
394621
394622
394623
395141
395142
395143
395144
395145
395146
395147
395148
395149
395150
395151
395152
395153
395154
395689
395690
395691
395692
395693
395694
395695
395696
395697
395698
395699
395700
395701
395702
395703
395705
395706
396250
396251
396252
396253
396254
396255
396256
396257
396258
396259
396260
396261
396262
396263
396264
396265
396266
396267
396268
396269
396270
396784
396785
396786
396787
396788
396790
396791
396792
396793
396794
396795
396796
396797
396798
396799
396800
396801
396802
397307
397309
397310
397311
397312
397313
397314
397315
397316
397317
397318
397319
397320
397321
397322
397323
397324
397325
397326
397839
397840
397841
397842
397843
397844
397845
397846
397847
397848
397849
397850
397851
397852
397853
397854
398378
398379
398380
398381
398382
398383
398384
398385
398386
398387
398388
398389
398390
398391
398392
398393
398394
398395
398396
398397
398398
398399
398945
398946
398947
398948
398949
398950
398951
398952
398953
398954
398955
398956
398957
398958
398959
398960
398962
398963
398965
398967
399495
399496
399497
399498
399499
399500
399501
399502
399503
399504
399505
399506
399507
399508
399509
400022
400023
400024
400025
400026
400027
400028
400029
400030
400031
400032
400033
400034
400517
400518
400519
400520
400521
400522
400523
400524
400525
400526
400527
400528
400529
400530
400531
401005
401006
401007
401008
401009
401010
401011
401012
401013
401014
401015
401016
401017
401018
401019
401020
401509
401510
401511
401512
401513
401514
401515
401516
401517
401518
401519
401520
401996
401997
401998
401999
402000
402001
402002
402003
402004
402005
402006
402007
402502
402503
402504
402505
402506
402507
402508
402509
402510
402511
402512
402513
402514
402515
402516
402999
403000
403001
403002
403003
403004
403005
403006
403007
403008
403009
403010
403479
403480
403481
403482
403483
403484
403485
403486
403487
403488
403489
403490
403960
403961
403962
403963
403964
403965
403966
403967
403968
403969
403970
403971
404430
404431
404432
404433
404434
404435
404436
404437
404890
404891
404892
404893
404894
404895
405345
405346
405347
405348
405349
405350
405801
405802
405803
406262
406263
406264
406712