211683
211684
212199
212200
212201
212202
212203
212713
212714
212715
212716
212717
213240
213241
213242
213243
213244
213775
213776
213777
213778
213779
213780
214331
214332
214333
214334
214335
214897
214898
214899
214900
214902
214903
214904
214905
215466
215467
215468
215469
215470
215471
215472
215473
215474
215475
215476
216025
216026
216027
216028
216029
216030
216031
216032
216033
216034
216035
216036
216037
216038
216039
216590
216591
216592
216593
216594
216595
216596
216597
216598
216599
216600
216601
216602
216603
216604
216605
216606
217167
217168
217169
217170
217171
217172
217173
217174
217175
217176
217177
217178
217179
217180
217738
217739
217740
217741
217742
217743
217744
217745
217746
217747
217748
217749
217750
218298
218299
218300
218303
218304
218305
218306
218307
218848
218850
218851
218852
218853
218854
218855
218856
218857
218858
218859
218860
218861
218862
219367
219368
219369
219370
219371
219372
219373
219374
219375
219376
219377
219378
219379
219380
219381
219382
219897
219898
219899
219900
219901
219902
219903
219904
219905
219906
219907
219908
219909
219910
219911
219912
219913
220445
220446
220447
220448
220449
220450
220451
220452
220453
220454
220455
220456
220457
220458
220459
220460
220461
220462
220463
220464
221017
221018
221019
221020
221021
221022
221023
221024
221025
221026
221027
221028
221029
221030
221031
221032
221033
221034
221583
221584
221585
221586
221587
221588
221589
221590
221591
221592
221593
221594
221595
221596
221597
222114
222115
222116
222117
222118
222119
222120
222121
222122
222123
222124
222125
222126
222127
222128
222129
222130
222131
222641
222642
222643
222644
222645
222646
222647
222648
222649
222650
222651
222652
222653
222654
222655
223155
223156
223157
223158
223159
223160
223161
223162
223163
223164
223165
223166
223167
223168
223169
223170
223671
223672
223673
223674
223675
223676
223677
223678
223679
223680
223681
223682
223683
223684
223685
223686
223687
223688
223689
223690
224201
224202
224203
224204
224205
224206
224207
224209
224210
224211
224212
224213
224214
224215
224216
224217
224218
224219
224220
224221
224222
224223
224708
224709
224710
224713
224714
224715
224716
224717
224718
224719
224720
224721
224722
224723
225222
225223
225224
225226
225227
225228
225229
225230
225231
225232
225233
225234
225742
225743
225744
225746
225747
225748
225749
225750
225751
225752
225753
225754
225755
225756
225757
226248
226249
226252
226253
226254
226255
226256
226257
226258
226259
226260
226261
226262
226263
226264
226265
226266
226757
226758
226759
226760
226763
226766
226767
226768
226769
226770
226771
226772
226773
226774
226775
226776
226777
227251
227252
227253
227254
227255
227256
227261
227262
227263
227264
227265
227266
227267
227268
227269
227270
227271
227754
227755
227756
227757
227758
227759
227760
227761
227764
227765
227766
227767
227768
227769
227770
227771
227772
227773
227774
227775
228269
228270
228271
228272
228273
228274
228275
228276
228277
228278
228279
228280
228281
228282
228283
228284
228285
228286
228804
228805
228806
228807
228808
228809
228810
228811
228812
228813
228814
228815
228816
228817
228818
229328
229329
229330
229331
229332
229333
229334
229335
229336
229860
229861
229862
229863
229864
229865
229866
229867
230401
230402
230403
230404
230405
230406
230407
230408
230934
230935
230936
230937
230938
230939
231491
231492
231493
232049
232050
232051
232052
232608
232609
232610
232611
233209
233792
233793
234349
234350
234911
234912
234913