336160
336161
336642
336643
336644
336645
336646
336647
336649
337134
337135
337136
337137
337138
337139
337140
337141
337642
337643
337644
337645
337646
337647
337648
337649
337650
337651
337652
338178
338179
338180
338181
338182
338183
338184
338185
338186
338187
338720
338721
338722
338723
338724
338725
338726
338728
338729
339257
339259
339260
339261
339262
339263
339264
339265
339266
339268
339269
339783
339784
339785
339786
339787
339788
339789
339790
339791
339792
339793
339794
339795
339796
339797
340315
340316
340317
340318
340319
340320
340321
340322
340323
340324
340325
340326
340329
340856
340857
340858
340859
340860
340861
340862
340863
340864
340865
340866
340867
340868
341408
341409
341410
341411
341415
341416
341417
341418
341911
341912
341913
341914
341918
341919
341920
341921
341922
341923
341924
342448
342449
342450
342451
342452
342454
342455
342456
342457
342458
342459
342460
342461
342995
342996
342997
342998
342999
343000
343001
343002
343003
343004
343005
343006
343007
343008
343556
343557
343558
343559
343560
343561
343562
343563
343564
343565
343566
343567
343568
343569
343570
344115
344116
344117
344118
344119
344120
344121
344122
344123
344124
344125
344126
344127
344128
344660
344661
344662
344663
344664
344665
344666
344667
344668
344669
344670
345198
345199
345200
345201
345202
345203
345204
345205
345206
345753
345754
345755
345756
345757
345758
345759
345760
345761
345762
346288
346289
346290
346291
346292
346293
346294
346295
346296
346297
346298
346299
346833
346834
346835
346836
346837
346838
346839
346840
346841
346842
346843
346844
346845
346846
346847
346848
347383
347384
347385
347386
347387
347388
347389
347390
347391
347392
347393
347394
347395
347396
347397
347398
347399
347400
347401
347402
347403
347959
347960
347961
347962
347963
347964
347965
347966
347967
347968
347969
347970
347971
347972
347973
347975
347976
347977
347979
348540
348541
348542
348543
348545
348546
348549
348550
348551
348552
348553
348554
348555
348556
349141
349142
349143
349150
349151
349152
349153
349154
349155
349156
349157
349747
349748
349749
349759
349762
349763
349764
350348
350349
350350
350358
350361
350362
350363
350917
350918
350919
350925
350926
350927
350928
350929
351483
351484
351485
351486
351489
351490
351491
351495
351496
351497
351498
352049
352050
352051
352054
352055
352061
352609
352610
352611
352612
352615
352616
352617
352618
352619
352620
352621
352622
352623
353169
353170
353171
353173
353174
353175
353176
353179
353180
353181
353182
353183
353760
353761
353762
353763
353764
353765
353767
353768
353769
353770
353771
353772
353773
354338
354339
354340
354341
354342
354345
354347
354348
354349
354931
354932
354933
354934
354935
354938
354939
354940
355533
355534
355535
355536
355537
355538
355539
355541
355542
355543
355544
356116
356117
356120
356121
356122
356123
356690
356691
356692
356693
356696
356697
356698
356699
357243
357249
357250
357251
357252
357811
357812
357813
357814
357815
358350
358351
358352
358353
358354
358355
358356
358889
358890
358891
358892
358893
358894
358895
358896
359425
359426
359427
359428
359429
359430
359959
359960
359961
359962
359963
359964
360469
360470
360471
360959
360960
360961
360962
360963
360964
360965
361461
361462
361463
361464
361465
361466
361467
361985
361986
361987
361988
361989
361990
361991
362523
362524
362525
363043
363044
363045
363553
363554
363555
363556
364072
364073
364074
364075
364076
364593
364594
364595
364596
364597
365093
365094
365580