35134
35135
35642
35643
36138
36139
36140
36613
36614
36615
36616
36617
36618
36619
37083
37084
37085
37086
37087
37556
37557
37558
37559
37560
37561
37562
38043
38044
38045
38046
38047
38552
38553
38554
38555
38556
38557
39027
39028
39029
39030
39058
39059
39060
39061
39062
39063
39064
39065
39551
39552
39553
39554
39581
39582
39583
39584
39585
39586
39587
39588
39589
39590
39591
39593
39594
39595
40081
40082
40083
40084
40115
40116
40117
40118
40119
40120
40121
40122
40123
40124
40125
40126
40127
40128
40129
40130
40131
40132
40605
40610
40611
40612
40613
40646
40647
40648
40649
40650
40651
40652
40653
40654
40655
40656
40657
40658
40659
40660
40661
40662
40663
40664
41132
41134
41135
41139
41140
41141
41142
41143
41144
41145
41146
41147
41151
41152
41153
41155
41172
41173
41174
41175
41176
41177
41178
41179
41180
41181
41182
41183
41184
41185
41186
41187
41188
41189
41190
41191
41192
41193
41194
41700
41701
41702
41703
41704
41705
41706
41707
41708
41709
41710
41711
41712
41713
41714
41715
41716
41717
41719
41720
41721
41723
41724
41728
41729
41730
41731
41737
41738
41739
41740
41741
41742
41743
41744
41745
41746
41747
41748
41749
41750
41751
41752
41753
41754
42276
42277
42278
42279
42280
42281
42282
42283
42285
42286
42287
42288
42289
42290
42294
42295
42296
42297
42298
42299
42305
42306
42308
42314
42315
42316
42317
42318
42319
42320
42321
42322
42323
42324
42325
42326
42327
42328
42329
42330
42331
42848
42849
42850
42851
42852
42853
42854
42855
42856
42857
42858
42859
42860
42861
42862
42863
42864
42867
42868
42869
42870
42871
42872
42873
42874
42879
42880
42881
42882
42888
42889
42890
42891
42892
42893
42894
42895
42896
42897
42898
42899
42900
42905
42906
42907
42908
43411
43412
43413
43414
43415
43416
43417
43418
43423
43424
43425
43426
43427
43428
43429
43430
43431
43432
43433
43434
43435
43436
43437
43438
43439
43440
43442
43443
43444
43445
43446
43447
43448
43449
43450
43451
43452
43453
43454
43455
43456
43457
43458
43459
43460
43461
43462
43463
43469
43470
43471
43972
43973
43974
43975
43976
43977
43978
43979
43980
43986
43987
43988
43989
43990
43991
43992
43993
43994
43995
43996
43997
43998
43999
44000
44001
44002
44003
44004
44005
44006
44007
44008
44009
44010
44011
44012
44013
44014
44015
44016
44017
44018
44019
44020
44021
44022
44023
44024
44032
44033
44034
44035
44523
44524
44525
44526
44527
44536
44537
44539
44541
44542
44543
44544
44545
44546
44547
44548
44549
44550
44551
44552
44553
44554
44555
44556
44557
44558
44559
44560
44561
44562
44563
44564
44565
44566
44567
44568
44569
44570
44571
44572
44573
44574
44575
45050
45053
45065
45066
45067
45068
45069
45070
45071
45072
45073
45074
45075
45076
45077
45078
45079
45080
45081
45082
45083
45084
45085
45086
45087
45089
45090
45091
45092
45093
45585
45606
45607
45610
45611
45612
45613
45614
45615
45616
45617
45618
45619
45621
45622
45623
45624
45625
46089
46117
46118
46119
46120
46121
46122
46123
46126
46127
46128
46129
46130
46131
46132
46133
46134
46135
46627
46631
47094
47095