419200
419201
419683
419684
419685
419687
420180
420181
420182
420183
420184
420185
420186
420187
420662
420666
420667
420668
420669
420670
420671
420672
420673
420674
421154
421155
421156
421157
421158
421159
421160
421161
421162
421163
421164
421165
421619
421620
421621
421622
421623
421624
421625
421626
421627
421628
421629
422083
422084
422085
422086
422087
422088
422089
422090
422091
422092
422093
422094
422095
422096
422542
422543
422544
422545
422546
422547
422548
422549
422550
422551
422552
422553
422554
423006
423007
423008
423009
423010
423011
423012
423013
423014
423015
423016
423017
423018
423019
423020
423480
423481
423482
423483
423484
423485
423486
423487
423488
423489
423490
423491
423492
423493
423494
423958
423959
423960
423961
423962
423963
423964
423965
423966
423967
423968
423969
423970
423971
423989
423990
424442
424443
424444
424445
424446
424447
424448
424449
424450
424451
424452
424453
424454
424455
424456
424457
424473
424474
424475
424922
424923
424924
424925
424926
424928
424929
424930
424931
424932
424933
424934
424949
424950
425407
425408
425409
425410
425411
425412
425413
425414
425415
425430
425431
425432
425433
425434
425435
425436
425886
425887
425888
425889
425890
425891
425892
425894
425895
425896
425897
425900
425901
425905
425911
425912
425913
425914
425915
425916
425917
426380
426381
426382
426383
426384
426385
426386
426388
426389
426390
426391
426392
426393
426396
426397
426398
426399
426400
426401
426402
426403
426404
426405
426406
426407
426408
426409
426410
426411
426412
426413
426414
426415
426416
426417
426418
426900
426901
426902
426903
426904
426905
426906
426907
426909
426910
426911
426912
426913
426914
426915
426916
426917
426918
426919
426920
426921
426922
426923
426924
426925
426926
426928
426929
426930
426931
426932
426933
426934
426935
426936
426937
426938
426939
426940
426941
426942
426943
426944
426945
427440
427441
427442
427443
427444
427445
427446
427447
427448
427449
427450
427451
427452
427453
427454
427456
427457
427458
427459
427460
427461
427462
427463
427464
427465
427466
427467
427468
427469
427470
427471
427472
427473
427474
427475
427477
427478
427479
427480
427481
427482
427483
427484
427967
427968
427972
427973
427974
427975
427976
427977
427978
427979
427980
427981
427982
427983
427984
427985
427986
427987
427988
427989
427990
427991
427992
427993
427994
427995
427996
427998
427999
428000
428001
428002
428003
428004
428005
428493
428494
428495
428496
428497
428498
428499
428500
428501
428502
428503
428504
428505
428506
428507
428508
428509
428510
428512
428513
428515
428517
428518
428519
428520
428521
428522
428523
428524
429001
429002
429003
429004
429005
429006
429007
429008
429009
429010
429011
429012
429013
429014
429015
429016
429017
429020
429021
429022
429023
429024
429025
429028
429029
429030
429031
429032
429033
429535
429536
429537
429538
429539
429540
429541
429542
429543
429544
429545
429546
429547
429548
429549
429550
429551
429556
429557
429558
429559
429564
429566
429567
429568
429569
430098
430099
430100
430101
430102
430103
430104
430105
430106
430107
430108
430109
430110
430111
430112
430113
430114
430118
430119
430120
430126
430630
430631
430632
430633
430634
430635
430636
430637
430638
430639
430642
430643
431168
431169
431170
431171
431172
431173
431174
431175
431176
431178
431179
431688
431689
431690
431691
431692
431693
431694
431695
431696
432188
432189
432190
432191
432192
432704
432705
432706
432707
432708
432709
432710
433235
433236
433746