419256
419259
419733
419734
419735
419736
419737
420232
420233
420234
420235
420236
420722
420723
420724
420725
420726
420727
420728
420729
420730
421207
421208
421209
421210
421211
421212
421213
421214
421221
421674
421675
421676
421677
421678
421679
421680
421681
421682
421683
421684
421688
421689
421690
422140
422141
422142
422143
422144
422145
422146
422147
422148
422149
422150
422151
422152
422153
422154
422155
422156
422157
422158
422159
422160
422161
422162
422163
422590
422591
422592
422593
422594
422595
422596
422597
422598
422599
422600
422602
422603
422604
422605
422606
422607
422608
422609
422610
422611
422612
422613
423070
423071
423072
423073
423074
423075
423076
423077
423078
423079
423084
423085
423086
423087
423088
423089
423090
423091
423092
423546
423547
423548
423549
423550
423551
423552
423553
423554
423555
423558
423559
423560
423561
423563
423564
423565
423566
423567
423568
424016
424017
424018
424019
424020
424021
424022
424023
424025
424026
424027
424028
424029
424030
424031
424034
424035
424036
424037
424498
424499
424501
424502
424503
424506
424509
424510
424516
424517
424518
424519
424520
424972
424973
424974
424975
424976
424977
424978
424979
424980
424981
424982
424984
424985
424991
424992
424993
424994
424995
425455
425456
425457
425458
425459
425460
425461
425462
425463
425464
425465
425466
425467
425468
425469
425470
425471
425474
425475
425476
425477
425478
425479
425931
425932
425933
425934
425935
425936
425937
425938
425939
425940
425941
425942
425943
425944
425945
425946
425947
425948
425949
425950
425951
425953
425954
425955
425956
425957
425958
425959
426433
426434
426435
426436
426437
426438
426439
426440
426441
426442
426443
426444
426445
426446
426447
426448
426450
426451
426452
426453
426455
426960
426961
426965
426966
426967
426968
426969
426970
426971
426972
426973
426974
426975
426977
426978
426979
426980
426981
426982
426983
426984
427501
427502
427503
427504
427505
427509
427510
427511
427512
427513
427514
427516
427517
427518
427519
428025
428026
428027
428028
428030
428031
428032
428033
428547
428548
428549
428550
428551
428552
428553
429067
429068
429070
429071
429072
429073
429074
429607
429608
429609
429610
429611
429612
430169
430170
430173
430174
430691
430692
430696
431230
431231
431748
431749
431750
432249
432250
432251
432769
432772
432773
432774
432775
433289
433293
433294
433295
433296
433803
433804
433805
433806
433807
433808
433809
433810
433811
434295
434296
434297
434298
434299
434301
434302
434303
434304
434786
434787
434788
434789
434790
434791
434792
434793
434794
434795
434796
435296
435297
435298
435299
435300
435301
435302
435303
435304
435305
435306
435782
435783
435784
435785
435786
435787
435788
435789
435790
436246
436247
436248
436249
436250
436251
436252
436253
436254
436700
436701
436702
436703
436704
436705
436706
436707
437134
437135
437136
437137
437138
437139
437140
437141
437142
437143
437599
437600
437601
437602
437603
437604
437605
437606
438048
438049
438050
438051
438052
438503
438504
438505
438506
438507
438508
438941
438942
438943
438944
438945
438946
438947
439381
439382
439383
439384
439385
439386
439796
439797
439798
439799
439800
439801
439802
439803
440186
440187
440570
440571
440955
440956
440957
441349
441350
441351
441721
441722
441724
441725
442068
442069
442070
442071
442072
442433
442435
442436
442793
442794
442795
443169
443534
443536
443909
443910
443911
443912
444272
444273
444274
444275
444276
444277
444278
444632
444633
444634
444991