308658
308659
308660
308661
309211
309212
309213
309214
309737
309738
309739
309740
309741
309742
310280
310281
310282
310283
310284
310285
310286
310287
310824
310826
310827
310828
310829
310830
310831
310832
311348
311349
311351
311352
311354
311355
311356
311357
311880
311881
311886
311887
311888
311889
311890
311891
312385
312386
312387
312388
312389
312393
312394
312395
312396
312397
312862
312863
312864
312865
312866
312870
312871
312872
313336
313337
313338
313339
313340
313341
313345
313346
313818
313819
313822
313823
313827
314282
314283
314284
314285
314286
314287
314288
314289
314290
314291
314294
314295
314296
314297
314732
314733
314735
314736
314737
314738
314739
314740
314741
314742
314743
314744
314745
314746
314747
314748
314749
314750
315177
315178
315185
315186
315187
315188
315189
315190
315191
315192
315193
315194
315195
315196
315634
315635
315636
315637
315638
315642
315643
315644
315645
315646
315647
315648
315649
315650
315651
315652
315653
316096
316097
316098
316100
316106
316107
316108
316109
316110
316111
316112
316113
316116
316571
316572
316573
316579
316582
316583
316584
317044
317050
317051
317052
317053
317054
317055
317531
317532
317533
317541
317542
317543
317544
318016
318017
318018
318024
318025
318527
318528
318532
318538
318543
319019
319020
319021
319023
319024
319028
319029
319030
319034
319038
319039
319040
319518
319519
319520
319521
319522
319523
319524
319526
319535
319536
319537
319538
319539
319540
319541
319543
319544
320007
320008
320009
320010
320011
320012
320013
320014
320015
320016
320017
320018
320019
320020
320025
320026
320027
320028
320029
320030
320031
320032
320033
320034
320493
320494
320495
320496
320497
320498
320499
320500
320501
320502
320503
320504
320509
320510
320511
320512
320513
320514
320517
320977
320978
320979
320981
320982
320983
320984
320985
320986
320987
320988
320989
320996
320997
320998
321437
321440
321441
321442
321443
321444
321445
321446
321447
321901
321902
321903
321904
321905
321906
321907
321908
321909
322365
322366
322367
322368
322369
322370
322371
322372
322856
322857
322858
322859
322860
322861
322862
322863
322864
322865
322866
323339
323340
323341
323342
323343
323344
323345
323346
323347
323348
323349
323350
323832
323833
323835
323836
323837
323838
323839
323840
323841
323842
323843
323844
324330
324331
324332
324333
324334
324335
324336
324337
324338
324339
324340
324341
324342
324343
324344
324853
324854
324855
324856
324857
324858
324859
324860
324861
324862
324863
324864
324865
325370
325371
325372
325373
325374
325375
325376
325377
325378
325379
325380
325381
325382
325894
325895
325896
325897
325898
325899
325900
325901
325902
325903
325904
325905
325906
326411
326412
326413
326414
326415
326416
326417
326418
326419
326420
326421
326422
326924
326925
326926
326927
326928
326929
326930
326931
327436
327437
327438
327439
327440
327441
327442
327443
327444
327967
327968
327969
327970
327971
327972
328471
328472
328473
328474
328475
328476
328956
328957
328958
328959
328960
328961
328962
329433
329434
329435
329436
329437
329438
329887
329888
329889
329890
329891
330345
330346
330347
330348
330810
330811
330812
330813
330814
330815
331281
331282
331283
331284
331748
331749
331750
331751
332231
332232
332233
332234
332724
332725
332726
332727
332728
333216
333217
333218
333219
333220
333695
333696
333697
333698
334144
334145
334146
334147
334148
334599
334601
334602
335051
335052
335053
335054
335055
335056
335500
335501
335502
335503
335967