76197
76200
76772
76773
76774
76776
77325
77326
77327
77328
77330
77331
77332
77333
77334
77905
77906
77907
77908
77909
77910
77911
77912
77913
77922
77923
77924
78482
78483
78484
78485
78486
78487
78488
78489
78491
78492
78493
78500
78501
78502
78503
79087
79088
79089
79090
79091
79092
79093
79094
79096
79097
79098
79099
79100
79104
79105
79106
79107
79108
79671
79673
79674
79675
79676
79677
79678
79679
79680
79686
79687
79688
79689
79690
79691
79692
79693
79694
80266
80268
80269
80270
80271
80272
80273
80274
80275
80276
80277
80278
80280
80281
80282
80283
80284
80285
80286
80287
80288
80861
80862
80863
80864
80865
80866
80867
80868
80869
80870
80871
80872
80873
80874
80875
80876
80877
80878
80879
80880
80881
80882
81419
81420
81421
81422
81423
81424
81425
81426
81427
81428
81429
81430
81431
81432
81433
81434
81435
81436
81437
81438
81439
81440
81980
81982
81983
81984
81985
81986
81987
81988
81989
81990
81991
81992
81993
81994
81995
81996
81997
81998
81999
82000
82001
82002
82003
82004
82005
82006
82007
82570
82571
82572
82573
82574
82575
82576
82577
82578
82579
82580
82581
82582
82583
82584
82585
82586
82587
82588
82589
82590
82591
82592
82593
82594
82595
83173
83174
83175
83176
83177
83178
83179
83180
83181
83182
83183
83184
83185
83186
83187
83188
83189
83190
83191
83192
83193
83194
83739
83741
83742
83743
83744
83745
83746
83747
83748
83749
83750
83751
83752
83753
83754
83755
83756
83757
83758
83759
83760
84294
84295
84296
84297
84298
84299
84300
84301
84302
84303
84304
84305
84306
84307
84308
84309
84310
84311
84312
84313
84314
84315
84316
84317
84318
84319
84320
84872
84873
84874
84875
84876
84877
84878
84879
84880
84881
84882
84883
84884
84885
84886
84887
84888
84889
84890
84891
84892
84893
84894
84895
84896
84897
85436
85437
85438
85439
85440
85441
85442
85443
85444
85445
85446
85447
85448
85449
85450
85451
85452
85453
85454
85455
85456
85457
85458
85459
85460
85461
86004
86005
86006
86007
86008
86009
86010
86011
86012
86013
86014
86015
86016
86017
86018
86019
86020
86021
86022
86023
86024
86025
86026
86027
86028
86029
86565
86566
86567
86568
86569
86570
86571
86572
86573
86574
86575
86576
86577
86578
86579
86580
86581
86582
86583
86584
86585
87124
87125
87126
87127
87128
87129
87130
87131
87132
87133
87134
87135
87136
87137
87138
87139
87140
87141
87142
87143
87144
87145
87655
87656
87657
87658
87659
87660
87661
87662
87663
87664
87665
87666
87667
87668
87669
87670
87671
87672
87673
87674
87675
87676
88174
88175
88176
88177
88178
88179
88180
88181
88182
88183
88184
88185
88186
88187
88188
88189
88190
88191
88192
88193
88194
88711
88712
88713
88714
88715
88716
88717
88718
88719
88720
88721
89231
89232
89233
89234
89235
89236
89237
89238
89239
89240
89241
89755
89756
89757
89758
89759
89760
89761
89762
89763
89764
89765
89766
89767
89768
89769
89770
90278
90279
90280
90281
90282
90283
90284
90285
90286
90287
90288
90289
90290
90816
90817
90828
90829
90830
90831
90832
90833
90834
91374
91375
91386
91387
91946
91947
91948
92516
92517
93105