218155
218156
218705
218706
218707
218708
219227
219228
219229
219230
219231
219232
219233
219756
219757
219758
219759
219760
219761
220305
220306
220307
220308
220309
220310
220311
220312
220313
220314
220885
220886
220887
220889
220890
220891
220892
220893
221445
221446
221447
221448
221449
221450
221451
221452
221453
221454
221455
221987
221988
221989
221990
221991
221992
221993
221994
221995
221996
222507
222508
222509
222510
222511
222512
222513
222514
222515
222516
222517
222518
222519
222520
222521
222522
222523
222524
222525
222526
223024
223025
223026
223027
223028
223029
223030
223031
223032
223033
223034
223035
223036
223037
223038
223039
223040
223041
223042
223043
223044
223045
223047
223530
223531
223532
223533
223534
223535
223536
223537
223538
223539
223540
223541
223542
223543
223544
223545
223546
223547
223548
223549
223550
223551
223552
223553
223554
223555
223556
224068
224069
224070
224071
224072
224073
224074
224075
224076
224077
224078
224079
224080
224081
224082
224083
224084
224085
224086
224087
224089
224090
224091
224092
224093
224589
224590
224591
224592
224593
224594
224595
224596
224597
224598
224599
224600
224601
224602
224603
224604
224605
224606
224607
224608
224609
224610
224611
224612
224613
224614
224615
224616
224617
224618
224619
225107
225108
225109
225110
225111
225112
225113
225114
225115
225116
225117
225118
225119
225120
225121
225122
225123
225124
225125
225126
225127
225128
225129
225130
225627
225628
225629
225630
225631
225632
225633
225634
225635
225636
225637
225638
225639
225640
225641
225642
225643
225644
225645
225646
225647
225648
225649
225650
225651
225652
225653
225654
225655
226139
226140
226141
226142
226143
226144
226145
226146
226147
226148
226149
226150
226151
226152
226153
226154
226155
226156
226157
226158
226159
226160
226161
226162
226163
226164
226165
226166
226167
226654
226655
226656
226657
226658
226659
226660
226661
226662
226663
226664
226665
226666
226667
226668
226669
226670
226671
226672
226673
226674
226675
226676
226677
226678
226679
226680
226681
227163
227164
227165
227166
227167
227168
227169
227170
227171
227172
227173
227174
227175
227176
227177
227178
227179
227668
227669
227670
227671
227672
227673
227674
227675
227676
227677
227678
227679
227681
227682
227683
227684
227685
227686
228191
228192
228193
228194
228195
228196
228197
228198
228199
228200
228723
228725
228726
228727
228728
228729
228730
228731
229254
229256
229257
229258
229259
229260
229261
229262
229263
229791
229792
229793
229794
229795
229796
229797
229798
230346
230347
230348
230349
230881
230882
230883
231430
231431
231432
231987
231988
231989
231990
231991
231992
232549
232550
232551
232552
232553
232554
232555
233146
233147
233148
233149
233150
233151
233152
233153
233154
233156
233726
233727
233728
233729
233730
233731
233732
233733
233735
233736
234278
234279
234280
234281
234283
234284
234822
234823
234824
234825
234826
234827
234829
234830
234831
235376
235377
235378
235379
235380
235381
235382
235384
235385
235386
235946
235947
235948
235950
235951
235952
235953
235954
235955
235956
235957
235958
236547
236548
236549
236550
236551
236552
236553
236554
236555
236556
237169
237170
237172
237173
237174
237175
237176
237177
237178
237793
237794
237795
237796
237797
237799
237800
237801
237802
238400
238401
238402
238403
238404
238405
238406
238407
238408
239005
239006
239007
239008
239009
239010
239011
239639
239640
239641
239642
239643
239644
239645
240269
240854
240855
241422
241423