250090
250091
250092
250627
250628
250629
250631
250632
251179
251180
251181
251182
251726
251727
251728
251729
251730
251731
251732
251733
252304
252306
252307
252308
252309
252310
252311
252312
252313
252314
252893
252894
252895
252896
252897
252898
252899
252900
252901
252902
253473
253474
253475
253476
253477
253478
253479
253480
253481
253482
253483
253484
254048
254049
254050
254051
254052
254053
254054
254055
254056
254057
254058
254648
254649
254650
254651
254652
254653
254655
254656
255265
255266
255267
255268
255269
255270
255271
255272
255273
255274
255275
255276
255277
255868
255869
255870
255871
255873
255874
255875
255876
255877
256488
256489
256490
256491
256492
256493
256494
256495
256496
257104
257105
257106
257107
257108
257109
257110
257111
257112
257113
257114
257718
257719
257720
257721
257724
257725
257726
257727
257728
257729
257730
257731
257732
257736
258323
258324
258325
258328
258329
258330
258331
258332
258333
258334
258335
258336
258337
258941
258942
258943
258944
258949
258950
258951
258952
258953
258954
258955
258956
258957
259585
259586
259587
259588
259589
259592
259593
259594
259595
259596
259597
259598
259599
259600
259601
259602
259617
260232
260233
260234
260235
260236
260237
260238
260239
260240
260241
260242
260243
260244
260245
260246
260247
260248
260259
260260
260261
260868
260869
260870
260871
260872
260873
260874
260875
260876
260877
260878
260879
260880
260881
260882
260890
260891
260892
261490
261491
261492
261493
261494
261495
261498
261499
261500
261501
261504
261505
261506
261507
261508
262098
262099
262100
262101
262102
262103
262104
262109
262110
262111
262116
262117
262119
262120
262121
262122
262123
262706
262707
262708
262709
262710
262711
262712
262717
262718
262719
262725
262726
262728
262730
262731
262732
262733
262734
262735
263305
263306
263307
263308
263309
263310
263313
263314
263315
263316
263317
263318
263324
263325
263326
263327
263328
263329
263330
263331
263332
263333
263334
263335
263906
263907
263908
263909
263910
263911
263912
263913
263914
263915
263918
263919
263926
263927
263928
263935
263936
263937
263938
264523
264524
264525
264526
264527
264528
264529
264530
264531
264532
264533
264534
264535
264536
264537
264538
264539
264540
264541
264544
264545
264546
264551
264552
264553
264554
264555
264556
265148
265149
265150
265151
265152
265153
265154
265155
265156
265157
265158
265159
265160
265161
265162
265166
265171
265172
265173
265177
265178
265179
265180
265181
265775
265776
265777
265778
265779
265780
265781
265782
265783
265784
265785
265786
265787
265793
265794
265797
265798
265799
265800
265804
265806
266401
266402
266403
266404
266405
266406
266407
266408
266409
266411
266412
266413
266414
266419
266420
266421
266422
266423
266424
267010
267011
267012
267013
267014
267015
267016
267017
267018
267019
267020
267021
267022
267023
267029
267030
267031
267621
267622
267623
267624
267625
267626
267627
267628
267629
267630
267631
267632
267633
267634
267635
267642
267643
267644
268252
268253
268254
268255
268256
268257
268258
268259
268260
268261
268262
268263
268264
268265
268266
268878
268879
268880
268881
268882
268883
268884
268885
268886
268887
268888
268889
268890
268891
268892
268893
268894
268895
269498
269499
269500
269501
269502
269503
269504
269505
269506
269507
269508
269509
269510
269511
270141
270142
270143
270144
270145
270146
270147
270148
270149
270150
270151
270152
270783
270784
270785
270786
270787
270788
271432
271433
271434
272090
272091
272092