459838
459839
459840
460137
460138
460139
460450
460451
460768
460769
460770
460771
460772
461077
461078
461079
461080
461081
461392
461393
461394
461395
461396
461397
461398
461399
461719
461720
461721
461722
461723
461724
461725
461726
462043
462044
462045
462046
462047
462048
462049
462369
462370
462371
462372
462373
462374
462689
462690
462691
463009
463010
463011
463012
463013
463336
463337
463338
463339
463340
463341
463342
463343
463344
463663
463664
463665
463666
463667
463668
463669
463980
463981
463982
463983
463984
463985
463986
464304
464305
464306
464307
464308
464309
464310
464311
464312
464313
464643
464644
464645
464646
464647
464648
464649
464650
464651
464983
464984
464985
464986
464988
464989
465306
465307
465308
465309
465310
465311
465312
465313
465317
465318
465319
465630
465631
465632
465633
465634
465635
465636
465638
465639
465640
465641
465642
465982
465983
465984
465985
465986
465987
465988
465990
465991
465992
465993
465994
465995
466322
466323
466324
466325
466326
466327
466328
466329
466330
466331
466332
466333
466334
466651
466652
466653
466654
466655
466656
466657
466658
466659
466660
466661
466662
466977
466979
466980
466981
466982
466983
466984
466985
466986
466987
467300
467301
467303
467304
467305
467306
467310
467311
467615
467618
467619
467620
467621
467626
467935
467936
467937
467938
467939
467940
467941
467942
467943
467956
467957
468254
468255
468256
468257
468258
468270
468271
468272
468273
468274
468552
468567
468568
468569
468570
468571
468854
468868
468869
468870
468871
469148
469149
469150
469163
469164
469165
469440
469441
469442
469444
469445
469447
469448
469455
469456
469457
469458
469459
469460
469461
469723
469724
469725
469726
469727
469728
469729
469730
469731
469732
469737
469738
469739
469740
469741
469742
469743
469998
469999
470000
470001
470002
470003
470004
470005
470006
470012
470013
470014
470015
470016
470017
470018
470019
470020
470021
470022
470023
470024
470255
470256
470257
470258
470259
470260
470266
470267
470268
470269
470270
470271
470272
470273
470274
470275
470276
470277
470278
470504
470505
470513
470514
470515
470516
470517
470518
470519
470520
470521
470522
470523
470524
470761
470762
470769
470770
470771
470772
470773
470774
470775
470776
470777
470778
470780
470781
470782
471035
471036
471037
471038
471039
471040
471041
471043
471044
471045
471046
471047
471048
471049
471050
471051
471052
471053
471054
471056
471309
471310
471311
471312
471313
471314
471315
471318
471319
471320
471321
471322
471323
471324
471326
471327
471586
471587
471588
471589
471590
471591
471592
471593
471594
471595
471596
471597
471598
471599
471600
471601
471602
471603
471604
471840
471841
471842
471843
471844
471845
471846
471847
471849
471850
471851
471852
471853
471854
471855
471856
471857
472120
472121
472122
472123
472124
472125
472126
472127
472128
472129
472130
472131
472132
472133
472134
472135
472136
472415
472416
472417
472418
472419
472420
472421
472422
472423
472424
472425
472426
472427
472428
472429
472430
472431
472432
472433
472434
472435
472716
472717
472718
472719
472720
472721
472722
472723
472724
472725
472726
472727
472731
472732
473019
473020
473021
473025
473026
473027
473031
473032
473322
473329
473334
473335
473626
473627
473628
473632
473633
473634
473640
473641
473953
473955
473956
473957
473958
473959
473960
473961
473965
473966
473967
474276
474277
474278
474280
474281
474282
474283
474284
474595
474596
474597
474598
474600
474601
474602
474912
474918
474919