476174
476504
476505
476506
476866
476867
476870
477228
477229
477230
477231
477596
477597
477598
477599
477600
477981
477982
477983
477984
477985
477986
478344
478345
478346
478347
478348
478696
478697
478698
479040
479041
479042
479043
479044
479045
479372
479373
479374
479375
479376
479696
479697
479698
479699
479700
479701
479702
480016
480017
480018
480019
480340
480341
480342
480343
480344
480649
480650
480651
480652
480653
480654
480963
480964
480965
480966
481270
481271
481272
481273
481592
481593
481594
481595
481938
481939
481940
482275
482276
482277
482278
482279
482280
482281
482282
482283
482284
482285
482606
482607
482608
482609
482610
482611
482612
482613
482614
482615
482941
482942
482943
482944
482945
482946
482947
482948
482949
482950
482951
483293
483294
483295
483296
483297
483298
483299
483300
483301
483302
483303
483304
483647
483648
483649
483650
483651
483652
483653
483654
483655
483656
483657
483658
483659
483660
483662
483663
483991
483992
483993
483994
483995
483996
483997
483998
483999
484000
484002
484003
484004
484005
484328
484329
484330
484331
484332
484333
484334
484335
484336
484337
484338
484339
484661
484662
484663
484664
484665
484666
484667
484668
484669
484670
484671
484976
484977
484978
484979
484980
484981
484982
484983
484984
484985
484986
484987
484988
485299
485300
485301
485302
485303
485304
485305
485306
485307
485308
485309
485310
485311
485312
485313
485644
485645
485646
485647
485648
485649
485650
485651
485652
485653
485654
485655
485656
485963
485964
485965
485966
485967
485968
485969
486275
486276
486277
486278
486279
486280
486281
486282
486592
486593
486594
486595
486596
486597
486598
486945
486946
486947
486948
486949
486950
487318
487319
487320
487321
487322
487323
487324
487693
487694
487695
487696
487697
487698
487699
487700
488067
488068
488069
488070
488071
488457
488458
488459
488460
488869
488870
488871
488872
488873
488874
489265
489266
489267
489268
489269
489270
489680
489681
489682
489683
489684
489685
489686
489687
489688
490110
490111
490112
490113
490114
490115
490116
490117
490118
490514
490515
490516
490517
490518
490519
490520
490521
490920
490921
490922
490923
490924
490925
490926
491313
491314
491315
491316
491317
491318
491319
491720
491721
491722
491723
491724
491725
491726
491727
491728
491729
492141
492142
492143
492144
492145
492146
492147
492148
492149
492563
492564
492565
492566
492567
492568
492569
492988
492989
492990
492991
492992
492993
492994
492995
492996
492997
492998
492999
493418
493419
493420
493421
493422
493423
493424
493425
493426
493427
493428
493837
493838
493839
493840
493841
493842
493843
494274
494275
494276
494277
494278
494279
494280
494723
494724
494725
494726
494727
494728
494729
495174
495175
495176
495177
495178
495179
495180
495181
495632
495633
495634
495635
495636
495637
495638
495639
495640
495641
496088
496089
496090
496091
496092
496093
496094
496095
496096
496542
496543
496544
496545
496546
496547
496548
496549
496550
497009
497010
497011
497012
497013
497014
497015
497016
497488
497489
497490
497491
497492
497493
497494
497495
497966
497967
497968
497969
497970
497971
497972
497973
498454
498455
498456
498457
498458
498459
498460
498461
498462
498959
498960
498961
498962
498963
499473
499474
499475
499476
499477
499992
499993
499994
499995
499996
500516
500517
500518
500519
500520
501044
501045
501046
501567
501568
501569
501570
501571
502065
502066
502067
502068
502069
502521
502522
502523
502971
502972
502973
502974
503432