451887
451888
452214
452215
452216
452537
452539
452875
453220
453544
453545
453861
453862
453865
453866
454170
454171
454172
454173
454174
454175
454176
454477
454478
454479
454480
454791
454792
454793
454794
454795
454796
454797
454798
455084
455085
455092
455098
455099
455100
455101
455102
455397
455398
455405
455406
455407
455412
455413
455415
455739
455740
455741
455742
455748
455749
455750
455752
455755
455756
455757
455758
455759
455760
455761
456095
456096
456097
456098
456099
456106
456107
456108
456109
456110
456111
456112
456113
456114
456115
456116
456443
456444
456445
456451
456452
456453
456454
456455
456456
456457
456458
456460
456461
456462
456463
456774
456775
456776
456777
456778
456784
456785
456786
456787
456788
456789
456790
456791
456792
456793
456794
456795
457097
457098
457099
457100
457106
457107
457108
457109
457110
457111
457112
457113
457114
457116
457117
457416
457417
457418
457419
457420
457426
457427
457428
457429
457430
457431
457432
457734
457735
457736
457737
457738
457739
457746
457747
457748
457749
457750
458031
458032
458033
458034
458035
458036
458044
458045
458046
458047
458048
458049
458050
458051
458052
458331
458332
458333
458334
458335
458336
458337
458338
458339
458340
458342
458343
458344
458345
458346
458347
458348
458349
458350
458351
458352
458637
458638
458639
458640
458641
458642
458643
458644
458645
458646
458647
458648
458649
458650
458651
458652
458653
458655
458656
458657
458658
458946
458947
458948
458949
458950
458951
458952
458953
458954
458955
458956
458957
458958
458959
458960
458963
458964
458965
459260
459261
459262
459263
459264
459265
459268
459269
459270
459271
459272
459273
459274
459275
459276
459277
459278
459279
459280
459281
459561
459562
459563
459564
459565
459569
459570
459571
459572
459573
459574
459575
459576
459577
459578
459579
459580
459859
459860
459861
459862
459863
459870
459871
459872
459873
459874
459875
459876
459877
459878
459879
459880
459882
460159
460160
460161
460162
460171
460172
460173
460174
460175
460176
460177
460178
460179
460180
460181
460182
460474
460475
460476
460484
460485
460486
460487
460488
460489
460490
460491
460492
460493
460494
460495
460496
460497
460498
460794
460795
460796
460797
460798
460806
460807
460808
460809
460810
460811
460812
460813
460814
460815
460816
460817
460818
460819
461102
461104
461105
461106
461114
461115
461116
461117
461118
461119
461120
461121
461122
461123
461124
461125
461126
461442
461444
461445
461446
461447
461448
461449
461450
461451
461452
461769
461770
461773
461774
461775
461777
461778
461779
461780
462093
462094
462095
462096
462102
462103
462104
462105
462415
462416
462417
462418
462424
462425
462426
462427
462428
462731
462733
462734
462735
462736
462737
462738
462739
462743
462744
463042
463043
463044
463045
463046
463047
463048
463049
463050
463051
463052
463053
463054
463055
463056
463057
463370
463371
463372
463373
463374
463375
463377
463378
463379
463382
463383
463384
463696
463697
463698
463699
463700
463701
463702
463703
463707
464009
464010
464011
464012
464013
464014
464015
464016
464017
464018
464019
464020
464335
464336
464337
464338
464339
464340
464341
464342
464343
464344
464345
464672
464673
464674
464675
464676
464677
464678
464679
464680
464681
465009
465010
465011
465012
465013
465014
465015
465016
465339
465340
465341
465342
465343
465661
465662
465663
465664
466009
466010
466011
466012
466353
466354
466355
466681
466682
466683
466684
466685
466686
466687
467006
467007
467008