485354
485355
485694
485695
485696
485697
486004
486005
486006
486007
486008
486009
486010
486011
486012
486315
486316
486317
486318
486319
486320
486321
486322
486323
486324
486635
486636
486637
486638
486639
486640
486641
486642
486643
486644
486645
486646
486983
486984
486985
486986
486987
486988
486989
486990
486991
486992
486993
486994
486995
486996
486997
486998
486999
487000
487001
487350
487351
487352
487353
487354
487355
487356
487357
487358
487359
487360
487361
487362
487363
487364
487365
487366
487367
487368
487369
487729
487730
487731
487732
487733
487734
487735
487736
487737
487738
487739
487740
487741
487742
487743
487744
487745
487746
487747
487748
487749
487752
487753
488103
488104
488105
488106
488107
488108
488109
488110
488111
488112
488113
488114
488115
488116
488117
488118
488119
488120
488121
488122
488123
488500
488501
488502
488503
488504
488505
488506
488507
488508
488509
488510
488511
488512
488513
488514
488515
488516
488517
488518
488519
488520
488521
488522
488523
488911
488912
488913
488914
488915
488916
488917
488918
488919
488920
488921
488922
488923
488924
488925
488926
488927
488928
488929
488930
488931
488932
488933
488934
489311
489312
489313
489314
489315
489316
489317
489318
489319
489320
489321
489322
489323
489324
489325
489326
489327
489328
489329
489330
489331
489332
489736
489737
489738
489739
489740
489741
489742
489743
489744
489745
489746
489747
489748
489749
489750
489751
490166
490167
490168
490169
490170
490171
490172
490173
490174
490175
490176
490177
490178
490179
490180
490567
490568
490569
490570
490571
490572
490573
490574
490575
490576
490577
490578
490579
490972
490973
490974
490975
490976
490977
490978
490979
490980
490981
490982
490983
490984
490985
490986
491366
491367
491368
491369
491370
491371
491372
491373
491374
491375
491376
491377
491378
491379
491777
491778
491779
491780
491781
491782
491783
491784
491785
491786
491787
491788
491789
491790
492196
492197
492198
492199
492200
492201
492202
492203
492204
492205
492206
492207
492208
492613
492614
492615
492616
492617
492618
492619
492620
492621
492622
492623
492626
493043
493044
493045
493046
493047
493048
493049
493050
493051
493053
493054
493055
493056
493474
493475
493476
493477
493478
493479
493480
493481
493482
493483
493484
493898
493899
493900
493901
493902
493903
493904
493905
493906
493907
493908
493909
493910
494332
494333
494334
494335
494336
494337
494338
494339
494340
494341
494342
494343
494344
494345
494346
494347
494348
494778
494779
494780
494781
494782
494783
494784
494785
494786
494787
494788
494789
494790
494791
494792
494793
495233
495234
495235
495236
495237
495238
495239
495240
495241
495242
495243
495244
495245
495246
495247
495248
495697
495698
495699
495700
495701
495702
495703
495704
495705
495706
495707
495708
495709
495710
496150
496151
496152
496153
496154
496155
496156
496157
496158
496159
496160
496161
496162
496163
496164
496602
496603
496604
496605
496606
496607
496608
496609
496610
496611
496612
496613
496614
496615
496616
497082
497083
497084
497085
497086
497087
497088
497089
497090
497091
497092
497559
497560
497561
497562
497563
497564
497565
497566
497567
497568
497569
497570
498035
498036
498039
498040
498041
498042
498043
498044
498045
498046
498539
498540
498541
498542
498543
498544
498545
499050
499051
499052
499053
499054
499055
499056
499563
499564
499565
499566
499567
499568
499569
500097
500098
500099
500100
500101
500102
500624
500625
500626
500627
500628
501153
501154
501155