230321
230322
230325
230326
230854
230855
230856
230857
230860
230861
231403
231404
231405
231406
231407
231408
231410
231411
231958
231959
231960
231961
231962
231963
231964
231965
231966
231967
231968
231969
231970
232520
232521
232522
232523
232524
232525
232526
232527
232528
232529
232530
232531
232532
232533
233117
233118
233119
233120
233121
233122
233123
233124
233125
233126
233127
233128
233129
233130
233131
233697
233698
233699
233700
233701
233702
233703
233704
233705
233706
233707
233708
233709
233710
234251
234252
234253
234254
234255
234256
234257
234258
234259
234260
234261
234262
234263
234789
234790
234791
234792
234793
234794
234795
234796
234797
234798
234799
234800
234801
234802
234803
234804
234805
234806
234807
234808
235329
235340
235341
235342
235343
235344
235345
235346
235347
235348
235349
235350
235351
235352
235353
235354
235355
235356
235357
235358
235359
235360
235361
235362
235900
235901
235902
235903
235911
235912
235913
235914
235915
235916
235917
235918
235919
235920
235921
235922
235923
235924
235925
235926
235927
235928
235929
235930
235931
235932
235933
236498
236499
236500
236506
236508
236509
236510
236511
236512
236513
236514
236515
236516
236517
236518
236519
236520
236521
236522
236523
236524
236525
236526
236527
236528
236529
236530
237116
237117
237118
237119
237120
237123
237124
237125
237126
237127
237128
237129
237130
237131
237132
237133
237134
237135
237136
237137
237138
237139
237140
237141
237142
237143
237144
237145
237146
237147
237148
237149
237150
237743
237744
237745
237746
237747
237748
237749
237750
237751
237752
237753
237754
237755
237756
237757
237758
237759
237760
237761
237762
237763
237764
237765
237766
237767
237768
237769
237770
237771
237772
237774
238354
238355
238356
238357
238359
238360
238361
238362
238363
238364
238365
238366
238367
238368
238369
238370
238371
238372
238373
238374
238375
238376
238377
238378
238956
238957
238960
238961
238962
238963
238964
238965
238966
238967
238968
238969
238970
238971
238972
238973
238974
238975
238976
238977
238978
238979
238980
238981
238982
239584
239585
239588
239589
239590
239591
239592
239594
239595
239596
239597
239598
239599
239600
239601
239602
239603
239604
239605
239606
239607
239608
239609
239610
239611
240212
240213
240214
240215
240216
240217
240218
240219
240220
240221
240222
240223
240224
240225
240226
240227
240228
240229
240230
240231
240232
240233
240234
240235
240236
240237
240238
240240
240241
240803
240804
240805
240806
240807
240808
240809
240810
240811
240812
240813
240814
240815
240816
240817
240818
240819
240820
240821
240822
240823
240824
240825
240826
240829
241374
241375
241376
241377
241378
241379
241380
241381
241382
241383
241384
241385
241386
241387
241388
241389
241390
241391
241392
241393
241394
241395
241397
241958
241959
241960
241961
241962
241963
241964
241965
241966
241967
241968
241969
241970
241971
241972
241973
241974
241975
241976
241977
242560
242561
242562
242563
242564
242565
242568
242569
242570
242571
242572
243158
243160
243161
243162
243163
243164
243165
243168
243762
243763
243764
243765
243766
243767
243768
244362
244365
244366
244367
244368
244369
244370
244371
244372
244964
244965
244966
244967
244968
244969
244970
244971
244972
244973
244974
244975
245577
245578
245579
245580
245581
245582
245583
245584
245585
245586
246163
246164
246165
246166
246167
246750
246751
246752
246753
247327
247328
247329
247330
247331
247897
247898
247899
247900
247901
248453
248454
248455
248456