418162
418649
418650
418651
418652
418653
418654
419153
419154
419155
419157
419158
419159
419160
419161
419162
419640
419641
419642
419643
419644
419645
419646
419647
419648
419649
420146
420147
420148
420149
420150
420151
420152
420153
420619
420631
420632
420633
420634
420635
421106
421107
421108
421109
421110
421111
421112
421119
421120
421121
421122
421123
421124
421570
421571
421572
421573
421574
421575
421576
421583
421584
421585
421586
422035
422036
422037
422038
422039
422040
422049
422050
422051
422052
422491
422492
422493
422494
422495
422496
422497
422504
422505
422506
422507
422959
422960
422961
422962
422963
422964
422970
422971
422972
422973
423432
423433
423434
423435
423436
423437
423440
423441
423442
423443
423444
423445
423446
423447
423917
423918
423919
423920
423921
423922
423923
423924
423925
423926
423927
423928
423929
424409
424410
424411
424412
424413
424415
424416
424417
424418
424419
424420
424421
424422
424886
424887
424888
424889
424890
424891
424892
424893
424894
424895
424896
424897
424898
424899
424900
424901
424902
424903
424904
425366
425367
425368
425369
425370
425371
425372
425373
425374
425375
425376
425377
425378
425379
425380
425381
425382
425383
425384
425385
425386
425387
425388
425389
425390
425391
425392
425393
425846
425847
425848
425849
425850
425851
425852
425853
425854
425855
425856
425857
425858
425859
425860
425861
425862
425863
425864
425865
425866
425867
425868
425869
425870
425871
425872
425873
425874
426340
426341
426342
426343
426344
426345
426346
426347
426348
426350
426351
426352
426353
426354
426355
426356
426357
426358
426359
426360
426361
426362
426363
426364
426365
426859
426860
426861
426862
426863
426867
426870
426871
426872
426873
426874
426875
426876
426877
426878
426879
426880
426881
426882
426883
426884
427405
427406
427411
427413
427414
427415
427416
427417
427418
427419
427420
427421
427422
427423
427424
427931
427932
427933
427934
427935
427936
427937
427938
427939
427940
427941
428451
428452
428453
428454
428455
428456
428457
428458
428459
428460
428956
428957
428958
428959
428960
428961
428962
428963
428964
428965
428966
429493
429494
429495
429496
429497
429498
429499
429500
429501
429502
429503
429504
430053
430054
430055
430056
430057
430058
430059
430060
430061
430062
430063
430064
430590
430591
430592
430593
430594
430595
430596
430597
430598
430599
430600
430601
431127
431128
431129
431130
431131
431132
431133
431134
431135
431136
431654
431655
431656
431657
431658
431659
432154
432155
432156
432157
432158
432159
432160
432161
432162
432163
432665
432668
432669
432670
432671
432672
432673
432674
432675
433188
433189
433190
433191
433192
433193
433194
433195
433196
433197
433198
433199
433200
433203
433699
433700
433701
433702
433703
433704
433705
433706
433707
433708
433709
433710
433712
433713
433714
434201
434202
434203
434204
434205
434206
434207
434208
434209
434210
434211
434212
434213
434214
434215
434216
434217
434695
434696
434697
434698
434699
434700
434701
434702
434703
434704
434705
434706
434707
434708
434709
435185
435186
435187
435188
435189
435190
435191
435192
435193
435194
435195
435196
435197
435198
435199
435200
435201
435204
435205
435681
435682
435683
435684
435685
435686
435687
435688
435689
435690
435691
435692
435693
435696
435697
436155
436156
436157
436158
436159
436160
436161
436162
436163
436164
436165
436166
436167
436168
436613
436614
436615
436616
436617
436618
436619
436620
436621
436622
437052
437053
437054
437055
437510
437511