345753
346288
346289
346290
346291
346833
346834
346835
346836
346837
346838
346839
346840
347383
347384
347385
347386
347387
347388
347389
347390
347391
347392
347393
347394
347395
347399
347959
347960
347961
347962
347963
347964
347965
347966
347967
347968
347969
347970
347971
347972
347973
347974
347975
348540
348541
348542
348543
348544
348545
348546
348547
348548
348549
348550
348551
348552
349141
349142
349143
349144
349145
349146
349148
349149
349150
349151
349152
349153
349747
349748
349749
349750
349751
349752
349753
349754
349755
349756
349757
349758
349759
350348
350349
350350
350351
350352
350353
350354
350355
350356
350357
350358
350917
350918
350919
350920
350921
350922
350923
350924
351483
351484
351485
351486
351487
351488
351489
351490
351491
351492
351493
351494
352049
352050
352051
352052
352053
352054
352055
352056
352609
352610
352611
352612
352613
352614
352615
352616
352617
352618
352619
352620
352621
352622
352623
353168
353169
353170
353171
353172
353173
353174
353175
353176
353179
353180
353181
353182
353183
353184
353185
353186
353760
353761
353762
353763
353764
353765
353769
353770
353771
353772
353773
353774
353775
353776
354338
354339
354340
354341
354342
354343
354344
354347
354348
354349
354930
354931
354932
354933
354934
354935
354936
354937
354939
354940
355529
355530
355531
355532
355533
355534
355535
355536
355537
355538
355539
355540
355541
355542
355543
355544
356110
356111
356112
356113
356114
356115
356116
356117
356118
356119
356120
356121
356122
356123
356681
356682
356683
356684
356685
356686
356687
356688
356689
356690
356691
356692
356693
356695
356696
356698
356699
357238
357239
357240
357241
357242
357243
357244
357245
357246
357247
357248
357249
357252
357802
357803
357804
357805
357806
357807
357808
357809
357811
357812
357813
357814
357815
358344
358345
358346
358347
358348
358349
358350
358351
358352
358353
358354
358355
358356
358881
358882
358883
358884
358885
358886
358887
358888
358889
358890
358891
358893
358894
358895
358896
359417
359418
359419
359420
359421
359422
359423
359424
359425
359426
359429
359430
359953
359954
359955
359956
359957
359958
359959
359962
359963
359964
360459
360460
360461
360462
360463
360464
360465
360466
360467
360468
360469
360470
360471
360950
360951
360952
360953
360954
360955
360956
360957
360958
360959
360960
360961
360962
360963
360964
360965
360966
361452
361453
361454
361455
361456
361457
361458
361459
361460
361461
361462
361463
361464
361465
361466
361467
361979
361980
361981
361982
361983
361984
361985
361986
361987
361988
361989
361990
361991
362514
362515
362516
362517
362518
362519
362520
362521
362522
362523
362524
362525
363035
363036
363037
363038
363039
363040
363041
363042
363043
363044
363045
363543
363544
363545
363546
363547
363548
363549
363550
363551
363552
363553
363554
363555
364061
364062
364063
364064
364065
364066
364067
364068
364069
364070
364071
364072
364073
364074
364582
364583
364584
364585
364586
364587
364588
364589
364590
364591
364592
364594
364598
365085
365086
365087
365088
365089
365090
365091
365092
365093
365094
365095
365096
365097
365568
365569
365570
365574
365575
365576
365577
365578
365579
365580
365581
365582
365584
366030
366031
366032
366033
366034
366041
366042
366043
366044
366045
366046
366047
366048
366515
366516
366523
366524
366525
366526
366527
366528
366529
366530
367013
367014
367015
367016
367017
367018
367019
367526
367527
367528
367529
367530
368024
368025
368026
368027
368028
368534
368535