73463
74030
74031
74584
74585
74586
75155
75156
75755
75756
75757
75758
75759
76336
76337
76338
76339
76341
76909
76910
76911
76912
76913
76914
77467
77468
77469
77470
78042
78043
78044
78045
78046
78047
78625
78626
78627
78628
78629
78630
78634
79221
79222
79223
79224
79225
79226
79227
79808
79809
79810
79811
79812
79813
79814
79815
79816
79817
79818
80400
80401
80402
80403
80404
80405
80406
80407
80408
80409
80410
80411
80412
80985
80986
80987
80988
80989
80990
80991
80992
80993
80994
80995
80996
81537
81538
81539
81540
81541
81542
81543
81544
81545
81546
81548
81549
82117
82118
82119
82120
82121
82122
82123
82124
82125
82127
82128
82129
82713
82714
82715
82716
82717
82718
82719
82720
82723
82724
83309
83310
83311
83312
83313
83314
83315
83317
83876
83877
83878
83880
83881
83882
83886
84434
84435
84436
84437
84440
84441
84442
84445
84446
84447
84448
84449
84450
85007
85008
85009
85016
85017
85018
85019
85020
85021
85022
85583
85584
85585
85593
85594
85595
85596
85597
86143
86144
86150
86152
86153
86154
86155
86156
86696
86697
86698
86699
86700
86701
86702
86703
86704
86705
86706
86707
86708
86709
86710
86711
86712
86714
87241
87243
87244
87245
87246
87247
87248
87249
87250
87251
87252
87253
87254
87255
87256
87257
87258
87259
87260
87764
87765
87766
87767
87768
87771
87772
87773
87774
87775
87776
87777
87778
87779
87780
87781
87782
87783
87784
88287
88288
88289
88290
88291
88292
88293
88294
88295
88296
88297
88298
88299
88300
88301
88302
88303
88304
88305
88306
88307
88811
88812
88813
88814
88815
88816
88817
88818
88819
88820
88821
88822
88823
88824
88825
88826
88827
88828
88829
89323
89324
89325
89326
89327
89328
89329
89330
89331
89332
89333
89336
89337
89338
89339
89857
89858
89859
89860
89861
89862
89863
89864
89865
89866
89867
89872
89873
89874
90383
90384
90385
90386
90387
90388
90389
90390
90391
90392
90393
90936
90937
90938
90939
90940
90942
90943
90944
90947
91498
91499
91500
91501
91506
91507
91509
91510
91511
91512
92063
92064
92065
92066
92070
92072
92073
92074
92075
92076
92645
92646
92647
92648
92649
92650
92651
92652
92653
92654
92655
93231
93232
93848
93849
94466
94467
95082
95083
95732
95733
95734
95737
95738
95739
95740
95741
95742
96371
96372
96373
96374
96375
96376
96377
96378
96379
96380
96381
96382
96383
97019
97020
97021
97022
97023
97024
97025
97026
97028
97029
97030
97655
97656
97657
97658
97659
97660
97661
97662
97663
97664
97665
97666
97667
98267
98268
98269
98270
98271
98272
98273
98274
98275
98276
98277
98278
98279
98280
98281
98897
98898
98899
98900
98901
98902
98903
98904
98907
98909
98910
98911
98912
99524
99525
99526
99527
99528
99529
99530
99531
99532
99535
99536
99539
99540
99541
100178
100179
100180
100181
100182
100183
100184
100187
100188
100189
100190
100191
100192
100193
100840
100841
100842
100843
100844
100845
100846
100851
100852
100853
100854
100855
101520
101521
101522
101523
101524
101525
101526
101527
101533
101534
101535
101536
101537
102187
102188
102189
102190
102191
102194
102195
102794
102795
102796
102797
103416
103417
104049
104050
104673
104674