178115
178766
178767
179397
179399
179400
179401
179402
179403
179404
180034
180035
180036
180037
180038
180039
180682
180683
180684
180685
180686
180687
181337
181349
181350
181351
181352
181999
182011
182012
182013
182014
182015
182016
182642
182643
182644
182654
182655
182656
182657
182658
182659
183269
183270
183271
183272
183273
183282
183283
183284
183285
183286
183287
183288
183864
183865
183866
183867
183868
183869
183870
183874
183875
183876
183877
183878
183879
183880
184445
184446
184447
184448
184449
184450
184453
184454
184455
184456
184457
184458
184459
185058
185059
185060
185061
185062
185063
185066
185067
185068
185069
185070
185071
185072
185073
185074
185075
185076
185704
185705
185706
185707
185708
185710
185711
185712
185713
185714
185715
185716
185717
185718
186355
186356
186357
186358
186359
186360
186361
186362
186363
186364
186365
186366
186367
186368
186369
186370
186989
186990
186991
186992
186993
186994
186995
186996
186997
186998
186999
187000
187001
187002
187003
187004
187005
187006
187007
187008
187009
187010
187011
187606
187607
187610
187611
187612
187613
187614
187615
187616
187617
187618
187619
187620
187621
187622
187623
187624
187625
187626
187627
187628
188217
188218
188219
188220
188221
188222
188223
188224
188225
188226
188227
188228
188229
188230
188231
188232
188233
188234
188235
188236
188237
188238
188239
188830
188831
188832
188833
188834
188835
188836
188837
188838
188839
188840
188841
188842
188843
188844
188845
188846
188847
189437
189438
189439
189440
189441
189442
189443
189444
189445
189446
189447
189448
189449
189450
189451
189452
189453
189454
190031
190032
190033
190034
190035
190036
190037
190038
190039
190040
190041
190042
190043
190044
190045
190046
190618
190619
190620
190621
190622
190623
190624
190625
190626
190627
190628
190629
190630
190631
190632
190633
190634
191194
191195
191196
191197
191198
191199
191200
191201
191202
191203
191204
191205
191206
191207
191759
191760
191761
191762
191763
191765
191766
191767
191768
191769
191770
192316
192317
192319
192320
192321
192322
192323
192324
192325
192326
192327
192328
192863
192864
192865
192866
192867
192868
192869
192870
192871
192872
192873
193417
193418
193419
193420
193421
193422
193423
193424
193425
193426
193427
193959
193960
193961
193962
193963
193964
193965
193966
193967
193968
193969
193970
193971
193972
194524
194525
194526
194527
194528
194529
194530
194531
194532
194533
194534
194535
194536
194537
194538
195086
195087
195088
195089
195090
195091
195092
195093
195094
195095
195096
195098
195619
195620
195621
195622
195623
195624
195625
195626
195627
195628
195629
195630
195631
195632
195633
195634
196154
196155
196156
196157
196158
196159
196160
196161
196162
196163
196164
196165
196166
196167
196168
196169
196170
196672
196673
196674
196675
196676
196677
196678
196679
196680
196681
196682
196683
196684
196685
196686
196687
196688
196689
197186
197187
197188
197189
197190
197191
197192
197193
197194
197195
197196
197197
197198
197199
197200
197712
197713
197714
197715
197716
197717
197718
197719
197720
197721
197722
197723
197724
197725
197726
197727
197728
197729
198267
198268
198269
198270
198271
198272
198273
198274
198275
198276
198277
198278
198840
198841
198842
198843
198844
198845
198846
198847
198848
199427
199428
199429
199430
199431
199432
199433
199434
200021
200022
200023
200024
200025
200026
200027
200028
200613
200614
200615
200616
200617
200618
201164
201165
201166
201167
201168
201169
201735
201736