240037
240038
240039
240632
240633
240634
241197
241198
241199
241766
241767
241768
241769
241770
242354
242355
242356
242357
242358
242359
242360
242361
242945
242946
242947
242948
242949
242950
242951
242952
242953
242954
242955
242956
243551
243552
243553
243554
243555
243556
243557
243558
243559
243560
243561
243562
243563
243564
244150
244151
244152
244153
244154
244155
244156
244157
244158
244159
244160
244161
244162
244743
244744
244745
244746
244747
244748
244749
244750
244752
245352
245353
245354
245355
245356
245357
245358
245359
245360
245364
245365
245945
245946
245947
245948
245949
246528
246529
246530
246531
246532
247118
247119
247120
247121
247122
247124
247681
247682
247683