209965
210446
210447
210448
210954
210955
210956
211473
211474
211475
211476
211477
211478
212013
212014
212520
212521
212522
212523
213040
213041
213042
213043
213044
213569
213570
213571
213572
213573
213574
213575
213576
213577
213578
214127
214128
214129
214130
214131
214132
214133
214134
214135
214701
214702
214703
214706
214707
214708
214709
214710
214711
214712
215285
215286
215287
215288
215289
215290
215291
215292
215293
215858
215859
215860
215861
215862
215863
215864
215865
216424
216425
216426
216427
216428
216429
216430
216431
216432
216433
216997
216998
216999
217000
217001
217002
217003
217570
217571
217572
217573
218126
218127
218128
218129
218130
218680
218681
218682
218683