322344
322345
322346
322354
322826
322827
322831
322832
322833
322835
322836
322837
322838
322839
323313
323314
323315
323316
323317
323318
323319
323320
323321
323322
323323
323324
323802
323803
323804
323805
323806
323807
323808
323809
323810
323811
323812
323813
323814
323815
323816
323817
323818
323819
324299
324300
324301
324302
324303
324304
324305
324306
324307
324311
324312
324313
324314
324315
324316
324317
324819
324820
324821
324822
324825
324829
324830
324831
324832
324833
324834
324835
324836
325335
325336
325337
325339
325340
325344
325345
325346
325347
325348
325349
325350
325351
325862
325863
325868
325869
325870
325871
325872
325873
325874
326376
326379
326381
326382
326888