181337
181997
181998
181999
182000
182001
182642
182643
182644
183269
183271
183272
183865
183866
183867
183868
183869
183870
184445
184446
184447
184448
184449
184450
184453
185058
185059
185060
185061
185062
185063
185066
185067
185068
185704
185705
185706
185707
185708
185710
185711
185712
186355
186356
186357
186358
186359
186361
186362
186363
186364
186365
186992
186993
186994
186995
186997
186998
186999
187000
187001
187002
187003
187004
187006
187610
187611
187612
187613
187614
187615
187616
187617
187618
187619
187620
187623
188226
188228
188229
188230
188231
188233
188234
188838
188839
188840
188841
188842
188843
189446
189447
189448
189449
190039
190040
190626
190627
190628
190629