363782
364301
364302
364808
364809
364811
364812
364814
365308
365309
365310
365311
365312
365313
365314
365315
365783
365784
365785
365786
365787
365788
365789
365790
365791
365792
365793
365794
366248
366249
366250
366251
366252
366253
366254
366255
366256
366257
366258
366259
366260
366262
366721
366722
366723
366724
366725
366726
366727
366728
366729
366730
366731
366732
367218
367219
367220
367221
367222
367223
367224
367225
367226
367733
367734
367735
367736
367737
367738
367739
368239
368243
368244
368245
368246
368247
368248
368249
368751
368752
368753
368754
368756
369249
369250
369251
369723
369724
370199
370200
370201
370688
370689
371181
371182
371183
371184
371689
372210
372717