175134
175135
175660
175661
175662
175663
176246
176247
176851
176852
176853
176854
176855
176857
177492
177493
177494
177495
177496
177497
177498
177499
178141
178142
178143
178144
178145
178146
178147
178148
178791
178792
178793
178794
178795
178796
178797
178798
179438
179439
179440
179441
179443
179444
180078
180079
180080
180081
180082
180083
180084
180085
180730
180731
180732
180734
180735
181395
182054
182055
182057
182058
182694
182695
182697
182698
182699
182700
182701
183330
183331
183332
183335
183336
183917
183918
183919
183920
183922
184508
184509
184510
184511
184512
184513
185129
185130
185131
185132
185133
185134
185773
186423
186424
187066
187067
187679
187680
187681
188286