287205
287206
287207
287718
287719
287720
287721
288242
288243
288244
288245
288765
288766
288767
288768
289258
289259
289260
289261
289262
289263
289264
289265
289269
289731
289732
289733
289734
289735
289736
289737
289738
289739
289740
289741
289742
289743
289744
289745
289746
289747
290232
290233
290234
290235
290236
290237
290239
290240
290241
290242
290726
290731
290732
290733
290734
290735
291198
291199
291200
291669
291670
292156
292157
292158
292655
292656
292657
292658
292659
293163
293164
293165
293166
293167
293666
293667
293668
293669
293670
294172
294173
294174
294175
294176
294177
294178
294660
294661
294662
294663
294664
294665
294666
294667
295136
295138
295140
295620
295621