302814
303350
303891
303892
304438
304439
304440
304441
304996
304997
305542
305543
306094
306095
306096
306097
306098
306635
306637
306638
306639
306640
306641
307185
307186
307187
307188
307189
307190
307194
307195
307196
307197
307727
307728
307729
307730
307731
307732
307733
307734
307737
307738
307739
307740
308278
308279
308280
308281
308282
308283
308285
308286
308287
308288
308289
308290
308828
308829
308830
308831
308832
308833
308834
308835
308836
308837
308838
309375
309376
309377
309378
309379
309380
309381
309382
309910
309911
309912
309913
309914
309915
309916
310459
310460
310461
310462
310463
310464
310465
310466
310467
310468
311007
311008
311009
311010
311548
311549
311550