469742
469743
470020
470021
470022
470023
470024
470274
470275
470276
470277
470278
470279
470280
470517
470518
470519
470520
470521
470522
470523
470524
470525
470526
470527
470774
470775
470776
470777
470778
470779
470780
470781
470782
470783
470784
470785
470786
470787
470788
470789
470790
471052
471053
471054
471056
471057
471058
471059
471060
471061
471062
471063
471064
471066
471326
471327
471328
471331
471332
471333
471334
471335
471336
471337
471338
471339
471340
471341
471602
471607
471608
471609
471610
471611
471612
471613
471614
471615
471863
471864
471866
471867
471868
472143
472144
472145
472146
472440
472441
472442
472443
472444
472737
472738
472739
472740
472741
472742
473040