41346
41347
41906
41909
41910
41911
42475
42476
42478
42479
42480
43050
43051
43052
43053
43054
43055
43592
43594
43595
43596
43597
43598
43599
43600
43601
44147
44148
44150
44151
44152
44153
44154
44155
44156
44157
44158
44676
44677
44678
44679
44680
44681
44682
44683
44684
44685
44686
44688
44689
44690
44691
45198
45199
45200
45201
45202
45203
45204
45205
45206
45207
45208
45209
45210
45211
45213
45722
45723
45724
45725
45726
45727
45728
45729
45730
45731
45736
46238
46239
46241
46242
46243
46244
46245
46246
46247
46248
46249
46735
46736
46737
46738
46739
46740
47199
47201
47202
47203
47649