140209
140210
140213
140813
140814
140815
140816
140817
140821
140822
141403
141404
141405
141406
141407
141408
141409
141410
141987
141988
141989
141990
141991
141992
141993
142557
142558
142559
142560
142561
142562
142563
142564
142565
142566
142567
143113
143114
143115
143116
143117
143118
143119
143120
143121
143122
143123
143124
143125
143675
143676
143677
143678
143679
143680
143685
143686
143687
144200
144201
144202
144203
144204
144205
144206
144207
144208
144210
144211
144750
144751
144752
144753
144754
144755
144756
144757
144758
145319
145320
145321
145322
145323
145324
145325
145326
145327
145328
145879
145880
145881
145882
145883
145884
146442
146443
146445
146446
146447
147003