316377
316836
316837
316838
317322
317323
317324
317806
317807
317808
317809
317810
318303
318304
318305
318306
318817
318818
318820
319298
319299
319300
319301
319790
319791
319792
319793
319794
320280
320281
320282
320283
320284
320285
320286
320758
320759
320763
321224
321226
321227
321228
321694
321695
321696
322151
322159
322160
322627
322628
322633
322634
322635
323123
323124
323125
323126
323127
323128
323129
323130
323131
323134
323135
323601
323602
323603
323604
323605
323606
323607
323608
323609
323610
324098
324099
324100
324101
324102
324103
324104
324105
324607
324608
324609
324610
324611
324612
324614
324615
325124
325125
325128
325129
325130
325131
325132
325651
325652
325657