199003
199004
199597
199598
199599
200193
200194
200195
200196
200197
200198
200199
200773
200774
200775
200776
200777
201320
201322
201323
201324
201325
201326
201328
201890
201891
201892
201895
201896
201897
201898
201899
201900
201901
202454
202455
202456
202457
202459
202460
202461
202462
202463
202464
202465
202466
202467
202468
203033
203034
203036
203037
203038
203039
203040
203041
203043
203044
203045
203046
203048
203049
203050
203051
203614
203615
203616
203617
203618
203619
203620
203623
203624
203626
203628
203629
203630
203631
204178
204179
204181
204187
204190
204191
204192
204193
204194
204745
204746
204747
204748
204749
204750
205288
205289
205290
205292
205293
205294
205847