355024
355025
355026
355624
355625
355626
355627
355628
355629
355631
356200
356201
356202
356203
356204
356208
356777
356778
356779
356780
356784
356785
357330
357331
357332
357333
357334
357335
357336
357337
357894
357895
357898
357899
357900
357901
358437
358438
358439
358440
358989
358990
358991
358992
358993
359516
359517
359518
359519
360051
360052
360560
360561
361051
361052
361053
361054
361055
361056
361550
361551
361552
361553
361554
361555
361556
361557
361558
362079
362080
362081
362082
362083
362084
362085
362086
362599
362600
362601
362602
362603
362604
362605
362606
363114
363115
363116
363117
363118
363119
363121
363632
363633
363634
363635
363637
363638
363639
364157
364158