377853
377854
377855
377856
378410
378411
378412
378413
378949
378950
378952
378953
379506
379507
379508
379509
379510
380072
380073
380074
380076
380077
380078
380079
380080
380081
380651
380652
380653
380654
380655
380656
380657
380658
380659
380660
381227
381228
381229
381230
381231
381232
381233
381236
381795
381796
381797
381798
381799
381800
381801
381803
382345
382346
382347
382348
382349
382350
382351
382893
382894
382895
382896
382897
382898
383457
383458
383459
383463
384041
384042
384621
384622
385178
385179
385182
385725
385726
385729
385731
386283
386284
386285
386286
386287
386288
386289
386827
386828
386829
386830
386831
387365
387366
387367
387368
387924
387925
388487
388488