188727
188728
188729
188730
188732
188733
189329
189330
189331
189332
189333
189334
189335
189336
189337
189338
189930
189932
189933
189934
189935
189936
189937
189938
190510
190511
190512
190513
190515
190516
190517
190518
190519
191078
191079
191080
191082
191083
191084
191085
191086
191087
191088
191646
191647
191648
191649
191650
191651
191652
191653
191654
191655
191656
192216
192217
192218
192219
192220
192221
192222
192223
192224
192768
192769
192770
192771
192772
192773
192774
192775
193321
193322
193323
193324
193325
193326
193327
193864
193865
193866
193867
193868
193869
193870
194431
194432
194433
194434
194435
194436
195002
195003
195004
195005
195006
195534
195535
195536
195538