220359
220360
220361
220942
220943
220944
220945
221506
221507
221508
221509
221510
222045
222046
222047
222048
222049
222051
222054
222055
222569
222570
222571
222572
222573
222574
222576
222578
222579
222581
222582
222583
222584
223084
223085
223086
223088
223089
223090
223091
223093
223094
223095
223096
223098
223099
223100
223593
223594
223595
223596
223597
223598
223599
223600
223601
223602
223603
223604
223605
223606
223607
223608
223609
223610
224129
224130
224131
224132
224133
224134
224135
224136
224137
224138
224139
224140
224141
224647
224648
224649
224652
224653
224654
224655
224656
224657
225165
225166
225167
225168
225169
225170
225171
225691
225692
225693
225694
225695
226209