396507
396508
396509
396511
397031
397033
397034
397035
397036
397037
397551
397552
397553
397554
397555
397556
397557
398091
398092
398093
398094
398095
398638
398639
398640
398641
398642
398643
398644
398645
399200
399201
399202
399203
399204
399205
399206
399207
399725
399726
399727
399728
399729
399730
399731
399732
399733
400244
400245
400246
400247
400248
400249
400250
400742
400743
400744
400745
400746
400748
401243
401244
401245
401246
401746
401747
401749
402239
402240
402241
402242
402243
402746
402747
402748
402749
402750
402751
403235
403236
403237
403238
403706
403707
403708
403710
403711
404186
404187
404644
404645
405102
405106
405552
405553
405554
405555
405556
406012
406013