439608
439609
439611
439612
439613
440019
440020
440021
440022
440023
440024
440025
440026
440401
440402
440403
440404
440405
440406
440407
440792
440793
440794
440795
440797
440798
441167
441168
441169
441170
441171
441560
441561
441562
441564
441565
441925
441926
441927
441928
441929
441930
441931
441932
441933
442267
442270
442271
442272
442273
442274
442275
442276
442626
442628
442629
442630
442631
442632
442633
442634
442635
442636
442984
442985
442986
442987
442988
442989
442990
442991
442992
442993
442994
442995
443361
443362
443363
443364
443365
443366
443367
443368
443369
443370
443739
443740
443742
443744
444114
444115
444116
444479
444480
444481
444482
444837
444838
444839
445207