453741
454053
454054
454356
454357
454358
454682
455002
455003
455004
455321
455322
455323
455656
455657
455658
455659
455660
455661
455662
456004
456005
456006
456007
456008
456010
456011
456012
456013
456014
456357
456358
456359
456360
456364
456365
456366
456367
456368
456689
456690
456691
456692
456693
456694
456699
456700
456701
456702
457019
457020
457021
457022
457023
457024
457025
457027
457028
457029
457030
457340
457341
457342
457344
457345
457346
457660
457661
457662
457663
457664
457967
457968
457969
457970
457972
457973
458263
458264
458265
458266
458267
458268
458269
458566
458567
458568
458569
458570
458571
458572
458573
458574
458880
458881
458882
458883
458884
459196
459197