194769
194770
195310
195311
195312
195855
195856
196382
196383
196908
196909
197423
197426
197427
197428
197981
197982
197983
197984
197985
197986
197987
197988
197989
197990
197991
198534
198535
198536
198537
198538
198539
198540
198541
199121
199122
199123
199124
199125
199126
199127
199129
199130
199131
199711
199712
199713
199714
199715
199716
199717
200303
200304
200305
200306
200307
200308
200309
200881
200882
200883
200884
200885
200886
200887
200888
201432
201433
201434
201435
201436
201437
201994
201995
201996
201997
201998
201999
202000
202001
202573
202574
202575
202576
202577
202578
202579
202580
202581
203159
203160
203161
203162
203163
203164
203734
203735
203736
203737
204295