390409
390410
390411
390965
390966
390967
390968
391512
391513
391514
391515
391516
392068
392069
392070
392071
392072
392076
392077
392078
392079
392080
392081
392082
392622
392623
392624
392625
392630
392631
392633
392634
392635
392636
393154
393158
393159
393161
393162
393163
393682
393683
393684
393685
393690
393691
393693
393694
393695
393696
394230
394233
394234
394235
394236
394237
394238
394239
394240
394746
394747
394748
394749
394750
394751
394752
394753
394754
394755
394756
394757
394758
394759
395282
395284
395285
395286
395287
395288
395291
395830
395831
395832
395833
395834
395835
396380
396381
396382
396904
396905
396906
397421
397422
397423
397949
397950
397951
397952
398498