174683
174684
175210
175211
175738
175739
175740
175741
175743
175744
175745
175746
176332
176333
176334
176335
176336
176337
176338
176339
176340
176948
176949
176950
176951
176952
176953
176954
176955
176956
176957
176959
176960
176961
176962
177593
177594
177599
177600
177601
177602
177603
177604
177605
177606
177607
177608
177609
177610
178242
178243
178244
178245
178246
178247
178248
178249
178250
178251
178252
178253
178254
178255
178256
178889
178890
178891
178892
178893
178894
178895
178896
178897
178898
178899
178900
179541
179542
179543
179544
179545
179546
179547
179548
179549
179550
179551
179552
180186
180187
180190
180191
180192
180193
180194
180196
180856
181534
181535
181536