463635
463951
463952
463953
463954
463955
464273
464274
464275
464276
464277
464278
464279
464280
464283
464284
464614
464615
464616
464617
464618
464619
464620
464621
464622
464623
464624
464954
464955
464956
464957
464958
464959
464960
464961
464962
464963
464964
465279
465280
465281
465282
465283
465284
465285
465286
465287
465288
465289
465599
465600
465601
465602
465603
465604
465605
465606
465607
465608
465609
465610
465611
465612
465947
465948
465949
465950
465951
465952
465953
465954
465955
466285
466286
466287
466288
466289
466290
466291
466292
466610
466612
466613
466614
466615
466616
466617
466618
466941
466942
466943
466944
466945
466946
466947
467266
467267
467268
467269
467272