383683
383684
384262
384832
384836
385377
385379
385384
385385
385389
385939
385940
385941
385942
385943
385944
385945
385949
385950
385951
385952
385953
386486
386487
386488
386489
386490
386491
386494
386495
386497
386498
387034
387035
387036
387037
387038
387039
387040
387043
387044
387045
387046
387048
387049
387588
387589
387590
387591
387592
387593
387594
387595
387596
387597
387598
387599
387600
387602
387603
387604
388151
388152
388153
388154
388155
388156
388157
388158
388159
388162
388163
388164
388712
388713
388714
388715
388716
388717
388718
388719
388724
389251
389252
389253
389254
389255
389256
389257
389258
389259
389260
389801
389802
389804
389805
389806
389807
390355
390356