178784
179422
179423
179424
179425
179426
179427
179428
179429
179430
180060
180061
180062
180063
180064
180065
180066
180067
180068
180708
180709
180710
180711
180712
180713
180714
180715
180716
180717
180718
181376
181377
181378
181379
181380
181381
181382
181383
181384
181385
182040
182041
182042
182043
182678
182679
182680
182681
182682
182683
182686
183316
183318
183319
183320
183321
183322
183325
183906
183907
183908
183909
183910
183911
183912
184494
184495
184496
184497
184498
184499
184500
184501
185115
185116
185117
185118
185756
185757
185758
185759
185760
185761
185762
186408
186409
186410
186411
186412
186413
186414
187050
187051
187052
187053
187054
187055
187056
187666
187667