256380
256384
256385
256987
256990
256995
257599
257600
257601
257602
257603
257604
257605
257606
257608
257609
257610
258212
258213
258214
258215
258216
258217
258218
258219
258220
258221
258222
258223
258224
258829
258830
258831
258834
258835
258836
258837
258838
258839
258840
258841
258842
258843
259472
259473
259474
259475
259476
259482
259483
259484
259485
259486
259488
259489
260118
260119
260120
260121
260122
260123
260128
260129
260130
260131
260132
260133
260134
260135
260765
260776
260777
260778
260779
260780
260781
261399
261400
261401
261402
261403
261404
262006
262007
262008
262009
262010
262619
262620
262621
262622
262623
263221
263222
263223
263825
263826
263827
263828
264439