142073
142640
142641
143192
143193
143194
143757
143758
143759
143760
143761
144278
144279
144280
144281
144827
144828
144829
144830
145395
145396
145397
145398
145399
145400
145403
145404
145405
145952
145953
145954
145955
145956
145957
145958
145959
145960
145961
145962
145963
145964
146515
146516
146517
146518
146519
146520
146521
146522
146523
146525
146526
146527
147058
147059
147060
147061
147062
147063
147064
147065
147066
147067
147068
147069
147070
147071
147072
147610
147611
147612
147613
147615
147616
147617
147618
147619
147620
147621
147622
148138
148139
148140
148141
148142
148143
148144
148145
148149
148150
148151
148697
148698
148701
148702
148703
148708
149216
149217
149219