340689
341244
341755
341756
341757
341758
342281
342282
342283
342284
342285
342286
342818
342819
342820
342821
342822
342823
342824
342825
342826
343376
343377
343378
343379
343380
343381
343382
343383
343384
343942
343943
343944
343945
343946
343947
343948
343949
343950
343951
344499
344500
344501
344502
344503
344504
344505
344506
344507
345033
345034
345035
345036
345037
345038
345039
345040
345041
345042
345043
345594
345595
345596
345597
345598
345599
345600
345601
345602
345603
345604
345605
346142
346143
346144
346145
346146
346147
346148
346149
346150
346674
346675
346677
346678
346679
346680
346681
346682
346683
347231
347232
347233
347234
347235
347236
347237
347239
347240
347800