29453
29922
29923
29924
29925
29926
30402
30403
30404
30405
30406
30407
30904
30905
30906
30907
30908
30909
31401
31402
31403
31404
31405
31406
31919
31920
31921
31922
31923
31924
31925
32432
32433
32434
32435
32436
32437
32438
32439
32440
32442
32945
32946
32947
32948
32949
32950
32951
33439
33440
33441
33442
33443
33444
33445
33446
33448
33942
33943
33944
33945
33946
33947
33948
33949
34456
34457
34458
34459
34460
34461
34462
34463
34464
34985
34986
34987
34988
34989
34990
34991
34992
34993
35488
35489
35490
35491
35492
35493
35494
35495
35496
35990
35993
35994
35995
36475
36476
36477
36947