453749
453752
454061
454062
454063
454064
454065
454067
454365
454366
454367
454368
454369
454370
454371
454372
454685
454686
454687
454688
454689
454690
454691
454692
454693
455008
455009
455010
455011
455012
455013
455014
455015
455018
455325
455326
455327
455328
455329
455330
455332
455663
455664
455665
455666
455667
455668
455669
455670
455671
456014
456015
456016
456017
456018
456019
456020
456021
456022
456023
456024
456369
456370
456371
456372
456373
456374
456704
456705
456706
456707
456708
456709
457031
457032
457033
457034
457035
457036
457347
457348
457349
457350
457351
457352
457667
457668
457669
457670
457671
457974
457975
457976
457977
457978
457979
458270
458271
458574
458884