218457
218458
218459
219015
219016
219524
219525
219526
219527
219528
219529
220061
220062
220063
220626
220627
220628
220629
221191
221192
221193
221194
221743
221744
221746
221747
221748
222277
222278
222279
222280
222281
222282
222806
222807
222808
222809
222810
222811
223323
223324
223325
223326
223327
223857
223858
224379
224884
225394
225395
225396
225894
225895
225896
225897
225899
225900
225901
226400
226401
226402
226403
226404
226405
226406
226407
226408
226409
226410
226411
226412
226414
226910
226911
226912
226913
226914
226915
226916
226917
226918
226919
226920
226921
226922
226923
227414
227415
227416
227417
227418
227419
227420
227421
227422
227423
227928
227929
227930
227933