346921
347474
348060
348061
348062
348063
348064
348065
348639
348640
348641
348642
348643
348644
348645
348646
348647
349240
349241
349242
349243
349244
349245
349246
349247
349248
349249
349250
349849
349850
349851
349852
349853
349854
349855
349856
349857
349858
349859
350444
350445
350446
350447
350448
350449
350450
350451
350453
350454
351003
351004
351005
351006
351007
351008
351009
351010
351011
351012
351013
351014
351572
351573
351574
351575
351576
351577
351578
351579
351580
351581
352131
352132
352133
352134
352135
352136
352137
352686
352687
352688
352689
352690
352691
352692
353242
353243
353244
353245
353246
353247
353830
353831
353832
353833
354414
354415
354416
354417
354418