470420
470668
470669
470670
470671
470937
470938
470939
470940
470944
470946
470947
470948
470949
471213
471214
471215
471216
471217
471218
471219
471220
471223
471224
471489
471490
471491
471492
471493
471494
471495
471496
471497
471498
471499
471500
471501
471502
471503
471750
471751
471752
471753
471754
471755
471756
471757
471758
471759
471760
471761
471762
471763
471764
471765
471766
471767
472022
472023
472024
472025
472026
472027
472028
472032
472033
472034
472035
472036
472039
472040
472041
472313
472314
472315
472316
472317
472318
472319
472320
472321
472323
472324
472621
472623
472624
472625
472626
472627
472628
472629
472925
472926
472927
472928
472929
472930
473228
473229
473529