198361
198932
198934
199519
199520
199521
200116
200117
200118
200119
200697
200698
200699
200700
200701
201249
201250
201251
201252
201253
201254
201824
201825
201826
201827
201828
201829
201830
201831
202399
202401
202402
202403
202404
202405
202406
202407
202989
202991
202992
202993
202994
203570
203571
203572
203573
204131
204132
204133
204134
204679
204680
204681
204682
204683
205226
205227
205228
205229
205230
205777
205778
205779
205780
205781
205782
205783
206324
206325
206326
206327
206328
206329
206330
206331
206332
206333
206881
206882
206883
206884
206885
206886
206887
206888
207418
207419
207420
207421
207422
207423
207424
207942
207943
207948
208444
208445
208450
208952
208953