486529
486874
486875
487246
487247
487248
487249
487250
487603
487607
487608
487609
487610
487611
487612
487613
487614
487615
487616
487617
487979
487980
487981
487982
487983
487984
487985
487986
487987
487988
487989
487990
487991
487992
487993
487994
487995
488378
488379
488380
488382
488383
488384
488385
488386
488387
488388
488389
488390
488391
488392
488786
488787
488788
488789
488790
488791
488792
488793
488794
488795
488796
488797
488798
488799
488800
488801
489186
489187
489188
489189
489190
489191
489192
489193
489194
489195
489196
489197
489198
489199
489200
489201
489202
489610
489611
489612
489613
489614
489615
489616
489617
489618
489619
489620
489621
489622
490041
490043
490046