20218
20219
20220
20778
20779
20780
20781
20782
20783
21330
21331
21332
21333
21334
21335
21336
21337
21338
21339
21340
21341
21875
21876
21877
21878
21879
21880
21881
21882
21883
21884
21885
21886
21887
21888
21889
21890
21891
21892
22405
22406
22407
22408
22409
22410
22411
22412
22413
22414
22415
22416
22417
22418
22928
22929
22930
22931
22932
22933
22934
22935
22936
22937
22938
22939
22940
22941
23460
23461
23462
23463
23464
23465
23466
23467
23468
23469
23470
23471
23986
23987
23988
23989
23990
23991
23992
23993
23995
23996
24496
24497
24498
24499
24500
24502
24503
24992
24993
24994
24995