352828
352829
352830
353399
353400
353401
353402
353978
353979
353980
353981
353982
354554
354555
354556
354557
354558
355155
355156
355157
355747
355748
355749
355750
355751
356319
356320
356321
356322
356323
356891
356892
356893
356894
356895
356896
356897
356900
356901
357440
357441
357442
357443
357444
357445
357446
357447
357448
357449
357450
357998
357999
358000
358001
358002
358003
358004
358005
358006
358007
358542
358543
358544
358545
358546
358547
358548
358549
358550
358551
359084
359085
359086
359087
359088
359089
359090
359091
359092
359093
359614
359615
359616
359617
359618
359619
359620
360149
360150
360151
360152
360153
360654
360655
360656
360657
361161
361682
362213
362741