144495
145043
145606
145607
146172
146173
146174
146175
146176
146741
146742
146743
146744
146745
146747
146748
146749
147291
147292
147293
147294
147295
147296
147297
147298
147299
147300
147301
147302
147303
147838
147839
147840
147841
147842
147843
147844
147845
147846
147847
147848
148382
148383
148384
148385
148386
148387
148388
148389
148390
148391
148392
148393
148394
148927
148928
148929
148930
148931
148932
148933
148935
148936
148937
149466
149467
149468
149469
149470
149471
149472
149475
149476
150004
150005
150006
150007
150537
150538
151064
151065
151609
151610
152178
152735
153263
153790
154312
154313
154820
154821
155305
155306
155307
155769
155770
155771
155772
156220
156221