68497
68498
69018
69019
69020
69021
69558
69559
69560
69561
69570
69571
70095
70096
70097
70098
70099
70100
70101
70102
70106
70107
70108
70637
70638
70639
70640
70641
70642
70643
70644
70645
70646
70647
70648
70649
70650
71181
71182
71183
71184
71185
71186
71187
71188
71189
71190
71191
71192
71193
71746
71747
71748
71749
71750
71751
71752
71753
71754
71755
71756
71757
71758
71759
72312
72313
72314
72315
72316
72317
72318
72319
72320
72321
72322
72324
72325
72326
72327
72328
72883
72884
72885
72886
72888
72889
72890
72891
72892
73440
73442
73443
73444
73445
74000
74001
74002
74003
74554
74555