150492
150493
151018
151019
151020
151026
151027
151028
151560
151561
151562
151563
151566
151567
151568
151569
151570
151571
152126
152127
152128
152129
152130
152131
152132
152133
152134
152135
152136
152137
152690
152691
152692
152697
152698
152699
152700
153218
153219
153220
153224
153225
153226
153227
153228
153229
153739
153740
153741
153742
153743
153744
153745
153746
153747
153748
153749
153750
153751
153752
154265
154266
154267
154268
154269
154270
154271
154272
154273
154274
154275
154276
154277
154278
154779
154780
154781
154782
154783
154784
154785
154786
154787
155264
155265
155266
155267
155268
155269
155270
155738
155739
155740
155741
155742
155743
155744
156197
156198
156199