164069
164070
164071
164072
164073
164516
164519
164520
164521
164522
164523
165008
165011
165012
165013
165014
165015
165016
165482
165483
165487
165488
165489
165490
165491
165492
165960
165962
165963
165967
166446
166447
166448
166449
166450
166451
166453
166931
166932
166933
166934
166936
166937
166938
166939
167431
167432
167433
167434
167435
167436
167437
167945
167946
167947
167948
167949
167950
167951
167952
168473
168474
168475
168476
168477
168478
168479
168983
168986
168987
168988
168989
169496
169497
169499
169500
169501
170010
170011
170012
170013
170014
170015
170536
170537
170538
170539
170540
170542
171086
171089
171090
171091
171092
171609
171610
171611
171612
171613
172138