27595
28112
28113
28595
28596
28597
28598
29054
29055
29056
29057
29058
29519
29520
29521
29522
29994
29996
29997
30492
30493
30499
30500
30990
30991
30993
30995
30996
31484
31486
31487
31488
31489
31490
32013
32014
32016
32017
32018
32019
32020
32021
32022
32023
32024
32025
32525
32526
32527
32528
32530
32531
32534
32535
32536
32537
32538
32539
33029
33032
33033
33034
33035
33038
33039
33040
33041
33538
33539
33540
33541
33542
33543
33544
34041
34042
34043
34044
34045
34046
34560
34561
34562
34563
34564
34565
35087
35088
35090
35091
35092
35607
35608
35609
35610
35611
35612
36103
36573
36574