61358
61359
61360
61361
61952
61953
61954
61955
61956
61957
62544
62545
62546
62547
62548
62549
62550
62551
62552
62553
63112
63113
63114
63115
63116
63117
63118
63119
63120
63121
63695
63696
63697
63698
63700
63701
63702
63703
63704
64288
64289
64290
64291
64292
64293
64294
64295
64296
64297
64880
64881
64882
64883
64884
64885
64886
64887
64888
64889
65462
65463
65464
65465
65466
65467
65468
65469
65470
65471
65472
66029
66030
66031
66032
66033
66034
66570
66571
66572
66573
66574
66575
67110
67111
67112
67113
67114
67115
67116
67660
67661
67662
67663
67665
68218
68219
68220
68221
68223
68762