191205
191206
191207
191768
191770
192325
192326
192327
192328
192870
192871
192872
193424
193425
193426
193427
193969
193970
193971
193972
194535
194536
194537
195097
195098
195099
195635
195636
195637
195638
196171
196172
196173
196690
196691
196692
196693
196694
197201
197202
197203
197204
197205
197206
197730
197732
197733
197734
197735
197736
198279
198280
198281
198282
198283
198284
198285
198286
198287
198850
198851
198852
198853
198854
198855
198856
199439
199440
199441
199442
199443
200033
200034
200035
200036
200037
200619
200620
200621
200622
200623
201170
201171
201172
201173
201174
201175
201737
201738
201739
201740
201741
202303
202304
202305
202306
202891
202892
203472
203473