183237
183238
183239
183839
183840
184413
184414
184415
184416
184417
185020
185022
185023
185024
185025
185026
185027
185653
185654
185655
185656
185657
185658
185659
185660
185661
186304
186306
186307
186308
186309
186943
186944
186945
186946
186947
186948
186949
187560
187561
187562
187563
187564
187565
187566
188168
188169
188170
188171
188172
188173
188174
188175
188176
188785
188786
188787
188788
188789
188793
189388
189389
189390
189391
189392
189394
189395
189396
189986
189987
189988
189989
189990
189991
189992
189993
189994
189995
190579
190580
190581
190582
190583
190585
190586
190587
190588
190589
190590
191153
191154
191159
191160
191161
191162
191163
191724
191725
191726
191727