339237
339760
339761
340291
340292
340830
340831
340834
341377
341378
341380
341381
341382
341383
341883
341884
341885
341886
341887
341888
342414
342415
342416
342417
342418
342951
342952
342953
342954
342955
342956
342957
342958
342959
343512
343513
343514
343515
343516
343517
343518
343519
343520
343521
343522
344073
344074
344075
344076
344077
344078
344079
344080
344081
344082
344083
344623
344624
344625
344626
344627
344628
344629
344630
344631
344632
345162
345163
345164
345165
345166
345167
345168
345169
345170
345722
345723
345724
345725
345726
345727
346260
346261
346262
346263
346264
346802
346803
346804
346806
347354
347355
347356
347357
347358
347936
347937
347938
348513
348514