460712
460713
460714
460715
460716
461023
461024
461025
461026
461331
461332
461648
461649
461650
461651
461976
461977
461978
462297
462298
462299
462300
462309
462613
462614
462622
462623
462624
462932
462934
462935
462937
462938
462939
462941
462942
462943
462944
463250
463251
463252
463253
463254
463255
463256
463257
463258
463259
463260
463261
463262
463582
463583
463584
463585
463586
463587
463588
463589
463590
463591
463592
463593
463594
463895
463896
463897
463898
463899
463900
463901
463902
463903
463904
463905
463906
463907
463908
463909
464221
464222
464223
464225
464226
464227
464228
464229
464230
464233
464234
464235
464568
464569
464570
464571
464572
464573
464577
464578
464916