474652
474653
474973
474974
474975
474976
474977
474979
475307
475308
475309
475310
475311
475312
475313
475642
475643
475644
475645
475646
475647
475648
475649
475650
475972
475973
475974
475975
475976
475977
475978
475979
475980
476300
476301
476302
476303
476304
476305
476306
476307
476648
476649
476650
476652
477007
477362
477363
477734
477735
477736
477739
478106
478107
478108
478109
478110
478111
478469
478470
478471
478472
478473
478822
478823
478824
479168
479169
479170
479485
479486
479799
479800
479801
479802
479803
479804
479805
480116
480117
480118
480119
480120
480121
480122
480437
480438
480439
480440
480744
480745
481053
481054
481363
481364
481365
481703
481704
481705
481706