287079
287596
287597
287598
287599
287600
287601
288114
288115
288116
288117
288118
288650
288651
288652
288653
288654
289145
289146
289147
289148
289149
289150
289151
289617
289618
289619
289620
289621
289622
289623
290122
290124
290125
290126
290613
290614
290618
290619
290620
291093
291094
291095
291096
291562
291563
291564
292035
292036
292037
292038
292039
292539
292540
293043
293044
293545
293546
293547
294046
294047
294048
294049
294532
294533
294534
294535
294536
295014
295015
295016
295017
295018
295019
295020
295502
295503
295504
295505
295506
295507
295508
295982
295983
295984
295985
295986
295987
295988
295989
296457
296458
296459
296460
296461
296462
296464
296952
296953
296954