378285
378286
378287
378288
378823
378824
378825
378826
378827
378828
379366
379367
379368
379370
379933
379934
379935
379937
379938
379939
380503
380504
380505
380506
380507
380509
380510
380511
381068
381069
381070
381071
381072
381073
381074
381075
381076
381652
381653
381654
381655
381656
381657
381658
382207
382208
382210
382211
382212
382213
382743
382744
382745
382746
382747
382748
382749
383320
383321
383322
383323
383324
383325
383326
383327
383328
383891
383892
383893
383894
383895
383896
383897
383899
383900
384463
384464
384465
384466
384467
384468
384469
384472
384473
384474
385029
385030
385031
385032
385033
385034
385035
385036
385580
385581
385582
386144
386145
386146
386691