174184
174720
174728
174729
174730
174731
175245
175246
175247
175252
175253
175254
175777
175778
175780
175782
175784
176371
176372
176373
176374
176375
176376
176377
176378
176988
176989
176990
176991
176992
176993
176994
176995
176996
176997
176998
176999
177000
177641
177642
177643
177644
177645
177646
177647
177648
177650
178289
178290
178291
178292
178293
178294
178295
178296
178297
178298
178930
178931
178932
178933
178934
178935
178936
178938
178941
178942
179579
179580
179581
179582
179583
179584
179585
179590
179591
180216
180218
180219
180221
180222
180223
180226
180227
180228
180229
180880
180881
180886
180887
180888
180889
180890
180891
180892
181566
181567
181569
181570
182234