256414
256416
257024
257025
257026
257027
257028
257639
257640
257641
257642
257643
257644
257645
257647
257648
257649
258252
258253
258254
258255
258256
258257
258258
258259
258260
258261
258262
258869
258870
258871
258872
258873
258874
258875
258876
258877
258878
258879
259511
259512
259513
259514
259515
259516
259517
259518
259519
259520
259521
260159
260162
260163
260164
260165
260166
260167
260168
260169
260170
260797
260798
260802
260803
260804
260805
260806
260807
260808
261416
261420
261421
261422
261423
261425
262022
262023
262024
262031
262032
262034
262637
262638
262639
263239
263240
263241
263242
263842
263843
264458
264459
264460
264461
265084
265085
265724
265725
266352
266353