14441
14442
14443
14444
15032
15033
15034
15035
15607
15608
15609
15612
15613
15614
15615
16181
16182
16184
16187
16188
16189
16190
16191
16760
16761
16762
16763
16764
16765
16766
16767
16768
16769
16770
16771
17338
17339
17340
17341
17342
17343
17344
17345
17346
17347
17348
17349
17350
17909
17910
17911
17912
17913
17914
17915
17916
17917
17918
17919
17920
18441
18442
18443
18444
18445
18448
18449
18451
18452
18989
18990
18991
18992
18993
18994
19529
19530
19531
19532
19533
19534
19535
20070
20071
20072
20073
20074
20075
20626
20627
20628
20629
20630
20631
21178
21179
21180
21181
21182
21727