394059
394585
394586
395112
395113
395115
395116
395117
395118
395119
395120
395121
395658
395659
395660
395663
395664
395665
395666
395667
395668
395669
395670
395671
395672
396216
396217
396218
396219
396220
396221
396222
396223
396224
396225
396226
396227
396228
396229
396230
396231
396233
396751
396752
396753
396756
396757
396758
396759
396760
396761
397273
397274
397275
397282
397283
397286
397795
397797
397798
397799
397810
398333
398334
398335
398336
398337
398900
398901
398902
398903
398904
399449
399450
399451
399452
399976
399977
399978
399979
400470
400471
400472
400473
400960
400961
400962
400963
401459
401460
401461
401948
401949
401950
401951
402455
402456
402457
402458
402459