459213
459214
459215
459509
459510
459511
459809
459810
459811
459812
460107
460108
460109
460110
460419
460420
460421
460422
460423
460424
460425
460426
460724
460725
460726
460727
460728
460729
460730
460731
460732
460736
461032
461033
461034
461035
461036
461037
461038
461042
461343
461344
461345
461346
461347
461348
461349
461350
461351
461352
461353
461354
461355
461356
461357
461358
461666
461667
461668
461670
461671
461672
461673
461674
461676
461677
461678
461992
461993
461994
461995
461996
461997
461998
461999
462000
462001
462002
462003
462004
462005
462006
462313
462314
462318
462319
462320
462321
462322
462635
462636
462637
462638
462639
462958
462959
462960
463274
463275
463276