23226
23227
23228
23229
23752
23753
23754
23755
23756
23757
23758
24271
24272
24273
24274
24275
24768
24769
24770
24771
24772
24773
24774
25263
25264
25265
25266
25767
25768
25769
26264
26265
26266
26764
26765
26766
26767
27250
27251
27252
27253
27749
27750
27751
27752
27753
27754
27755
28256
28257
28261
28262
28263
28264
28265
28266
28267
28732
28733
28734
28737
28738
28739
28740
28741
28742
29188
29189
29191
29192
29193
29194
29195
29196
29197
29665
29666
29667
29668
29670
29671
29672
29673
29674
30134
30135
30136
30137
30138
30139
30140
30141
30624
30625
30626
30627
31126
31127
31128
31628