113933
114481
114482
115039
115042
115590
115591
115592
115593
115594
115596
116148
116149
116150
116151
116152
116153
116154
116709
116710
116711
116712
116713
116714
116715
116716
117262
117263
117264
117265
117266
117267
117268
117269
117270
117271
117272
117807
117808
117809
117810
117811
117812
117813
117814
117815
117816
117817
117819
118355
118356
118357
118359
118360
118361
118362
118364
118885
118886
118887
118888
118890
118891
118892
118893
119437
119438
119440
119441
119442
119443
119444
119998
119999
120000
120001
120002
120003
120004
120005
120551
120553
120554
120555
120556
120557
121089
121090
121091
121092
121093
121094
121612
121613
121614
121615
122138
122659
123203
123204