144083
144087
144088
144631
144632
144633
144635
144636
144637
144638
144639
144640
145193
145194
145195
145196
145197
145198
145199
145200
145201
145758
145759
145761
145762
145763
145764
145765
145766
145767
146321
146326
146327
146328
146329
146330
146331
146337
146338
146890
146891
146892
146893
146894
146895
146896
146899
146900
146901
146902
147428
147429
147430
147431
147432
147433
147434
147435
147436
147437
147438
147439
147440
147441
147975
147976
147977
147978
147979
147980
147981
147982
147983
147984
147985
147986
147987
148525
148526
148527
148528
148529
148530
148531
148532
148533
148534
148535
148537
149066
149067
149068
149069
149070
149605
149606
149607
149608
149609
149610