159668
160106
160107
160108
160531
160535
160537
160538
160961
160962
160963
160964
160965
160966
160967
160968
160969
160970
161419
161420
161421
161422
161423
161424
161425
161426
161427
161428
161429
161888
161889
161890
161891
161892
161893
161894
161895
161896
161897
161898
161899
161900
162381
162382
162383
162384
162385
162386
162387
162388
162390
162391
162392
162393
162858
162859
162860
162861
162863
162864
162865
162867
162868
162869
163309
163310
163311
163312
163313
163314
163315
163316
163317
163757
163758
163759
163760
163761
164197
164198
164199
164200
164656
164657
164658
165126
165127
165128
165129
165130
165601
165602
165603
165604
165605
165606
165607
166085
166086
166087