33410
33910
33911
34412
34413
34414
34415
34416
34417
34418
34419
34420
34421
34934
34935
34937
34938
34939
34940
34941
34942
35441
35442
35443
35444
35445
35446
35447
35448
35941
35942
35944
35945
35946
35947
35948
35949
36434
36435
36436
36907
36908
36909
36910
36911
36913
37386
37387
37388
37389
37390
37391
37392
37393
37394
37395
37868
37869
37870
37871
37872
37873
37874
37875
37876
38358
38359
38360
38361
38362
38363
38364
38365
38366
38367
38871
38872
38873
38874
38876
38877
38878
38879
39395
39396
39397
39398
39401
39402
39403
39928
39929
39930
39934
40456
40457
40459
40991
40992
41546