97636
97637
98241
98855
98856
98857
98858
98859
98860
98861
98863
98865
98867
99479
99480
99481
99482
99483
99484
99485
99486
99487
99488
99489
100131
100132
100133
100134
100135
100136
100787
100788
100789
100790
100791
100792
100793
101466
101468
101469
102132
102133
102134
102736
102737
102738
102739
102740
103358
103359
103360
103361
103362
103363
103364
103365
103986
103987
103988
103989
103990
103991
103992
104611
104612
104613
104614
104615
105241
105242
105243
105245
105246
105247
105248
105844
105845
105846
105847
105848
105849
105854
106460
106461
107065
107066
107659
107660
108264
108265
108266
108892
108893
108894
109542
109543
109544
110176
110177
110178