408053
408497
408498
408929
409387
409388
409389
409851
409852
409853
409854
410314
410315
410316
410760
410761
410763
410764
410765
411214
411215
411216
411217
411218
411219
411221
411675
411676
411677
411678
411679
411680
411681
411682
412144
412145
412146
412147
412148
412149
412150
412151
412152
412153
412154
412155
412156
412631
412632
412633
412634
412635
412636
412637
412638
412639
412640
412641
412642
412643
413121
413122
413123
413124
413125
413126
413127
413128
413129
413130
413625
413626
413627
413628
413629
413630
413631
413632
413633
413634
414112
414113
414114
414115
414116
414117
414118
414594
414595
414596
414597
414598
414599
415124
415125
415126
415127
415128
415129
415660