172148
172658
172659
172660
172661
172662
172664
173165
173166
173167
173168
173169
173170
173171
173172
173688
173689
173690
173691
173692
173693
173694
173695
173696
173697
173698
173699
173700
173701
174211
174212
174213
174214
174215
174216
174217
174218
174219
174220
174221
174223
174224
174752
174753
174754
174755
174756
174757
174758
174760
174761
174762
174763
174764
175273
175274
175275
175276
175277
175278
175279
175281
175282
175283
175284
175285
175286
175804
175805
175806
175807
175808
175809
175814
175815
175816
175817
175818
176400
176401
176402
176403
176404
176413
177015
177016
177017
177018
177019
177028
177663
177664
177665
177666
177667
177668
177676
178316
178323
178953