83302
83303
83873
84431
85001
85002
85003
85005
85006
85576
85577
85578
85579
85580
85581
85582
85583
85584
86136
86137
86138
86139
86140
86689
86690
86691
86692
86693
86694
87233
87234
87235
87236
87237
87238
87239
87240
87758
87760
87763
88283
88284
88807
88808
89322
89323
89324
89325
89855
89856
89857
89858
90384
90938
91498
91499
91500
91501
91506
91507
92062
92063
92064
92065
92066
92070
92642
92643
92644
92645
92646
92647
92648
92649
92650
92651
92652
92653
93227
93228
93229
93230
93231
93232
93844
93845
93846
93847
93848
93849
94465
94466
94467
95083
95740
96380
96381
97027
97028
97029