443229
443230
443231
443232
443233
443591
443592
443593
443594
443964
443965
443967
443968
444325
444326
444327
444328
444329
444330
444331
444332
444680
444681
444682
444683
444684
444685
444686
444687
444688
444689
444690
445037
445038
445039
445040
445041
445042
445045
445046
445411
445412
445413
445414
445415
445416
445417
445420
445421
445780
445782
445783
445784
445785
445786
445787
445788
445792
446150
446151
446152
446153
446518
446519
446520
446521
446522
446859
446860
446861
446862
446863
446864
447163
447164
447165
447472
447473
447474
447475
447784
447785
447786
447788
448115
448120
448121
448445
448446
448448
448449
448450
448451
448452
448453
448768
448769
448770
448771
449087