426334
426335
426336
426848
426849
426850
426851
427392
427394
427395
427912
427913
427914
427915
428431
428432
428433
428434
428435
428436
428437
428933
428934
428935
428936
428937
428938
428939
428940
428941
428942
428943
428944
428945
429469
429470
429471
429472
429473
429474
429475
429476
429477
429478
430031
430032
430033
430034
430035
430037
430038
430039
430040
430569
430570
430571
430572
430573
430574
430575
430576
430577
431103
431104
431105
431106
431107
431108
431111
431625
431626
431627
431628
431629
432119
432120
432121
432122
432123
432124
432125
432126
432635
432636
432637
432638
432639
433157
433158
433159
433160
433668
433669
433670
433671
433672
433673
434170
434171
434175