295536
295537
296013
296492
296493
296978
296983
296984
296985
297492
297499
297500
297501
297502
298011
298012
298016
298017
298018
298019
298021
298536
298537
298538
298539
298542
298543
298544
298545
298546
299048
299049
299050
299051
299052
299053
299054
299055
299571
299572
299573
299574
299575
299576
299577
299578
299579
299580
299581
299582
300067
300068
300069
300070
300071
300072
300073
300074
300075
300076
300077
300078
300079
300080
300081
300602
300603
300604
300605
300606
300607
300608
300609
300610
300611
300612
301138
301139
301140
301142
301143
301144
301145
301146
301147
301148
301696
301697
301698
301699
301700
301701
301702
301703
301706
301707
302224
302225
302229
302230