229733
230268
230269
230270
230271
230272
230802
231352
231353
231354
231355
231356
231357
231358
231359
231889
231896
231897
231898
231900
231901
231902
232459
232460
232464
232466
232467
232468
232469
233041
233042
233043
233044
233045
233046
233047
233048
233049
233050
233051
233052
233053
233054
233055
233056
233627
233628
233629
233630
233631
233632
233633
233634
233635
233636
233637
233638
233639
233640
233641
233642
233643
234190
234191
234192
234193
234194
234195
234196
234197
234198
234200
234201
234202
234203
234204
234205
234738
234739
234740
234741
234752
235289
235290
235291
235292
235858
235859
235860
235861
235862
235863
236451
236452
236453
236454
237060
237061
237062
237063