69791
69793
70330
70331
70332
70333
70334
70879
70880
70881
70882
71438
71439
71440
71441
71442
72003
72004
72005
72578
72579
72581
73130
73131
73132
73133
73134
73135
73136
73137
73138
73139
73701
73702
73703
73704
73705
73706
73707
73708
73709
73710
74259
74260
74261
74262
74263
74264
74265
74266
74267
74268
74269
74270
74271
74808
74809
74810
74811
74812
74813
74814
74815
74816
74817
74818
74819
74820
74821
75379
75380
75381
75382
75383
75386
75387
75388
75389
75390
75976
75977
75978
75979
75980
75985
75986
75987
76545
76546
76547
76553
76554
77112
77113
77115
77673
77674
77675
78250
78251