302716
302717
302718
303247
303248
303249
303250
303251
303252
303795
303796
303797
303798
303799
303800
303801
304336
304337
304338
304339
304340
304341
304889
304890
304891
304892
304893
304895
304896
305446
305447
305448
305449
305450
305451
305998
305999
306000
306001
306002
306003
306004
306005
306557
306558
306559
306560
306561
306562
306563
306564
307108
307109
307110
307111
307112
307113
307652
307653
307654
307655
307656
307657
308195
308196
308197
308198
308199
308740
308741
308742
308743
308744
308745
308746
309284
309285
309286
309287
309288
309289
309290
309815
309816
309817
309818
309819
309820
309821
309822
310348
310349
310350
310351
310352
310353
310354
310355
310891
310892