207548
207549
208063
208064
208065
208066
208565
208566
208567
208568
208569
209060
209061
209062
209539
210036
210037
210522
210523
210524
211034
211544
211548
211549
212067
212068
212069
212071
212072
212576
212577
212578
212579
212580
212581
212582
212583
212584
212585
213101
213102
213103
213104
213105
213106
213107
213108
213639
213640
213641
213642
213643
213644
213645
214196
214197
214198
214199
214200
214201
214202
214203
214204
214775
214776
214777
214778
214779
214780
214781
214782
214783
215357
215358
215359
215360
215361
215362
215363
215923
215924
215925
215926
215927
216492
216493
216494
216495
217058
217059
217060
217061
217062
217627
217628
217629
217630
218182
218184
218185