462487
462488
462802
462803
462804
462805
462806
462807
463112
463113
463114
463115
463116
463117
463447
463448
463449
463766
463767
463768
463769
463770
463773
463774
463775
464091
464092
464093
464094
464095
464096
464097
464098
464101
464423
464424
464425
464426
464427
464428
464429
464430
464431
464432
464433
464434
464767
464768
464769
464770
464771
464772
464773
464774
464775
464776
464777
465103
465104
465105
465106
465107
465108
465109
465110
465111
465112
465429
465430
465431
465432
465433
465434
465435
465436
465758
465760
465761
465764
465765
466102
466103
466104
466105
466108
466109
466436
466437
466438
466439
466441
466442
466443
466761
466762
466763
467089
467090
467091
467418