303049
303050
303051
303052
303584
303585
303586
303587
304128
304129
304130
304131
304132
304676
304677
304678
304679
305223
305224
305225
305226
305227
305228
305229
305771
305772
305773
305774
305775
305776
305777
305778
305779
306331
306332
306333
306334
306335
306336
306337
306883
306884
306886
306888
306889
306890
306891
306892
306893
307440
307441
307442
307443
307444
307445
307446
307447
307448
307449
307982
307983
307984
307986
307987
307988
307989
307990
307991
307992
308531
308532
308533
308534
308535
308536
308537
308538
308539
309083
309084
309085
309086
309087
309088
309089
309090
309611
309612
309613
309614
309615
309616
309617
310148
310149
310150
310151
310152
310153
310154