287759
287760
287761
288289
288290
288291
288292
288293
288810
288811
288812
288813
289299
289300
289301
289303
289304
289305
289306
289307
289778
289779
289780
289781
289782
289783
289784
289785
289786
289787
290272
290273
290274
290275
290276
290277
290278
290279
290280
290281
290282
290283
290284
290764
290765
290766
290767
290768
290769
290770
290771
290772
290773
290774
290775
290776
290777
291226
291227
291228
291229
291230
291231
291232
291233
291234
291235
291236
291237
291696
291697
291698
291699
291700
291701
291702
291703
291704
291705
292186
292187
292188
292189
292190
292191
292192
292193
292194
292195
292687
292689
292691
292692
292694
292695
293206
293207
293208
293705
293706