16057
16058
16640
16641
17218
17219
17796
17801
18339
18340
18341
18342
18344
18345
18346
18885
18886
18887
18888
18889
18891
18892
19430
19431
19432
19433
19434
19435
19436
19437
19438
19439
19976
19977
19978
19979
19980
19981
19982
19983
19984
19985
20541
20542
20543
20544
20545
20546
20547
20548
20549
20550
20551
20552
20553
21098
21099
21100
21101
21102
21103
21104
21107
21108
21109
21110
21111
21112
21639
21640
21641
21642
21643
21644
21647
21648
21649
21650
21651
22167
22168
22169
22170
22171
22176
22177
22178
22179
22180
22688
22689
22690
22691
22692
22693
22702
22703
23214
23216
23217