428049
428050
428051
428572
428573
428574
429093
429094
429095
429096
429097
429098
429628
429629
429630
429631
429632
429633
429634
429635
429636
429637
430183
430184
430187
430188
430189
430190
430191
430705
430706
430708
430709
431240
431241
431242
431243
431244
431247
431248
431759
431760
431761
431762
431763
431764
431765
431766
432261
432262
432264
432266
432267
432270
432784
432785
432786
432787
432789
432790
432792
432793
433305
433306
433307
433308
433309
433310
433311
433312
433313
433314
433816
433817
433818
433819
433820
433821
433822
433823
433824
434309
434310
434311
434312
434313
434314
434800
434801
434802
434803
434804
434805
434806
434807
434808
435309
435310
435311
435312