94716
95344
95345
95997
95998
95999
96000
96001
96644
96645
96646
96647
96648
97293
97294
97295
97296
97297
97298
97908
97909
97910
97911
98510
98511
98512
98513
98514
98515
98516
98517
98518
99125
99126
99127
99128
99129
99130
99131
99132
99133
99768
99769
99770
99771
99772
99773
100420
100421
100422
100423
101089
101090
101091
101092
101765
101766
101767
101768
101769
101770
102410
102411
102412
102413
102414
102415
103037
103038
103039
103040
103041
103042
103043
103044
103045
103046
103654
103655
103656
103657
103658
103659
103660
103661
104279
104280
104281
104282
104283
104284
104285
104915
104916
104917
104918
105531
105532
105533
106141