278405
278406
279002
279003
279004
279618
279619
279620
279621
279622
279623
279624
279625
279626
280222
280223
280224
280225
280230
280231
280232
280233
280817
280818
280821
280822
280823
280824
280825
280826
280827
280828
281402
281403
281404
281405
281406
281407
281408
281412
281413
281414
282003
282004
282005
282006
282007
282008
282009
282010
282011
282012
282013
282014
282015
282016
282017
282018
282019
282020
282589
282590
282591
282592
282594
282595
282596
282597
282601
282602
282603
282604
282605
282606
283194
283195
283196
283197
283198
283202
283203
283204
283205
283804
283805
283806
283810
283811
283812
283813
283814
284422
284427
284428
284429
284430
284431
285034
285035
285610