443872
443874
443875
443876
443877
443878
443879
443880
444238
444239
444240
444241
444242
444243
444244
444245
444246
444609
444610
444611
444612
444613
444966
444967
445334
445336
445337
445338
445339
445703
445704
445705
445706
445707
445708
445709
445710
446072
446073
446074
446075
446076
446077
446078
446079
446080
446437
446438
446439
446440
446441
446442
446443
446444
446445
446446
446778
446779
446780
446781
446782
446783
446784
446785
446786
446787
446788
447095
447096
447097
447098
447099
447100
447101
447102
447103
447409
447410
447411
447412
447717
448042
448043
448044
448045
448046
448047
448048
448367
448368
448369
448370
448371
448690
448691
448692
449013
449014
449015
449343