446742
447061
447062
447063
447375
447377
447378
447685
447686
447687
447688
448012
448340
448341
448342
448669
448670
448671
448996
448997
449318
449319
449644
449960
449963
449964
449967
450291
450292
450293
450294
450295
450296
450297
450298
450624
450625
450626
450627
450628
450629
450630
450631
450632
450955
450956
450959
450960
450961
450962
450963
451280
451281
451282
451285
451286
451287
451288
451289
451290
451291
451292
451293
451294
451601
451602
451603
451604
451605
451606
451607
451608
451609
451610
451611
451612
451613
451919
451920
451921
451922
451923
451924
451925
451926
451927
451928
451929
452247
452248
452249
452250
452251
452252
452253
452254
452577
452578
452579
452910