263956
263957
264581
265207
265208
265833
265834
266456
266457
266458
266459
267060
267061
267062
267063
267675
267676
267677
267678
268298
268299
268300
268304
268305
268306
268307
268308
268925
268926
268927
268928
268929
268930
268931
268932
268934
268935
268936
268937
268938
269540
269541
269542
269543
269544
269545
269546
269547
269549
269551
269552
270179
270180
270181
270182
270183
270184
270185
270186
270187
270188
270192
270823
270824
270825
270826
270827
270828
270829
270830
270831
271471
271472
271473
271474
271475
271476
271477
271478
271479
272126
272127
272764
272765
272766
273417
273418
274076
274077
274717
274718
274719
275338
275969
275970
275971
275972
275973
276614
276615