127729
127730
127731
128255
128256
128257
128258
128753
128754
128755
128756
129259
129260
129261
129262
129764
129769
129770
129771
129772
129773
130276
130277
130281
130282
130283
130284
130797
130798
130799
130801
130802
130803
130804
130805
130806
131306
131307
131308
131309
131310
131311
131312
131313
131314
131820
131821
131822
131823
131824
131825
131827
131828
131829
131830
131831
131832
132340
132341
132342
132343
132344
132345
132348
132349
132350
132351
132352
132865
132866
132867
132868
132869
132872
132873
132874
132875
132876
133421
133422
133423
133428
133429
133430
133431
133432
133433
133996
133997
133998
134006
134007
134008
134600
134609
134610
135202
135203
135204
135803