340750
341289
341290
341296
341797
341798
341799
341800
341806
342323
342325
342326
342327
342328
342329
342332
342333
342334
342335
342336
342337
342338
342861
342862
342863
342864
342865
342866
342867
342868
342869
342870
342871
342872
342873
342874
342875
342876
342877
342878
343423
343424
343425
343426
343427
343428
343429
343430
343431
343432
343433
343434
343435
343436
343437
343438
343439
343440
343987
343988
343989
343990
343991
343992
343993
343994
343995
343997
343998
344544
344545
344546
344547
344551
344552
344553
345078
345079
345080
345081
345082
345083
345084
345085
345086
345087
345640
345641
345642
345643
345644
345645
345648
345649
346181
346182
346183
346184
346185
346726