442807
442808
442809
442810
443184
443185
443186
443187
443547
443548
443549
443550
443551
443552
443921
443922
443923
444288
444289
444290
444291
444294
444295
444647
444648
444649
444650
444651
444652
444653
444654
444659
444660
445004
445005
445006
445007
445008
445009
445010
445011
445012
445013
445014
445015
445016
445017
445376
445377
445378
445379
445380
445381
445382
445383
445384
445388
445743
445744
445745
445746
445747
445750
445751
445752
445753
446114
446115
446119
446482
446483
446827
446828
447135
447136
447137
447445
447446
447447
447448
447449
447753
447754
447755
447756
447757
447758
447759
448086
448087
448088
448089
448408
448409
448410
448411
448733
448734
448735
449056