81666
81667
82257
82258
82856
82857
82861
83433
83434
83435
83436
83437
83438
83442
83443
83444
83992
83993
83994
83995
83996
83997
83998
83999
84554
84555
84556
84557
84558
84559
84560
85127
85128
85131
85132
85133
85134
85135
85136
85708
85709
85712
85713
85714
85715
85716
85717
86264
86265
86266
86269
86272
86273
86822
86823
86829
86830
86831
86833
86834
87369
87373
87375
87376
87378
87379
87380
87381
87890
87894
87895
87896
87897
87899
87900
87901
87902
88411
88412
88413
88415
88417
88418
88419
88942
88943
88944
88945
88946
88947
88948
88949
88950
88951
89446
89447
89448
89451
89452
89986