384002
384003
384581
384582
384583
385133
385134
385135
385136
385137
385671
385672
385673
385674
385675
385676
385681
385682
386234
386235
386243
386244
386777
386778
386784
387318
387319
387320
387323
387324
387325
387326
387327
387880
387881
387882
387883
387884
387885
387886
387887
387888
388438
388439
388440
388441
388442
388443
388444
388445
388449
388985
388986
388987
388989
388990
388991
388993
388994
389532
389533
389534
389535
389536
389537
390077
390637
390638
391184
391185
391186
391743
392290
392291
392292
392293
392838
392839
392840
392841
393368
393369
393370
393371
393905
393906
393907
394433
394434
394435
394436
394437
394963
394964
394965
394966
394967
394968
395513
395514