180966
180967
180968
181642
182304
182305
182306
182942
182943
182944
182945
182946
183568
183569
183570
183571
183572
184155
184159
184160
184161
184162
184760
184761
184762
184763
184764
184765
184766
184767
184768
185387
185388
185389
185390
185391
185392
185393
186030
186031
186032
186033
186034
186035
186672
186673
186674
186675
187286
187287
187895
187896
187897
187898
188508
188509
188510
188511
189122
189123
189124
189125
189126
189127
189128
189129
189720
189721
189722
189723
189724
189725
189726
189727
190297
190298
190299
190300
190301
190302
190303
190304
190305
190870
190871
190872
190873
190874
190875
190876
190877
190878
190879
191434
191435
191436
191437
191439
192002
192003