82504
83100
83101
83102
83665
83666
83667
83668
83669
83670
84223
84224
84225
84226
84227
84228
84800
84801
84802
84803
84804
85365
85366
85367
85368
85369
85370
85371
85372
85374
85938
85939
85940
85941
85942
85943
85944
85945
85946
85947
85948
86494
86495
86496
86497
86498
86499
86500
86501
86502
86503
86504
86505
87070
87071
87072
87073
87074
87075
87076
87595
87596
87597
87598
87599
87600
87601
88115
88116
88117
88118
88119
88120
88121
88122
88643
88644
88645
88646
88647
88648
88649
89171
89172
89173
89174
89175
89176
89177
89689
89690
89691
89692
89693
89695
90218
90219
90220
90752
90753