411208
411670
411671
411672
412140
412141
412142
412143
412626
412627
412628
412629
412630
413116
413117
413118
413119
413120
413614
413615
413616
413617
413618
413619
413620
413621
413622
413623
414102
414103
414104
414105
414106
414107
414108
414109
414110
414584
414585
414586
414587
414588
414589
414590
414591
414592
415112
415113
415114
415115
415118
415119
415120
415121
415652
415653
415657
415658
416187
416188
416189
416704
416705
417184
417649
417650
417651
417653
417654
417655
418126
418127
418128
418129
418130
418131
418132
418615
418616
418617
418618
418619
418620
418621
418622
418623
419116
419117
419118
419119
419120
419121
419122
419123
419124
419602
419604
419605
419606
420104