232515
233104
233105
233106
233107
233108
233109
233110
233111
233112
233683
233684
233685
233686
233687
233688
233689
233690
233691
234237
234240
234241
234242
234243
234244
234245
234246
234247
234773
234775
234776
234777
234778
234779
234780
234781
234782
234783
234784
235323
235324
235325
235326
235327
235328
235331
235332
235333
235334
235896
235897
235898
235899
235900
235901
236493
236494
236495
236496
236497
237112
237113
237114
237741
237742
237743
237744
238350
238351
238952
238953
239580
239581
240210
240211
240212
240217
240218
240802
240803
240804
240808
240809
240810
241373
241374
241375
241376
241378
241379
241380
241381
241382
241959
241960
241961
241963
241964
241965
242561