30861
31357
31358
31359
31360
31361
31362
31363
31364
31365
31873
31874
31875
31876
31877
31878
31879
31880
31881
31882
31883
31884
31885
32396
32397
32398
32399
32400
32401
32402
32403
32404
32405
32406
32407
32907
32908
32909
32910
32911
32912
32913
32914
32915
32916
32917
33400
33401
33402
33403
33404
33407
33408
33903
33904
33908
34409
34410
34411
34412
34413
34414
34415
34416
34928
34929
34930
34931
34932
34933
34934
34935
34936
35436
35437
35438
35439
35440
35936
35937
35938
35939
35940
36425
36426
36427
36428
36429
36430
36897
36898
36899
36900
36901
37376
37377
37378
37856
37857
37858