472469
472470
472472
472475
472765
472766
472767
472768
472769
472770
472771
472772
472773
473065
473066
473067
473068
473069
473070
473073
473362
473363
473364
473365
473366
473367
473368
473370
473666
473667
473668
473669
473670
473671
473672
473673
473674
473989
473990
473991
473992
473993
473994
473995
473996
473997
474307
474308
474309
474310
474311
474313
474314
474634
474635
474636
474638
474639
474955
474956
475289
475290
475291
475292
475293
475622
475623
475624
475625
475626
475627
475628
475955
475956
475957
475958
475959
475960
475961
476284
476285
476286
476287
476288
476289
476290
476632
476633
476637
476992
476993
476994
476997
477346
477347
477348
477352
477715
477716
477717