90827
91381
91382
91383
91384
91388
91943
91944
91945
91948
91949
91950
92511
92512
92513
92514
92515
92516
92517
92518
92519
92520
92521
93102
93103
93104
93106
93107
93108
93724
93725
93726
93727
93729
93730
93733
94346
94347
94348
94349
94351
94352
94353
94354
94355
94356
94960
94961
94962
94963
94964
94965
94966
94967
94968
94969
95592
95593
95594
95595
95596
95597
95598
95599
95600
95601
95602
95603
96236
96237
96238
96239
96240
96241
96242
96243
96244
96245
96246
96247
96875
96876
96877
96882
96883
96884
96885
97521
97522
97523
97528
97529
98127
98128
98129
98130
98131
98136
98748
98749