434354
434848
435359
435843
435844
435845
436305
436306
436307
436308
436755
437194
437195
437649
437652
438101
438102
438103
438104
438554
438555
438556
438557
438991
438992
438993
438994
438995
439430
439431
439432
439845
439846
439847
439848
440230
440231
440232
440233
440615
440616
440617
440618
441007
441008
441009
441405
441406
441407
441783
441784
441785
441786
441787
442128
442129
442130
442131
442132
442133
442134
442135
442493
442494
442495
442496
442497
442498
442499
442500
442855
442856
442857
442858
442859
442860
442861
443237
443238
443239
443240
443241
443242
443243
443244
443603
443604
443605
443606
443607
443608
443609
443610
443611
443974
443975
443976
443977
444343
444344