60413
61014
61598
61599
61600
61601
62205
62206
62207
62208
62209
62785
62786
62787
62788
62789
63347
63348
63349
63350
63941
63942
63946
63947
63948
63949
63950
63951
63952
63953
63954
64532
64533
64534
64535
64536
64537
64540
64541
64542
64543
64544
64545
64546
64547
64548
64549
65113
65114
65115
65116
65117
65118
65119
65120
65121
65122
65123
65124
65125
65126
65127
65128
65129
65130
65685
65686
65688
65689
65690
65691
65692
65693
65698
65699
66237
66238
66239
66240
66241
66243
66244
66252
66779
66780
66781
67306
67307
67308
67309
67310
67311
67863
67864
67865
68406
68407
68408
68934
68935