267292
267917
267918
267921
267922
268545
268546
268547
268548
268549
268550
268551
269173
269174
269175
269176
269177
269178
269179
269180
269810
269811
269812
269813
269814
269815
269816
269817
269818
269819
269820
269821
269822
270459
270460
270461
270462
270463
270464
270465
270466
270467
270468
270469
270470
270471
271108
271109
271110
271111
271112
271113
271114
271115
271762
271763
271764
271765
271766
271768
271769
271770
271771
271772
271773
272406
272407
272408
272409
272410
272411
272412
272413
272415
273050
273051
273052
273053
273054
273055
273715
273716
273717
273718
273719
273720
274374
274375
274376
274377
274378
274379
275000
275001
275002
275003
275004
275625
275626
275627