344087
344088
344089
344090
344634
344635
344636
344637
345171
345172
345173
345174
345175
345728
345729
345730
346265
346266
346267
346807
346808
346809
346810
346811
346812
346813
346814
347359
347360
347361
347362
347363
347364
347365
347366
347939
347940
347941
347942
347943
347944
347945
347946
348517
348518
348519
348520
348521
348522
348523
349117
349118
349119
349120
349121
349122
349123
349124
349125
349126
349728
349729
349730
350325
350326
350327
350328
350329
350894
350896
350897
351460
351461
351462
351463
352026
352027
352028
352029
352030
352586
352587
352588
352589
352590
353145
353146
353147
353148
353736
353737
353738
353739
354314
354315
354316
354318
354319
354910
354911