415036
415037
415038
415562
415563
415564
415565
415566
415567
415569
416091
416092
416093
416094
416095
416096
416097
416098
416099
416614
416615
416616
416617
416618
416619
416620
416621
416622
417091
417092
417094
417095
417096
417097
417559
417560
417561
417562
417563
417564
417565
417566
417567
417568
418047
418048
418049
418050
418051
418052
418053
418054
418055
418534
418535
418536
418537
418538
418539
418540
418541
418542
418543
419035
419036
419037
419038
419039
419040
419041
419042
419043
419044
419531
419532
419533
419534
419535
419536
419537
420018
420019
420020
420021
420022
420023
420024
420517
420518
420519
420520
420521
421010
421011
421012
421013
421483
421484
421485
421947