254931
255551
255552
255553
255554
256155
256156
256157
256160
256773
256774
256775
256776
256777
257391
257392
257393
257394
258012
258013
258014
258636
258637
258638
258639
258640
258642
259271
259272
259273
259274
259275
259276
259277
259278
259921
259922
259923
259924
259925
259926
259927
259928
259929
260564
260565
260566
260568
260569
260570
260571
260572
261188
261189
261190
261191
261192
261193
261194
261195
261196
261197
261800
261801
261802
261803
261804
261805
261806
262408
262409
262410
262411
262412
262414
262415
263012
263013
263014
263015
263016
263017
263018
263019
263020
263613
263614
263615
263616
263620
264209
264210
264211
264212
264213
264214
264844
264845
264846
264847