83620
83621
83622
83623
84174
84178
84179
84180
84748
84749
84750
84751
84752
84753
84754
84755
85318
85319
85320
85321
85322
85323
85324
85325
85891
85892
85893
85894
85895
85896
85897
85898
85899
86440
86441
86442
86443
86444
86445
86446
86447
86448
86449
87012
87013
87014
87015
87016
87017
87018
87019
87020
87021
87022
87545
87546
87547
87548
87549
87550
87551
87552
87553
87554
87555
87556
87557
88062
88063
88064
88065
88066
88067
88068
88069
88070
88073
88074
88584
88585
88586
88587
88588
88589
89110
89111
89112
89113
89114
89115
89116
89624
89625
89626
89627
89628
89629
90152
90153
90690