236508
237123
237124
237125
237126
237750
237751
237752
237753
237754
237755
238360
238361
238362
238363
238364
238964
238965
238966
238967
238968
239594
239595
239596
239597
239598
240222
240225
240226
240227
240228
240229
240230
240231
240813
240814
240817
240818
240819
240820
240821
240822
240823
241384
241385
241389
241390
241392
241393
241394
241396
241964
241966
241967
241968
241969
241970
241971
241972
241974
241975
241976
241977
241978
241979
241980
241981
242561
242562
242563
242564
242565
242571
242572
242574
242575
243160
243161
243162
243163
243164
243165
243174
243175
243176
243763
243764
243765
243766
243767
243768
243781
243782
243783
243784
244368
244369
244370
244371
244384