259899
259900
259901
260544
260545
260546
260547
260548
260549
261165
261166
261167
261168
261169
261170
261171
261172
261173
261174
261175
261778
261779
261780
261781
261782
261783
261784
261785
261786
262390
262391
262392
262393
262394
262395
262396
262988
262989
262990
262991
262992
262993
262994
263588
263589
263590
263591
263592
263594
263595
264187
264188
264189
264190
264191
264192
264816
264817
264818
264820
264821
264822
264823
264824
265438
265439
265440
265441
265442
265444
265445
265446
265447
265448
265449
265450
266068
266069
266070
266071
266075
266076
266077
266078
266079
266667
266668
266669
266672
266673
266674
267275
267281
267901
268526
268527
268528
268529
268530
269161