480395
480701
481015
481320
481661
481662
481663
481664
481665
482006
482007
482010
482011
482012
482013
482014
482350
482351
482352
482353
482354
482355
482356
482357
482679
482680
482681
482682
482683
482684
482685
483015
483016
483017
483018
483019
483020
483021
483022
483023
483379
483380
483381
483382
483383
483384
483385
483386
483387
483388
483389
483733
483734
483735
483736
483737
483738
483739
483740
483741
483742
484066
484067
484068
484069
484070
484071
484073
484074
484075
484076
484077
484078
484396
484397
484398
484399
484401
484402
484403
484404
484405
484406
484407
484729
484730
484731
484732
484733
484734
484735
485049
485050
485051
485052
485053
485054
485055
485387
485388