464045
464046
464047
464367
464368
464369
464371
464698
464699
464700
464701
464702
464703
464704
465033
465034
465035
465036
465037
465038
465039
465040
465041
465042
465043
465356
465360
465361
465362
465363
465364
465365
465366
465367
465368
465369
465370
465371
465372
465677
465679
465680
465681
465682
465683
465684
465685
465686
465687
465688
465689
465690
465691
465692
465693
465694
465695
466023
466024
466025
466026
466027
466028
466031
466032
466033
466034
466035
466036
466037
466038
466039
466040
466041
466369
466370
466371
466372
466374
466375
466378
466380
466381
466382
466698
466699
466701
466702
466703
466704
466705
466706
466707
466708
467019
467020
467024
467025
467026
467028