197442
198000
198001
198002
198003
198004
198545
198546
198547
198548
199139
199140
199141
199142
199143
199144
199726
199727
199728
199729
199730
199731
199732
199733
199734
200322
200323
200325
200326
200327
200904
200905
200906
200907
201453
201454
201455
201456
201457
202015
202016
202017
202018
202019
202594
202595
202596
202597
202598
202599
203179
203180
203181
203183
203184
203185
203754
203755
203756
203757
203758
203759
203760
204315
204317
204318
204319
204863
204864
204865
204866
204867
205415
205416
205417
205418
205419
205420
205421
205966
205967
205968
205969
205970
205971
205972
206511
206512
206513
206514
206515
206516
206517
206518
206519
207053
207054
207056
207057
207058