438033
438034
438486
438487
438488
438489
438924
438925
438926
439360
439361
439774
439775
439776
440162
440163
440165
440167
440546
440547
440548
440549
440550
440553
440554
440555
440931
440932
440933
440934
440935
440936
440937
440938
441322
441323
441324
441325
441326
441327
441328
441329
441330
441331
441693
441694
441695
441696
441697
441698
441699
441700
441701
441702
441703
441704
442043
442044
442045
442046
442047
442048
442049
442050
442051
442052
442408
442409
442410
442411
442412
442413
442414
442415
442416
442767
442770
442771
442772
442773
442774
443142
443143
443145
443146
443147
443506
443508
443509
443510
443511
443883
443884
443885
443886
443887
444250
444251
444252
444618