236506
236507
236508
236511
237123
237124
237125
237126
237127
237128
237129
237130
237131
237749
237750
237751
237752
237753
237754
237755
237756
237757
237758
237759
238360
238361
238362
238363
238364
238365
238366
238960
238961
238963
238964
238965
238966
238967
238968
238969
238970
238971
239588
239589
239590
239591
239592
239593
239594
239595
239596
239597
239598
239599
239600
239601
239602
239603
240221
240223
240224
240225
240226
240227
240228
240229
240230
240231
240232
240233
240234
240815
240816
240817
240819
240820
240821
240822
240823
240824
240825
240826
241386
241387
241388
241389
241390
241391
241392
241393
241394
241395
241397
241973
241974
241975
241976
241977
242571
242572