188265
188878
188879
188880
189485
190075
190660
191231
191795
191796
191797
192354
192355
192356
192357
192897
192898
192899
192900
193450
193451
193452
193995
193996
194557
194558
194559
195118
195119
195120
195121
195122
195651
195652
195653
195654
195655
195656
195657
196188
196189
196190
196191
196192
196193
196194
196195
196196
196197
196708
196709
196710
196711
196712
196713
196714
196715
197220
197221
197222
197223
197224
197225
197226
197227
197759
197760
197761
197762
197763
197764
197765
197766
197767
198308
198309
198310
198311
198312
198313
198314
198315
198316
198317
198881
198882
198883
198884
198885
198886
199470
199471
199472
200067
200068
200069
200650
200651
201203
201204