166044
166045
166523
167008
167009
167010
167011
167510
167511
167512
167513
167514
167515
167516
167517
167518
167519
168020
168021
168022
168023
168024
168026
168027
168028
168029
168030
168548
168549
168550
168551
168552
168553
168554
168555
168557
168558
168559
169056
169057
169058
169059
169060
169061
169062
169063
169065
169066
169567
169568
169569
169570
169571
169572
169573
170084
170085
170086
170087
170088
170089
170090
170621
170622
170623
170624
170628
170629
171176
171177
171178
171179
171183
171184
171700
171701
171704
171705
171706
172220
172221
172222
172223
172224
172225
172738
172739
172740
172741
172742
172743
172744
173246
173247
173248
173249
173774
173775
173776
174304