462250
462251
462568
462569
462570
462887
462888
462890
462891
462892
463199
463201
463202
463203
463204
463205
463206
463524
463525
463526
463527
463528
463529
463530
463531
463532
463533
463534
463535
463536
463844
463845
463846
463847
463848
463849
463850
463851
463852
463853
463854
463855
463856
463857
464170
464171
464172
464173
464174
464175
464176
464177
464178
464179
464180
464182
464183
464512
464513
464514
464515
464516
464517
464518
464519
464520
464854
464855
464856
464857
464858
464859
464860
465182
465183
465184
465185
465186
465498
465499
465500
465501
465503
465504
465505
465506
465832
465833
465834
465835
465836
466170
466171
466503
466504
466505
466506
466831
466832
466833