78918
78919
79504
79505
80103
80104
80105
80106
80682
80683
80684
80685
80686
80687
80688
80689
81257
81258
81259
81261
81262
81263
81796
81797
81798
81799
81800
81801
81802
81803
81804
81806
81807
81808
82393
82394
82395
82396
82397
82398
82399
82400
82401
82990
82991
82992
82993
82994
82995
82996
82997
82998
83566
83567
83568
83569
83570
83571
83572
83573
83574
84120
84121
84122
84123
84124
84125
84126
84127
84128
84129
84130
84131
84691
84692
84693
84694
84695
84696
84697
84698
84699
84700
85253
85254
85257
85258
85259
85260
85261
85262
85827
85831
85832
85833
85834
85835
86377
86378
86379