325747
325748
326257
326258
326259
326260
326763
326764
326765
326766
326767
326768
327276
327277
327278
327279
327811
327812
327813
327814
327815
327816
327817
328334
328335
328336
328828
329309
329315
329316
329759
329760
329764
329765
330218
330219
330220
330222
330223
330224
330225
330226
330685
330686
330687
330688
330689
330691
330692
330693
331160
331161
331162
331163
331164
331165
331166
331633
331634
331636
332113
332114
332115
332593
332594
332595
332596
332597
333072
333073
333074
333075
333076
333562
333563
333564
333565
333566
334000
334001
334002
334003
334004
334005
334006
334007
334008
334460
334461
334462
334463
334464
334465
334466
334467
334468
334916
334919
335362
335365