221550
222076
222077
222078
222082
222083
222084
222085
222605
222606
222607
222608
222609
222610
222611
222612
222613
222614
223114
223115
223116
223117
223118
223119
223120
223121
223122
223123
223125
223126
223129
223130
223131
223132
223626
223627
223628
223629
223630
223632
223635
223636
223637
223638
223639
223640
223641
223642
223643
223644
223645
224152
224153
224154
224155
224156
224157
224159
224160
224161
224162
224163
224164
224165
224166
224167
224168
224169
224668
224671
224673
224674
224675
224676
224677
224678
224679
224680
225181
225184
225185
225186
225188
225189
225190
225191
225192
225708
225709
225710
225711
225712
225714
225715
226226
226227
226228
226229
226741
226742