108010
108012
108013
108017
108628
108629
108630
108631
108632
108634
108635
108636
109263
109264
109265
109266
109267
109268
109269
109270
109902
109903
109904
109905
109906
109907
109908
110521
110522
110523
110524
111166
111167
111168
111785
111786
112377
112378
112379
112972
112973
112974
113566
114126
114127
114128
114678
114679
114680
114681
114682
114683
115234
115235
115236
115237
115238
115239
115240
115241
115783
115784
115785
115786
115787
115788
115791
115792
116343
116344
116345
116346
116347
116348
116349
116350
116351
116894
116895
116896
116897
116898
116899
116900
116901
117463
117464
117465
117466
118008
118009
118010
118550
118551
118552
118553
119080
119081
119082
119083