222453
222454
222977
222978
223483
224022
224023
224024
224540
224541
224542
225049
225051
225052
225560
225561
225562
225563
226070
226073
226074
226594
226595
227102
227603
228118
228119
228649
228650
228652
229175
229176
229177
229178
229708
230240
230241
230242
230244
230245
230246
230764
230765
230766
230767
230768
230769
230770
231317
231318
231319
231320
231321
231322
231323
231855
231856
231857
232426
232427
232428
232431
232432
233006
233007
233008
233009
233010
233593
233594
233595
233597
233598
234155
234156
234157
234158
234159
234160
234161
234162
234703
234704
234705
234706
234707
234708
234709
234710
235257
235258
235259
235260
235261
235262
235829
235830
235831
236419
236420