371610
371611
372122
372123
372628
372629
373139
373140
373141
373146
373680
373681
373686
373687
373688
373689
373690
374227
374228
374229
374230
374231
374232
374233
374236
374238
374239
374240
374810
374811
374812
374813
374814
374815
374816
374817
374819
374820
374821
374822
374823
375393
375394
375395
375396
375397
375398
375399
375400
375401
375402
375403
375404
375405
375406
375986
375987
375988
375989
375990
375991
375992
375993
375994
376592
376593
376594
376595
376596
376597
376598
376599
376600
376601
376602
376603
376604
377192
377193
377194
377195
377196
377197
377198
377199
377200
377201
377775
377776
377777
377778
378334
378335
378336
378337
378875
378877
379425
379426
379427