117373
117910
117911
117912
118447
118448
118449
118450
118451
118452
118453
118458
118459
118460
118980
118981
118982
118983
118984
118985
118986
118987
118991
118992
118993
119523
119524
119525
119526
119527
119528
119531
119532
119533
119534
119535
119536
119537
119538
120078
120079
120080
120081
120082
120084
120085
120086
120087
120089
120090
120629
120630
120631
120632
120633
120634
120635
120636
120637
121163
121165
121166
121167
121168
121169
121170
121171
121172
121681
121682
121683
121684
121685
121686
121687
121688
121689
121690
121691
121692
121693
121694
122199
122200
122201
122202
122203
122204
122205
122206
122207
122208
122209
122210
122211
122212
122728
122729
122730
122736