280231
280232
280233
280821
280822
280823
280824
280825
280826
280827
280828
280829
281408
281410
281411
281412
281413
281414
282011
282012
282013
282014
282015
282016
282593
282594
282595
282596
282597
282598
282599
282600
282601
283187
283188
283189
283190
283191
283192
283193
283194
283195
283196
283197
283198
283199
283200
283201
283202
283796
283797
283798
283799
283800
283802
283803
283804
283805
283806
283807
283808
283810
283811
284415
284416
284417
284418
284419
284420
284421
284422
284423
284424
284425
284426
285028
285029
285030
285032
285033
285034
285035
285036
285037
285038
285610
285611
285612
285613
285614
285615
286152
286153
286154
286155
286676
286677
287192
287193
287705