280404
280405
280997
280998
280999
281598
281599
282192
282193
282194
282195
282196
282198
282199
282774
282775
282776
282777
282778
282779
282780
282781
282782
282783
282784
283382
283385
283386
283387
283388
283389
283390
283391
283392
283393
283394
283395
283396
283397
283983
283984
283985
283986
283987
283988
283989
283990
283991
283992
283993
283994
283995
283996
283997
283998
284597
284598
284599
284600
284601
284602
284603
284604
284605
284607
284608
284609
284610
285198
285199
285200
285201
285202
285203
285204
285205
285211
285212
285213
285775
285776
285777
285778
285779
285780
285781
285782
285783
285785
286313
286316
286317
286318
286843
286844
286845
287366
287367
287368
287875