59832
59833
59834
60449
60450
60451
60452
60456
61050
61051
61052
61053
61054
61055
61057
61058
61639
61641
61642
61643
61644
61645
61646
61647
61648
61649
62242
62243
62244
62245
62246
62247
62248
62249
62250
62251
62252
62253
62822
62823
62824
62825
62826
62827
62828
63391
63392
63393
63394
63395
63992
63993
63994
63995
64589
64590
64591
64592
65170
65171
65734
65735
66281
66282
66283
66284
66285
66286
66287
66813
66814
66815
66816
66817
66818
67345
67346
67347
67348
67902
67903
67904
67905
67906
68445
68446
68971
68972
68973
69508
69509
70043
70044
70045
70593
70594
70595
71141
71143
71708