75478
75479
75480
76069
76070
76640
76641
76642
76643
77201
77202
77203
77204
77205
77770
77771
77772
77773
78352
78353
78354
78355
78939
78940
78941
78942
78943
78944
78945
78946
78947
78948
78949
79531
79532
79533
79534
79535
79536
79537
79538
79539
79540
79541
79542
80137
80138
80139
80140
80141
80142
80143
80144
80145
80146
80147
80720
80721
80722
80723
80724
80725
80726
80727
80728
80729
80730
81293
81294
81295
81296
81297
81298
81299
81300
81842
81843
81844
81845
81846
81849
81850
81851
82430
82431
82432
82433
82434
82435
82436
82437
82438
83027
83028
83030
83031
83032
83033
83034
83602