37051
37052
37053
37054
37055
37056
37057
37058
37520
37521
37522
37523
37524
37525
37526
37527
38002
38003
38008
38009
38010
38011
38012
38013
38014
38015
38505
38506
38507
38508
38509
38510
38511
38512
38513
38514
38515
39015
39016
39017
39018
39019
39020
39021
39022
39023
39024
39025
39026
39543
39544
39545
39546
39547
40074
40075
40076
40602
40603
40604
41126
41127
41130
41131
41693
41694
41696
41697
41698
41699
42269
42270
42271
42272
42273
42274
42844
42845
42846
42847
43405
43406
43407
43408
43409
43410
43966
43967
43968
43969
43970
43971
44517
44518
44519
45044
45045
45579
45580
46088