255471
255472
256073
256074
256075
256689
256690
256691
256692
256693
256694
257307
257308
257309
257310
257311
257312
257313
257921
257925
257926
257927
257928
257929
258530
258531
258532
258535
258536
258537
258538
258539
258540
258541
259168
259169
259170
259171
259173
259174
259175
259176
259812
259813
259814
259815
259816
259817
259818
259819
259820
259821
259822
259823
260458
260459
260460
260461
260462
260463
260464
260465
260466
260467
260468
260469
260470
260471
261077
261081
261082
261083
261084
261086
261087
261088
261691
261692
261693
261695
261696
261697
261698
261702
261703
261704
262305
262306
262310
262311
262312
262315
262316
262317
262916
262917
262922
262923
262924
263524