104944
104945
104947
104948
105563
105564
105566
105567
105568
105569
105570
105571
105572
106173
106174
106175
106177
106178
106179
106180
106181
106182
106183
106784
106785
106790
106791
106792
106793
106794
107381
107382
107387
107388
107389
107390
107391
107983
107984
107985
107986
107987
107988
107989
107990
107991
107992
107993
107994
107995
108606
108607
108609
108610
108611
108613
108614
108615
108616
108617
108618
109240
109241
109243
109244
109248
109249
109250
109251
109870
109871
109872
109873
109874
109875
109876
109884
109885
109886
110496
110497
110498
110499
110500
110501
110502
110505
111140
111142
111143
111144
111145
111763
111764
111765
111766
111767
112354
112355
112356