41388
41389
41390
41391
41952
41953
41954
41955
41956
42530
42531
42532
42533
42534
43102
43103
43104
43105
43106
43107
43648
43649
43650
43651
43652
43653
43654
44198
44199
44200
44201
44202
44203
44204
44734
44735
44736
44737
45253
45254
45255
45257
45258
45259
45769
45770
45771
45772
45773
45775
45776
45777
45778
45779
46284
46285
46286
46287
46288
46289
46290
46291
46767
46768
46769
46770
46771
46772
46773
46774
47236
47237
47238
47239
47240
47241
47242
47677
47678
47679
47680
47681
47682
47683
48134
48135
48136
48137
48605
48606
48607
48608
48609
48610
49070
49072
49073
49074
49546
49547