468353
468650
468651
468652
468653
468654
468655
468657
468658
468659
468944
468945
468946
468947
468948
468949
468950
468951
468953
468954
468955
469243
469244
469245
469248
469249
469250
469251
469252
469253
469254
469255
469256
469257
469258
469259
469260
469547
469548
469549
469550
469551
469552
469553
469554
469555
469556
469557
469558
469559
469560
469561
469562
469563
469564
469836
469837
469838
469839
469840
469841
469842
469843
469844
469845
469846
469847
469848
470120
470121
470122
470123
470124
470125
470126
470127
470129
470381
470383
470384
470631
470632
470633
470634
470897
470898
470899
470900
471170
471171
471172
471445
471446
471447
471713
471714
471715
471967
471968
471969