69510
69511
69512
70050
70051
70052
70602
70603
70604
70605
70606
71148
71149
71150
71151
71152
71153
71154
71712
71713
71714
71715
71716
71717
72275
72276
72277
72278
72279
72845
72846
72847
72848
72849
72850
72851
73405
73406
73407
73408
73409
73410
73411
73964
73966
73967
73968
74523
74524
74526
74527
74528
74529
75086
75087
75088
75089
75090
75091
75092
75682
75683
75684
75685
75686
76263
76264
76265
76266
76270
76841
76842
76843
76844
76845
76846
76847
76848
77398
77399
77400
77402
77403
77975
77976
77978
77979
78548
78549
78550
78551
78552
78553
78554
79152
79153
79154
79732
79733
80329