322197
322674
322675
322677
323171
323172
323173
323176
323177
323647
323648
323649
323650
323651
323652
323653
323654
324137
324138
324139
324140
324141
324142
324143
324144
324146
324147
324646
324647
324648
324649
324650
324651
324652
324653
324654
324655
324656
324657
324658
324659
324660
324661
325165
325166
325167
325168
325169
325170
325171
325172
325173
325174
325176
325177
325179
325699
325700
325701
325702
325703
325704
325707
326217
326220
326221
326222
326223
326723
326724
326725
326726
327235
327236
327237
327238
327239
327240
327774
327775
327776
327777
327778
327779
327780
327781
328294
328295
328296
328297
328298
328299
328300
328301
328794
328795
328796
328797
328798
329278