104914
105527
105528
106134
106135
106136
106138
106744
106745
106746
106747
106748
106749
106750
107341
107346
107347
107348
107349
107350
107351
107945
107952
107953
107954
107955
107956
107957
108564
108571
108572
108573
108574
108575
108576
108577
108578
108579
108580
109204
109205
109206
109212
109213
109214
109215
109216
109217
109218
109219
109833
109834
109835
109836
109837
109838
109839
109840
109842
109843
109844
109845
109846
109847
109848
110465
110466
110467
110468
110469
110470
110471
110472
110473
110474
110475
110476
110477
110478
111107
111108
111109
111110
111111
111112
111113
111114
111115
111117
111118
111119
111735
111736
111737
111741
111742
111744
112324
112325
112326