134121
134122
134123
134711
134712
134713
134714
134715
134716
134717
135323
135324
135325
135326
135327
135328
135928
135929
135930
135931
135932
136533
136534
136535
136536
136537
136538
137131
137132
137133
137134
137705
137706
137707
138285
138286
138287
138288
138289
138290
138873
138874
138876
138877
139480
139481
139483
139484
140085
140086
140087
140088
140089
140090
140689
140690
140691
140692
140693
140694
141283
141284
141285
141286
141287
141288
141864
141865
141866
141867
141868
141869
141870
141871
142438
142439
142440
142441
142999
143000
143001
143002
143559
143561
143562
143563
144102
144103
144104
144651
144652
144653
144654
144655
144656
145213
145214
145215
145779
146341