69798
70339
70340
70886
70887
70888
71445
71446
71447
72007
72008
72009
72010
72011
72581
72582
72583
72584
72585
72586
72587
73136
73137
73138
73139
73140
73141
73142
73143
73144
73145
73709
73710
73711
73712
73713
73714
73715
73716
73717
73718
73719
74272
74273
74274
74275
74276
74277
74824
74825
74826
75395
75989
75990
75991
76559
76560
76561
76562
76564
76565
77126
77127
77128
77129
77130
77688
77689
77691
77692
78263
78266
78268
78269
78856
78857
78858
78859
78860
78861
78862
78863
79446
79448
79449
79450
79451
79452
80041
80042
80043
80044
80045
80046
80630
80631
80632
80633
81216
81217