434378
434870
434871
435379
435864
436333
436334
436335
436336
436778
436779
436780
436781
436782
436783
437218
437219
437220
437221
437222
437223
437224
437671
437672
437673
437674
437675
437676
438121
438122
438123
438124
438125
438126
438578
438579
438580
438581
438582
439017
439018
439019
439020
439454
439455
439862
439863
439871
439872
439873
440244
440245
440250
440251
440252
440259
440260
440630
440631
440632
440633
440634
440635
440636
440640
440641
440642
440643
440644
441020
441021
441023
441024
441025
441026
441030
441031
441032
441033
441034
441419
441421
441423
441425
441426
441427
441428
441429
441430
441431
441432
441433
441434
441794
441796
441801
441802
441803
442142
442144