126424
126425
126974
126975
126976
126977
126979
126980
127512
127513
127514
127515
127516
127517
127519
127520
127522
128045
128046
128047
128048
128049
128050
128051
128052
128053
128054
128055
128056
128057
128058
128059
128560
128561
128562
128563
128564
128566
128567
128568
128569
128570
128571
129051
129052
129053
129054
129055
129056
129057
129058
129059
129060
129061
129062
129063
129064
129065
129571
129572
129573
129574
129575
129576
129577
129578
129579
129580
129581
129582
130105
130106
130107
130108
130109
130110
130111
130112
130621
130622
130623
130625
130626
130627
130628
131127
131128
131129
131130
131131
131132
131133
131643
131644
131645
131647
132163
132164
132167
132691