114457
115008
115009
115010
115556
115557
115558
115559
116116
116117
116118
116119
116120
116682
116683
116684
116685
116686
116687
116688
116689
117231
117232
117233
117234
117235
117236
117237
117776
117777
117778
117779
117780
117781
117782
117783
118324
118325
118326
118327
118328
118329
118330
118331
118332
118860
118861
118862
118863
118864
118865
118866
118867
118868
119406
119407
119408
119409
119410
119411
119412
119413
119414
119415
119416
119966
119967
119968
119969
119970
119971
119972
119973
119974
119975
119976
119977
120519
120520
120521
120522
120523
120524
120525
120526
120527
120528
121056
121057
121058
121059
121060
121061
121062
121063
121588
121589
121590
122117
122640