377518
377519
377520
377521
377523
377524
378079
378080
378081
378082
378083
378084
378627
378628
378629
378630
378631
378632
379165
379166
379167
379168
379720
379721
379722
379723
379724
379725
380291
380292
380293
380295
380297
380868
380869
380870
380871
380872
380873
380875
380876
380877
381454
381455
381456
381457
381458
381459
381460
381461
381462
381463
381464
381465
382014
382015
382016
382017
382018
382019
382020
382021
382022
382023
382559
382560
382561
382562
382563
382564
382565
382566
382567
383131
383132
383133
383134
383135
383136
383137
383693
383694
383695
383696
383697
383698
384272
384273
384274
384275
384840
384841
384842
385393
385394
385957
385958
385959
386501
386503