137256
137257
137258
137827
137828
137829
138417
138418
138419
139001
139002
139003
139004
139005
139006
139607
139608
139609
139611
140233
140235
140843
140844
140845
140846
141431
141432
141433
141434
142015
142016
142587
142588
142589
142590
143146
143147
143151
143155
143156
143706
143707
143711
143712
143715
143716
143717
143718
143719
144230
144231
144235
144236
144237
144238
144239
144240
144242
144776
144777
144778
144779
144780
144781
144782
144783
144784
144785
144786
145344
145345
145346
145347
145348
145349
145350
145351
145352
145353
145354
145355
145903
145904
145906
145907
145908
145909
145910
145911
145912
146469
146475
146476
147021
147027
147028
147572
147573
147574
148102