12578
13167
13168
13762
13763
13764
14363
14364
14365
14949
14950
14951
14952
14953
15522
15523
15524
15525
15532
15533
15535
15536
15539
15540
15541
15542
15543
16095
16096
16097
16098
16099
16106
16107
16108
16109
16110
16111
16112
16113
16114
16115
16116
16682
16686
16687
16688
16689
16690
16691
16693
16694
16695
16696
16697
16698
16699
16700
16701
17269
17270
17271
17273
17274
17275
17276
17277
17278
17279
17280
17281
17848
17849
17850
17851
17852
17853
17854
17855
17856
17857
18389
18390
18391
18392
18393
18394
18395
18396
18397
18398
18399
18943
18944
18946
18947
18948
18949
19486
19487