326467
326468
326979
326980
326983
326984
327493
327494
327495
327496
327497
328023
328024
328025
328026
328028
328527
328528
328529
328530
328531
328532
328533
328538
328539
329005
329006
329007
329010
329015
329016
329475
329476
329480
329481
329482
329483
329484
329485
329935
329936
329937
329938
329939
329940
329941
329942
329943
329944
329945
330400
330401
330404
330405
330406
330407
330408
330409
330410
330411
330412
330413
330414
330868
330872
330874
330875
330876
330877
330878
330879
331341
331342
331343
331344
331345
331346
331347
331348
331809
331810
331811
331812
331813
331814
331815
331816
331817
332295
332296
332297
332298
332299
332300
332301
332302
332787
332789
332790
333279