41541
41542
41543
41544
41545
42115
42116
42117
42118
42119
42120
42694
42695
42696
42698
42699
42700
43259
43260
43261
43262
43263
43265
43266
43820
43821
43822
43823
43824
44378
44379
44380
44381
44382
44913
44914
44915
44916
45443
45444
45445
45446
45447
45961
45962
45963
45967
45968
45969
45970
46472
46473
46474
46475
46477
46478
46479
46481
46482
46483
46945
46946
46947
46948
46949
46950
46951
46952
46953
46954
46955
46956
47415
47416
47420
47421
47422
47423
47852
47853
47854
47856
47857
47858
47859
48325
48326
48327
48328
48329
48794
48796
48798
49250
49251
49252
49253
49727
49728
50212