29626
30092
30093
30094
30588
30589
30590
30591
31085
31086
31087
31088
31089
31589
31590
31591
31592
31593
31594
31595
31596
32111
32112
32113
32114
32115
32116
32117
32118
32119
32120
32642
32643
32644
32645
32647
32648
32650
32651
32652
33139
33140
33141
33142
33143
33144
33145
33147
33148
33646
33647
33648
33649
33650
33656
34151
34152
34153
34154
34155
34159
34160
34161
34662
34665
34666
34667
34668
34669
35189
35190
35191
35192
35194
35706
35707
35708
35709
35710
35711
35712
35713
36205
36207
36208
36209
36210
36683
36684
36685
36687
37148
37149
37150
37151
37617
37618
37619
37620
37622