39266
39268
39797
39798
39799
40323
40324
40325
40326
40327
40861
40862
41397
41398
41399
41962
41963
41964
41965
41966
41967
41968
41969
41970
42544
42545
42546
42547
42548
42549
42550
42551
42552
43117
43123
43665
43666
43667
43670
43671
43672
44216
44217
44218
44220
44221
44222
44223
44224
44225
44747
44748
44749
44750
44751
44752
44753
44754
44755
44756
45273
45274
45275
45276
45277
45278
45279
45280
45281
45282
45283
45792
45793
45794
45796
45797
46304
46305
46306
46307
46785
46786
46787
46788
47254
47255
47256
47257
47698
47699
47700
48152
48153
48154
48624
48625
48626
49091
49092
49093