444382
444741
444742
444743
445104
445105
445106
445107
445108
445109
445474
445475
445476
445836
445837
445838
446197
446198
446199
446561
446563
446894
446895
446896
446897
446898
446900
446901
447199
447200
447201
447202
447203
447204
447205
447206
447207
447504
447505
447507
447508
447509
447510
447511
447512
447513
447514
447809
447810
447811
447813
447814
447815
447816
447817
447818
447819
447820
447821
447822
448143
448144
448145
448146
448147
448148
448149
448150
448151
448152
448153
448154
448155
448478
448479
448480
448481
448482
448483
448484
448485
448486
448487
448803
448804
448805
448806
448807
448808
448809
448810
448811
448812
449132
449133
449134
449135
449136
449137
449475