330178
330636
330637
330638
330639
331107
331108
331109
331110
331111
331112
331113
331114
331583
331584
331585
331586
331587
331588
331589
331590
331591
332057
332058
332059
332060
332061
332062
332064
332065
332541
332542
332543
332544
332545
332546
332547
332548
332549
333024
333025
333026
333029
333030
333519
333520
333524
333525
333966
333967
333968
333969
334425
334426
334427
334428
334883
334884
334885
334886
334887
335332
335333
335334
335335
335795
335796
335797
336253
336254
336255
336741
336742
336743
336744
337249
337250
337251
337252
337753
337754
337755
337756
337757
337758
337759
337760
338295
338296
338297
338298
338299
338300
338301
338831
338832
338833
339360
339361
339362