343842
343843
343844
343845
343846
344394
344396
344397
344398
344399
344400
344401
344402
344403
344404
344923
344924
344925
344926
344927
344928
344929
344930
344931
344932
344933
345486
345487
345488
345489
345490
345491
345492
345493
345494
345495
345496
346027
346028
346029
346030
346031
346032
346033
346034
346035
346036
346570
346571
346572
346573
346574
346575
346576
346577
346578
346579
347113
347114
347115
347116
347117
347118
347119
347120
347121
347680
347681
347682
347683
347684
347685
347686
348262
348263
348264
348265
348266
348267
348847
348848
348849
348850
348851
348852
348853
349463
349464
349465
349466
349467
349468
349469
349470
350064
350065
350066
350067
350068
350069