194332
194900
194901
195441
195973
195974
195975
195976
195977
196492
196493
196494
196495
196496
196499
197017
197018
197019
197020
197021
197022
197023
197024
197025
197532
197533
197534
197535
197536
197537
197538
197539
197540
198095
198096
198097
198098
198099
198100
198101
198102
198103
198104
198105
198646
198647
198648
198649
198650
198651
198654
198655
198656
199241
199242
199243
199244
199245
199246
199249
199250
199251
199838
199839
199840
199842
199847
199848
199849
199850
200433
200434
200435
200436
200437
200439
200440
200441
200444
200445
201006
201007
201008
201010
201011
201012
201553
201554
201555
201556
201557
202125
202126
202708
202709
202710
203277
203278
203279
203851