430031
430569
430570
430572
431103
431104
431105
431106
431107
431625
431626
431627
431628
431629
431630
432121
432122
432123
432124
432125
432126
432127
432128
432129
432635
432636
432637
432638
432639
432640
432641
432642
432643
433157
433158
433159
433160
433161
433162
433163
433164
433165
433166
433167
433168
433169
433668
433669
433670
433671
433672
433673
433675
433676
433677
433678
433679
433680
433681
434170
434171
434172
434173
434174
434175
434671
434672
434673
435166
435168
435663
435664
435665
436140
436141
436142
436143
436597
436598
436599
436600
437033
437034
437035
437036
437037
437038
437493
437494
437495
437496
437497
437498
437499
437940
437941
437942
437943
437944
438398