49204
49676
49677
49678
50166
50167
50168
50169
50171
50638
50639
50640
50641
50642
50643
51098
51099
51100
51101
51102
51103
51555
51557
51558
51559
51560
51561
51562
51563
52015
52016
52017
52018
52019
52020
52022
52023
52024
52025
52489
52490
52491
52492
52493
52494
52495
52496
52497
52498
52499
52954
52955
52956
52957
52958
52959
52960
52961
52962
53408
53409
53410
53411
53412
53413
53414
53415
53416
53862
53863
53864
53865
53868
53869
53870
53871
53872
53873
54341
54342
54343
54344
54345
54347
54348
54349
54350
54352
54819
54820
54821
54822
54826
54827
54828
54829
55302
55303
55304
55786