469817
470097
470098
470099
470100
470101
470102
470359
470360
470361
470362
470363
470364
470365
470366
470605
470606
470607
470608
470609
470610
470611
470612
470613
470614
470615
470616
470617
470618
470870
470871
470872
470873
470874
470875
470876
470877
470878
470879
470880
470881
470882
470883
470884
471148
471149
471150
471151
471152
471153
471155
471156
471157
471158
471421
471422
471423
471424
471425
471426
471429
471430
471431
471432
471694
471695
471696
471699
471700
471701
471702
471942
471949
471950
472228
472229
472230
472233
472524
472525
472526
472527
472528
472529
472530
472531
472822
472823
472824
472825
472826
472827
473121
473122
473123
473124
473125
473126
473127
473426