51286
51287
51288
51289
51751
51752
51753
51754
52212
52213
52214
52215
52216
52217
52688
52689
52690
52691
52692
52693
52694
53159
53160
53161
53162
53163
53164
53607
53608
53609
53610
53611
54066
54067
54068
54069
54070
54071
54072
54535
54536
54537
54538
54539
54540
54541
54542
54543
55013
55014
55015
55016
55017
55018
55019
55502
55503
55504
55505
55506
55507
55508
55509
55510
55996
55997
55998
55999
56000
56001
56002
56003
56004
56005
56484
56485
56486
56487
56488
56489
56490
56491
56492
56493
56988
56989
56990
56991
56992
56993
56994
57546
57549
57550
57551
57552
57553
57554
58099
58100