484957
485277
485613
485614
485615
485616
485617
485618
485619
485932
485933
485934
485935
485936
485937
485938
485939
486240
486241
486242
486243
486244
486245
486246
486247
486248
486249
486556
486557
486558
486559
486560
486561
486562
486563
486564
486565
486566
486906
486907
486908
486909
486910
486911
486912
486913
486914
487275
487276
487277
487278
487279
487280
487281
487282
487283
487284
487285
487287
487641
487643
487646
487647
487648
487649
487650
487651
487652
487653
487654
487655
487657
488017
488018
488019
488020
488021
488022
488023
488024
488025
488026
488027
488028
488029
488031
488415
488416
488417
488418
488419
488420
488421
488422
488423
488424
488830
488831
489233
489234