225062
225063
225572
225573
225574
225575
225576
225577
225578
226079
226080
226081
226082
226083
226084
226085
226086
226087
226088
226596
226597
226598
226599
226600
226601
226602
226603
226604
226605
227104
227105
227106
227107
227108
227109
227110
227111
227112
227113
227114
227607
227608
227609
227610
227611
227612
227613
227614
227615
227616
227617
227618
227620
228122
228123
228124
228125
228126
228127
228128
228129
228130
228131
228133
228134
228135
228136
228655
228656
228657
228658
228659
228660
228662
228663
228664
228665
228666
228667
228668
229188
229189
229190
229191
229192
229193
229712
229713
229714
229715
229716
229717
229718
229719
230248
230249
230251
230252
230782
231336