122807
123355
123356
123357
123928
123929
123930
123931
123932
124489
124490
124491
124492
125038
125039
125040
125041
125042
125043
125047
125590
125591
125592
125593
125594
125595
125596
125597
125600
125601
126138
126139
126140
126141
126142
126143
126144
126145
126146
126147
126148
126149
126693
126694
126695
126696
126697
126698
126699
126700
126701
126702
126703
127244
127245
127246
127247
127249
127250
127251
127252
127770
127771
127773
127774
127775
127776
127777
127778
128293
128294
128295
128296
128297
128298
128299
128785
128786
128787
128788
128789
129286
129287
129288
129289
129290
129291
129794
129795
129796
129797
129798
130306
130307
130308
130309
130831
131340
131341
131854