332885
333382
333383
333384
333385
333851
333852
333853
333854
333855
333856
333857
334302
334303
334305
334306
334307
334308
334766
334767
334769
334770
334771
334772
334773
335227
335228
335231
335232
335233
335234
335687
335688
335689
335690
335691
335692
335693
336141
336142
336143
336144
336145
336146
336147
336625
336626
336627
336628
336629
336630
336631
337106
337107
337109
337110
337111
337112
337113
337114
337620
337621
337622
337623
337624
337625
337626
337627
337628
337629
338158
338159
338160
338161
338162
338163
338164
338165
338166
338167
338696
338697
338698
338699
338700
338701
338702
338703
338704
338705
339235
339238
339239
339240
339241
339762
339763
339764
340294
340295