436076
436077
436533
436534
436535
436536
436973
436974
437429
437430
437431
437875
437876
437877
437878
437879
438319
438320
438321
438322
438323
438324
438326
438327
438328
438329
438330
438761
438762
438763
438764
438765
438766
438767
438768
438769
438770
438771
438772
438773
438774
438775
439204
439205
439206
439208
439209
439210
439211
439212
439213
439214
439215
439623
439624
439629
439630
439631
439632
439633
439634
440034
440035
440039
440040
440418
440421
440422
440423
440424
440808
440811
440812
440813
440814
440815
441182
441187
441188
441189
441190
441191
441574
441575
441576
441578
441579
441580
441581
441582
441939
441941
441942
442283
442286
442287
442639
442640
442641
442642