327866
327867
328386
328387
328388
328389
328873
328874
328875
328876
328877
329351
329352
329353
329354
329355
329356
329357
329358
329359
329805
329806
329807
329808
329809
329811
329812
329813
330262
330263
330264
330265
330266
330267
330268
330269
330270
330271
330272
330728
330729
330730
330731
330732
330733
330734
330735
330736
330737
331204
331205
331206
331207
331208
331209
331210
331211
331667
331668
331669
331670
331672
331674
331675
331676
331677
331678
332155
332156
332157
332158
332159
332160
332162
332163
332640
332641
332642
332643
332644
332645
332646
332647
332648
332649
332650
332651
333122
333123
333124
333125
333126
333127
333128
333129
333130
333132
333606
333607
333608