45677
45678
45679
45680
45681
45682
45683
46184
46185
46186
46187
46188
46189
46190
46191
46192
46681
46682
46683
46684
46685
46686
46687
46688
47145
47146
47147
47148
47149
47150
47151
47152
47605
47606
47607
47608
47609
47610
47611
47613
47614
47615
47616
47617
47618
48050
48051
48053
48054
48055
48056
48057
48058
48059
48060
48061
48520
48521
48522
48523
48524
48525
48526
48527
48528
49000
49003
49004
49005
49006
49007
49008
49009
49474
49475
49476
49477
49478
49954
49955
49956
49957
49958
49959
49960
50425
50426
50427
50428
50429
50430
50908
50909
50910
50911
51381
51382
51383
51842
51843