471728
471729
471730
471731
471982
471983
471984
471985
471986
471987
471988
471989
471990
472265
472266
472267
472268
472269
472270
472271
472272
472273
472274
472275
472565
472566
472567
472568
472569
472570
472571
472572
472573
472574
472575
472576
472869
472870
472871
472872
472873
472874
472875
472876
473167
473168
473169
473170
473171
473172
473173
473174
473175
473176
473177
473464
473465
473467
473468
473469
473470
473471
473473
473474
473475
473789
473790
473791
473792
473793
473794
473795
473796
473797
473798
473799
473800
473802
474117
474118
474119
474120
474121
474122
474123
474124
474125
474126
474129
474130
474131
474443
474444
474445
474446
474447
474448
474449
474451
474778