470035
470036
470037
470038
470282
470283
470284
470285
470286
470287
470288
470289
470290
470528
470529
470530
470531
470532
470533
470534
470535
470536
470792
470793
470794
470795
470796
470797
470798
470799
471069
471070
471071
471072
471073
471074
471075
471076
471342
471343
471344
471345
471346
471621
471622
471623
471874
471875
471876
472151
472152
472153
472447
472448
472449
472450
472451
472452
472747
472749
473046
473049
473050
473051
473347
473349
473350
473351
473352
473353
473650
473651
473652
473654
473656
473979
473980
473981
473982
473983
474297
474298
474299
474300
474301
474624
474625
474626
474627
474628
474629
474940
474941
474942
474943
474944
475266
475267
475269
475604