189165
189762
190340
190341
190905
190906
190907
190908
190909
190910
190911
190912
191469
191470
191471
191472
191473
191474
191475
191476
191477
192036
192037
192038
192039
192040
192041
192042
192593
192594
192595
192596
192597
192598
192599
192600
192601
192602
193154
193155
193156
193157
193158
193159
193160
193161
193162
193709
193716
194273
194274
194278
194279
194836
194837
194838
194839
194840
194841
194842
195371
195372
195373
195374
195375
195376
195377
195378
195379
195380
195381
195908
195909
195910
195911
195912
195913
195914
195915
195916
196435
196436
196437
196438
196439
196440
196441
196442
196443
196444
196954
196955
196956
196957
196958
196959
196960
197476
197477
198033