56714
56715
57223
57229
57235
57787
57788
57789
57792
57793
57794
57796
57797
57798
58340
58341
58342
58343
58344
58345
58348
58349
58350
58351
58352
58353
58354
58894
58895
58896
58897
58898
58899
58901
58902
58904
58905
58906
58907
58908
58909
58910
59472
59473
59474
59475
59478
59479
59481
59482
59483
59484
59485
59486
59487
59489
60070
60071
60072
60073
60074
60075
60076
60077
60078
60079
60080
60081
60082
60083
60084
60085
60086
60684
60685
60686
60687
60688
60689
60690
60691
60692
60693
60694
60695
60696
60697
60698
60699
61285
61286
61287
61288
61289
61293
61294
61870
61871
61872
61873