230321
230322
230323
230324
230855
230856
230857
230858
231406
231408
231409
231960
231961
231962
231963
231964
231965
231966
231972
231973
231974
231975
231976
232523
232524
232525
232526
232527
232528
232534
232535
232536
232537
232538
232539
232540
232541
232542
232543
232544
232545
232546
233120
233121
233122
233123
233124
233125
233128
233130
233131
233132
233133
233134
233135
233136
233137
233138
233139
233140
233141
233142
233143
233702
233703
233704
233705
233706
233707
233708
233709
233710
233711
233712
233713
233716
233719
233720
233721
234254
234255
234256
234257
234258
234259
234260
234261
234262
234263
234264
234265
234271
234272
234273
234274
234275
234802
234803
234811
234817