169514
170031
170032
170554
170558
170559
170560
170561
170562
171104
171105
171106
171107
171108
171109
171110
171111
171112
171622
171623
171624
171625
171627
171628
171629
171630
171631
171632
172146
172147
172148
172149
172150
172151
172152
172153
172658
172659
172660
172661
172662
172663
172664
172665
172666
173165
173166
173167
173168
173169
173170
173171
173172
173689
173690
173691
173693
173694
173695
173696
173697
173698
174213
174214
174215
174216
174218
174219
174220
174222
174755
174756
174757
174758
174759
174760
174761
174762
174763
174764
175278
175279
175280
175281
175282
175283
175284
175285
175286
175811
175812
175813
175814
175815
175816
175817
176407
176408
176409
176410