179447
179448
179449
180088
180089
180090
180091
180093
180094
180740
180741
180742
180743
180744
180745
180746
180747
180749
181403
181404
181405
181406
181407
181408
181409
181410
181411
181412
182067
182068
182069
182070
182071
182072
182073
182074
182075
182076
182077
182710
182711
182712
182713
182714
182715
182716
182717
182718
182719
183345
183346
183347
183348
183349
183350
183351
183352
183353
183354
183930
183931
183932
183933
183934
183935
183936
183937
183938
183939
183940
183941
184528
184529
184530
184531
184532
184533
184534
184535
184536
184537
184538
184539
184540
185149
185150
185151
185152
185153
185156
185157
185794
185795
185796
185797
185798
185799
185800
186444
186445