101487
101488
101489
101490
101492
101493
102146
102154
102155
102156
102158
102159
102160
102161
102752
102753
102754
102756
102757
102760
102761
102763
102764
102765
102766
102767
103376
103377
103378
103379
103380
103383
103386
103388
103389
104003
104004
104005
104006
104007
104008
104009
104010
104011
104012
104014
104015
104016
104628
104629
104630
104631
104632
104634
104637
104638
104639
105261
105262
105263
105264
105269
105867
105868
105872
105874
105875
106481
106486
106487
106488
106489
106490
106491
107090
107093
107094
107685
107686
107688
107689
108291
108292
108295
108296
108297
108919
108920
108921
108922
108923
108924
108925
108926
109569
109570
109571
109572
109573
109574