456347
456678
456679
456680
456681
457004
457005
457006
457007
457008
457009
457319
457320
457321
457322
457323
457639
457640
457641
457642
457945
457946
457949
457950
457951
458242
458243
458244
458245
458246
458247
458541
458542
458543
458544
458545
458546
458547
458548
458549
458550
458551
458851
458852
458853
458854
458855
458856
458857
458858
458859
458860
458861
458862
458863
459169
459170
459171
459172
459173
459174
459176
459177
459178
459179
459181
459182
459469
459470
459471
459472
459473
459475
459476
459477
459478
459771
459772
459773
459774
459775
459776
460069
460070
460072
460377
460689
461002
461003
461308
461309
461628
461629
461955
461956
461957
462278
462590
462591
462914