19321
19322
19323
19324
19869
19870
19871
19872
20412
20415
20416
20423
20968
20969
20971
20972
20973
20974
20975
20976
20977
20978
20979
20982
20983
21513
21514
21515
21516
21517
21518
21519
21520
21521
21522
21523
21524
21525
21526
21527
21528
21530
22052
22053
22054
22058
22059
22060
22061
22062
22063
22064
22065
22066
22067
22068
22069
22587
22588
22595
22596
22597
22599
22600
22601
22603
23112
23113
23114
23121
23122
23125
23126
23127
23128
23129
23132
23133
23134
23645
23652
23653
23658
23659
23660
23661
23662
23663
23664
24162
24163
24169
24178
24179
24180
24181
24182
24183
24666
24667