490706
490707
490708
490709
490710
490711
490712
490713
491099
491100
491101
491102
491103
491104
491105
491106
491107
491498
491499
491500
491501
491502
491503
491504
491505
491506
491507
491906
491907
491908
491909
491910
491911
491912
491913
491914
491915
492324
492325
492326
492327
492328
492330
492735
492741
492742
492743
492744
492745
492746
492747
492748
493171
493172
493173
493174
493175
493176
493177
493178
493179
493180
493181
493592
493593
493594
493595
493596
493599
493600
493601
493602
493603
494019
494020
494023
494024
494025
494026
494463
494464
494465
494466
494467
494920
494921
494922
495371
495372
495373
495374
495836
495837
495838
495839
495840
496287
496288
496289
496743