483536
483538
483539
483541
483542
483543
483888
483889
483890
483891
483892
483893
483894
483895
483896
483897
484225
484226
484227
484228
484229
484230
484231
484233
484234
484235
484554
484555
484556
484557
484558
484559
484560
484561
484562
484563
484878
484879
484880
484881
484882
484883
484884
484886
485202
485203
485204
485205
485206
485207
485209
485550
485551
485552
485553
485554
485555
485556
485880
485881
485882
485883
486189
486190
486191
486192
486193
486506
486847
486848
486849
486850
487216
487217
487218
487219
487581
487582
487583
487584
487958
487959
487960
487961
487962
487963
488348
488349
488350
488351
488352
488756
488757
488758
488759
489155
489156
489157
489580
489581