435786
435787
435788
435789
436250
436251
436252
436253
436254
436705
436706
436707
437140
437141
437142
437143
437603
437604
437605
437606
438052
438507
438508
438946
438947
439385
439386
439799
439800
439801
439802
439803
440187
440188
440571
440572
440573
440958
440959
440960
440961
440962
440963
440964
441354
441355
441356
441357
441358
441359
441360
441726
441727
441728
441729
441730
441731
441732
442075
442076
442077
442078
442079
442437
442439
442440
442441
442442
442443
442444
442445
442796
442797
442798
442799
442800
442801
442802
442803
442804
442805
443171
443172
443173
443174
443175
443176
443177
443178
443179
443180
443538
443539
443540
443541
443542
443543
443913
443914
443915