202521
203097
203098
203099
203100
203101
203102
203676
203677
203678
203679
203680
203681
203682
204233
204234
204235
204238
204239
204785
204786
204787
204788
204789
204792
204794
205329
205330
205331
205332
205333
205334
205335
205336
205337
205338
205879
205880
205881
205882
205883
205884
205885
205886
205887
205889
205890
205891
205892
206433
206434
206435
206436
206437
206438
206439
206440
206441
206442
206443
206444
206981
206982
206983
206984
206985
206986
207513
207514
207515
207517
207518
207519
207520
208032
208033
208034
208035
208037
208038
208039
208537
208538
208539
208540
208541
208542
208543
208544
209034
209035
209036
209037
209038
209039
209040
209513
209514
209515
209516