455745
456099
456100
456101
456102
456103
456104
456105
456446
456447
456448
456450
456451
456452
456453
456454
456459
456780
456781
456782
456784
456785
456787
456788
456789
456790
456791
457104
457107
457111
457112
457113
457114
457423
457424
457425
457426
457427
457428
457429
457430
457431
457432
457741
457742
457743
457744
457745
457746
457747
457748
457749
457750
457751
458038
458039
458040
458041
458042
458043
458044
458045
458046
458047
458048
458049
458050
458051
458052
458340
458341
458342
458343
458344
458345
458349
458350
458351
458352
458649
458650
458651
458652
458653
458654
458658
458957
458958
458959
458960
458961
458962
458965
459272
459273
459274
459571
459572
459573
459871