439494
439909
439910
439911
440294
440295
440296
440297
440682
440683
440684
440685
440686
440688
440689
441069
441070
441071
441072
441073
441074
441075
441469
441470
441471
441472
441473
441474
441475
441476
441840
441841
441842
441843
441844
441845
441846
441847
441848
441849
442186
442187
442188
442189
442190
442191
442192
442546
442547
442548
442549
442550
442551
442552
442553
442905
442906
442907
442908
442909
442910
442911
442912
442913
442914
443279
443280
443281
443282
443283
443284
443285
443286
443287
443288
443289
443648
443649
443651
443652
443653
443654
443655
443656
443657
443658
444015
444016
444017
444018
444019
444020
444382
444383
444384
444385
444386
444387
444741
444744