89444
89983
89984
90507
90508
90509
90510
91059
91060
91061
91062
91628
91629
91630
91631
92197
92198
92199
92200
92783
92784
92785
92786
92787
93373
93374
93375
93376
93377
93378
93379
93380
94007
94008
94009
94010
94011
94012
94013
94611
94612
94613
94614
94615
94616
94617
94618
95238
95239
95240
95241
95242
95246
95247
95904
95905
95906
95907
95910
95911
95912
96541
96542
96543
96544
96545
96546
96547
96548
96549
97201
97202
97203
97204
97205
97206
97207
97208
97209
97819
97820
97821
97822
97823
97824
97825
97826
97827
98432
98433
98434
98435
98436
98437
98438
99059
99060
99061
99702
99703