41969
42542
42543
42544
42545
42546
42547
42548
42549
42550
42551
42552
42555
43117
43118
43119
43120
43121
43122
43123
43125
43126
43662
43663
43665
43666
43667
43668
43669
43670
43671
43672
43673
43674
44213
44214
44215
44216
44217
44218
44219
44220
44221
44222
44223
44224
44745
44746
44747
44748
44749
44750
44751
44752
44753
44754
45271
45272
45273
45274
45275
45276
45277
45278
45279
45280
45281
45282
45791
45792
45793
45794
45795
45796
45797
45798
46304
46305
46306
46307
46785
46786
46787
46788
47254
47255
47256
47257
47698
47699
47700
48152
48153
48154
48624
48625
48626
49091
49092
49093