430268
430791
431331
431847
431848
431849
431850
431851
432354
432355
432356
432357
432358
432876
432877
432878
432879
432880
432881
433396
433397
433398
433399
433400
433401
433896
433897
433898
433899
433900
434390
434391
434392
434393
434395
434880
434881
434882
434883
434884
434885
434886
434887
434888
434891
435390
435391
435392
435393
435394
435395
435396
435397
435398
435400
435877
435878
435879
435880
435881
435882
435883
435884
435885
435886
436347
436348
436349
436350
436351
436352
436353
436354
436355
436796
436799
436800
436801
436802
436803
437235
437240
437241
437242
437243
437244
437690
437696
437697
437698
438136
438137
438138
438139
438146
438147
438148
438592
438601
438602