186041
186042
186681
186682
186683
186689
187296
187297
187298
187299
187300
187301
187302
187303
187307
187308
187907
187908
187909
187910
187911
187912
187913
187915
187916
188520
188521
188522
188523
188524
188525
188526
188527
188528
188529
188530
189135
189136
189137
189138
189139
189140
189141
189142
189143
189144
189145
189146
189147
189733
189736
189737
189738
189739
189740
190307
190309
190310
190312
190313
190314
190315
190316
190879
190880
190881
190882
190883
190884
190885
190886
191439
191444
191445
191446
191447
191448
191449
192010
192011
192012
192013
192014
192015
192565
192566
192567
192568
192570
193119
193120
193121
193122
193123
193679
193680
193683
194235
194236
194797