250631
250632
251180
251181
251182
251726
251727
251728
251729
251730
251731
251732
251733
252304
252306
252307
252308
252309
252310
252311
252312
252313
252314
252893
252894
252895
252896
252897
252898
252899
252900
252901
252902
253476
253477
253478
253479
253480
253481
253482
253483
254049
254050
254051
254052
254053
254054
254055
254056
254057
254651
254652
254653
254654
254655
254656
254657
255268
255269
255270
255273
255274
255275
255276
255277
255869
255870
255871
255873
255874
255875
255876
255877
256489
256490
256491
256492
256493
256494
256495
256496
257105
257106
257107
257108
257109
257110
257111
257112
257113
257725
257726
257728
257729
257730
257731
257732
258335
258336
258337