175524
176102
176103
176104
176715
176716
176717
177346
177347
177348
177349
177350
177351
177352
177984
177985
177986
177987
177988
177989
178637
178638
178639
178640
178641
178642
179270
179272
179273
179274
179275
179276
179898
179899
179900
179901
179902
179903
179904
179905
180542
180543
180544
180545
180546
180547
180548
181220
181221
181223
181224
181225
181872
181873
181875
181876
181877
181878
181879
181880
181881
182515
182516
182517
182518
182519
182520
182521
182522
182523
182524
182525
183143
183146
183147
183148
183149
183150
183151
183759
183760
183761
183762
183763
183764
184345
184346
184347
184348
184350
184351
184955
184956
184957
184959
184960
185584
185585
185586
185587