475239
475247
475579
475580
475582
475583
475584
475585
475587
475588
475589
475590
475904
475905
475906
475907
475908
475909
475910
475911
475912
475913
475914
475915
476243
476244
476245
476246
476247
476248
476250
476251
476252
476253
476588
476589
476590
476591
476592
476593
476594
476595
476596
476597
476598
476599
476600
476949
476950
476951
476952
476953
476954
476955
476956
476961
477307
477308
477309
477310
477311
477673
477674
477675
477676
477677
477678
477679
477680
477681
478052
478053
478054
478055
478056
478057
478418
478419
478420
478421
478422
478423
478424
478425
478426
478765
478766
478767
478768
478769
478770
478771
478772
479113
479114
479115
479116
479117
479118
479437