216338
216339
216911
216912
216913
216914
216915
216916
217479
217480
217481
217482
217483
217484
217485
218045
218046
218047
218048
218049
218050
218051
218602
218603
218604
218605
218606
218607
218608
219139
219140
219141
219143
219144
219145
219653
219654
219655
219657
219658
219659
219660
220189
220190
220191
220192
220193
220194
220195
220196
220197
220198
220199
220759
220760
220761
220762
220763
220764
220765
220766
220767
220768
220769
221321
221322
221323
221324
221325
221326
221327
221328
221329
221867
221868
221869
221870
222392
222393
222919
222920
223431
223432
223433
223436
223968
223969
223970
223971
223972
223973
224486
224487
224488
224489
224490
224491
224995
224997
224998