282085
282086
282087
282088
282674
282675
282676
283281
283282
283283
283284
283285
283888
283889
283890
283891
284502
284503
284504
284505
284506
285108
285109
285110
285682
285683
285684
286216
286223
286224
286225
286226
286745
286749
286750
286751
286752
286753
286754
286755
286756
286757
287259
287260
287264
287265
287266
287267
287268
287269
287270
287271
287272
287273
287767
287768
287769
287770
287771
287772
287773
287774
287775
287776
287777
287778
287779
287780
287781
287782
288299
288302
288303
288304
288305
288306
288307
288308
288309
288820
288821
288822
288823
288824
288825
288830
289310
289312
289313
289314
289318
289319
289793
289794
289795
289796
289797
290290
290291
290292