330366
330828
330829
330830
330831
331299
331300
331301
331302
331303
331304
331305
331767
331768
331769
331772
332251
332255
332256
332742
333228
333707
333708
334155
334156
334609
334610
335064
335514
335515
335516
335977
335979
336437
336438
336439
336440
336923
336924
336925
336926
336927
337440
337441
337442
337443
337444
337965
337968
337969
337970
337971
337972
337973
337974
338508
338509
338510
338511
338512
338513
338514
338515
338516
338517
339042
339043
339044
339045
339046
339047
339048
339049
339568
339569
339570
339571
339572
339573
339574
339575
340098
340099
340100
340101
340102
340103
340104
340645
340646
340647
340648
340649
340650
341204
341205
341207
341208
341720
342238