427761
428275
428276
428277
428788
428789
428790
428791
428792
428793
429324
429325
429326
429327
429328
429867
429868
429869
429870
429871
430402
430403
430404
430405
430924
430925
430926
430928
431454
431455
431456
431457
431458
431459
431460
431964
431965
431967
431968
431969
431970
431971
432477
432478
432479
432480
432481
432482
432483
432484
432485
432486
432487
432488
432489
432996
432997
432998
432999
433000
433001
433002
433003
433004
433005
433006
433516
433517
433518
433519
433520
433521
433522
433523
433524
433525
434022
434023
434024
434025
434026
434027
434028
434029
434515
434516
434517
434518
434519
434520
434521
435011
435012
435013
435014
435015
435016
435017
435513
435514