188028
188029
188641
188642
188643
189249
189250
189251
189252
189253
189254
189256
189257
189843
189844
189845
189846
189847
189848
189849
190422
190423
190424
190425
190426
190427
190428
190989
190990
190991
190992
190993
190994
190995
191549
191550
191551
191552
191553
191554
191555
191556
191557
191558
191559
191560
191561
191562
192121
192122
192123
192124
192125
192126
192127
192128
192129
192130
192131
192132
192133
192134
192680
192681
192682
192686
193233
193239
193240
193241
193777
193778
193779
193784
193785
193786
194337
194338
194340
194341
194342
194343
194344
194345
194346
194347
194348
194907
194908
194909
194910
194913
194914
194915
194916
194917
195447
195448
195449
195454