216985
216986
216987
216988
216989
216990
216991
217555
217556
217557
217558
217559
217560
217562
217563
218112
218113
218114
218115
218116
218117
218118
218119
218671
218672
218674
218675
218676
218677
218678
219199
219200
219201
219202
219203
219204
219727
219728
219729
219730
219731
219732
220265
220266
220267
220268
220269
220842
220843
220844
220845
220846
220849
221405
221406
221407
221408
221412
221946
221947
221948
221949
221950
221951
221952
221953
221954
221955
221956
222469
222470
222471
222472
222475
222990
222991
222992
222996
222997
223492
223493
223499
224032
224033
224036
224039
224549
224550
224551
224552
224555
225068
225069
225070
225071
225582
225583
225584
225585
226092