226202
226718
226719
226720
226721
226722
227215
227216
227217
227218
227219
227220
227221
227719
227720
227721
227722
227723
227724
227725
227726
228236
228243
228244
228245
228246
228247
228767
228768
228769
228771
228772
228776
228778
228779
228780
228781
228782
229293
229294
229295
229296
229297
229298
229299
229300
229301
229302
229303
229304
229305
229306
229823
229825
229826
229827
229828
229829
229830
229831
229832
229833
229834
229835
229836
229837
230370
230371
230372
230373
230374
230375
230376
230377
230378
230379
230380
230381
230382
230900
230901
230902
230903
230904
230905
230906
230907
230908
230909
230910
230911
230912
230913
231458
231460
231461
231462
231463
231464
231465