122213
122214
122215
122737
122738
122739
122740
122741
122742
122743
122744
123267
123276
123277
123278
123279
123280
123282
123283
123841
123842
123850
123851
123857
124403
124404
124405
124406
124407
124414
124415
124416
124951
124952
124953
124954
124955
124957
124963
124964
125504
125505
125506
125507
125508
125509
125510
125511
125512
125513
125514
125515
125516
125517
125518
125519
126057
126058
126059
126060
126061
126062
126063
126064
126065
126066
126067
126068
126069
126070
126071
126072
126618
126619
126620
126621
126622
126623
126624
126625
126626
126630
127169
127170
127172
127173
127174
127175
127176
127177
127704
127706
127707
127708
127709
127710
127711
128234
128237
128238