455673
455674
456025
456026
456027
456028
456029
456030
456375
456376
456377
456378
456379
456380
456381
456714
456715
456716
456717
456718
456719
456720
456721
457041
457042
457043
457044
457045
457046
457047
457358
457359
457361
457362
457680
457681
457985
457986
457987
458277
458278
458279
458280
458281
458282
458283
458284
458285
458580
458581
458582
458583
458584
458585
458586
458587
458888
458889
458890
458891
458892
458893
458894
459204
459205
459206
459207
459208
459211
459500
459502
459503
459504
459506
459507
459803
459804
459807
459808
460105
460417
460418
460419
460420
460421
460422
460722
460723
460724
460725
460726
460728
460729
461030
461032
461033
461034
461343
461344
461345