380986
380987
380988
381562
381563
381564
381567
381568
381570
381571
381572
381573
382119
382120
382121
382122
382123
382124
382125
382126
382127
382128
382663
382664
382665
382666
382667
382668
382669
383245
383246
383247
383248
383249
383250
383251
383252
383253
383254
383255
383256
383259
383819
383822
383823
383824
383825
383826
383827
383828
383829
383830
383833
384399
384400
384403
384407
384408
384409
384410
384411
384412
384413
384968
384969
384971
384972
384975
384976
384977
384978
384979
384980
384981
385520
385521
385522
385523
385524
385525
385526
386080
386081
386082
386083
386084
386085
386625
386626
387175
387176
387177
387725
387726
387727
388278
388280
388829
389374
389375