346792
347344
347920
347921
347922
347923
348490
348491
348493
348494
348495
348496
348497
348498
348499
348500
348501
349090
349092
349093
349094
349095
349096
349097
349100
349101
349696
349701
349702
349703
349704
349705
349706
349707
349708
350290
350291
350292
350293
350297
350298
350299
350300
350301
350302
350303
350304
350305
350306
350307
350863
350864
350865
350866
350867
350868
350869
350870
350871
350872
350873
350874
350876
350877
351433
351434
351435
351436
351437
351438
351439
351440
351445
351446
351998
351999
352000
352001
352002
352003
352004
352005
352006
352007
352008
352557
352558
352559
352560
352561
352562
352563
352564
353116
353117
353118
353119
353120
353121
353711