35478
35479
35480
35977
35978
35979
35980
36465
36466
36935
36936
36937
36938
37410
37411
37412
37413
37414
37415
37416
37417
37889
37890
37891
37892
37893
37894
37895
37896
37897
37898
37899
37900
37901
37902
37903
38379
38380
38381
38382
38383
38384
38385
38386
38387
38388
38389
38390
38391
38393
38394
38892
38893
38894
38895
38896
38897
38898
38899
38900
38901
38902
38903
38904
38907
39417
39418
39419
39420
39421
39422
39423
39424
39425
39426
39428
39429
39430
39948
39949
39950
39951
39952
39953
39954
39955
39956
39957
39958
40475
40476
40477
40478
40480
40481
41006
41007
41008
41009
41565