270668
270669
270670
270671
271325
271327
271328
271329
271331
271332
271333
271334
271978
271980
271981
271982
271983
271984
271985
271986
271987
272627
272628
272629
272630
272631
272632
272633
272635
272636
273270
273271
273272
273273
273274
273275
273276
273924
273925
273926
273927
274569
274570
274571
274572
274573
274574
275194
275195
275196
275197
275198
275199
275200
275201
275202
275833
275834
275835
275836
275837
275838
275839
275840
275841
276481
276482
276483
276484
276485
276486
276487
277098
277099
277100
277101
277102
277103
277104
277105
277715
277716
277717
277718
277719
277721
277722
278327
278328
278329
278330
278331
278332
278333
278334
278931
278932
278933
278934
278935