331204
331667
331668
331669
331670
331671
331672
332155
332156
332157
332158
332159
332160
332640
332641
332642
332643
332644
332645
332646
332647
332648
333122
333123
333124
333125
333126
333127
333128
333129
333130
333131
333132
333133
333606
333607
333608
333609
333610
333611
333612
333613
333614
333615
333616
333617
334052
334053
334054
334055
334056
334057
334058
334059
334060
334510
334511
334512
334513
334514
334966
334967
335410
335411
335869
335870
335871
335872
335873
336334
336335
336336
336337
336338
336339
336340
336341
336822
336823
336826
336827
336828
336829
336830
337333
337334
337336
337337
337850
337855
337856
337857
338390
338391
338392
338393
338398
338929
338930
339452