172595
172596
173102
173103
173104
173105
173620
173621
173622
173623
173624
174143
174144
174145
174146
174147
174686
174687
174688
174689
174690
175217
175218
175751
175752
175753
176343
176344
176345
176964
176965
176966
176967
177613
177614
177615
177616
178259
178260
178261
178904
178905
178906
179555
179556
179557
180197
180198
180857
180858
180859
181538
181539
181540
181541
181542
182209
182210
182211
182212
182213
182214
182850
182851
182852
182853
182854
182855
183482
183483
183484
183485
184068
184069
184070
184071
184676
184677
185297
185298
185299
185943
185944
185945
185946
186587
186588
186589
186590
186591
187208
187209
187210
187211
187212
187213
187816
187817
188423
188424