25382
25383
25384
25385
25885
25886
25887
25888
26381
26382
26383
26384
26385
26386
26387
26388
26389
26390
26871
26872
26874
26875
26876
26877
27365
27366
27367
27368
27369
27370
27371
27372
27865
27866
27867
27868
27869
27870
27871
27872
27873
28362
28363
28364
28365
28366
28367
28368
28369
28370
28371
28372
28373
28840
28841
28842
28843
28844
28845
28846
28847
28848
28851
29300
29301
29302
29303
29304
29305
29306
29307
29308
29309
29312
29775
29776
29777
29778
29779
29780
29782
29783
29784
30245
30246
30247
30248
30249
30250
30251
30252
30254
30255
30256
30746
30747
30748
30749
31249
31250