491184
491594
491595
492011
492012
492013
492014
492432
492433
492434
492435
492853
492854
492855
492856
492857
492858
493286
493287
493288
493289
493290
493291
493292
493293
493715
493716
493717
493718
493719
493722
493723
494149
494150
494151
494152
494153
494154
494155
494156
494157
494158
494159
494160
494604
494605
494606
494607
494608
494609
494610
494611
494612
494613
495056
495057
495058
495059
495060
495061
495062
495063
495065
495066
495067
495508
495509
495510
495511
495512
495513
495514
495515
495517
495518
495519
495960
495961
495962
495963
495965
495966
495967
495969
495970
495971
496410
496411
496414
496415
496416
496417
496418
496863
496864
496865
496866
496867
497347
497348