178491
179120
179121
179122
179763
179764
180410
180411
180412
181068
181069
181070
181071
181072
181723
181724
181725
181729
181730
181731
181732
181733
181734
182369
182370
182371
182372
182376
182377
182378
182379
182380
183008
183009
183010
183011
183015
183016
183017
183628
183629
183630
183631
183632
183633
183634
183638
183639
183640
184208
184209
184210
184211
184212
184213
184214
184215
184216
184217
184220
184221
184814
184815
184816
184817
184818
184820
184821
184825
184826
185446
185447
185448
185449
185450
185451
185454
185455
185456
185457
186084
186085
186086
186087
186088
186089
186090
186091
186092
186093
186094
186095
186096
186728
186729
187353
187957
187958
188561
188562