286381
286382
286383
286384
286907
286908
286909
286910
286911
287425
287426
287427
287428
287429
287430
287431
287432
287936
287937
287938
287939
287940
287941
287942
287943
287944
288469
288470
288471
288472
288473
288474
288475
288476
288477
288478
288479
288480
288984
288985
288986
288989
288990
288991
288992
288993
288994
288995
288996
288997
289471
289472
289474
289475
289476
289477
289478
289479
289480
289481
289482
289483
289988
289989
289990
289991
289992
289993
289994
289995
289996
289997
289998
290002
290485
290486
290487
290488
290492
290494
290495
290499
290968
290974
290975
290976
291443
291444
291445
291913
291914
292406
292407
292408
292409
292410
292411
292901
292902
292903