130
496822
497307
497308
497309
497792
497793
497794
497795
497797
498280
498283
498284
498289
498788
498789
498792
498793
498794
498797
498798
498799
498800
499307
499308
499309
499310
499311
499312
499313
499314
499315
499316
499317
499318
499830
499831
499832
499833
499835
499836
499837
499838
499839
499841
499842
499843
499844
499845
499846
500367
500368
500372
500373
500374
500375
500376
500377
500378
500379
500380
500382
500383
500913
500914
500915
500916
500917
500919
500920
501435
501436
501437
501438
501440
501441
501442
501947
501948
501949
501950
501951
501952
501955
501956
501957
502410
502411
502412
502413
502414
502415
502416
502420
502868
502869
502870
502871
502872
503337