339284
339285
339809
339810
340341
340342
340343
340344
340345
340346
340886
340887
340888
340889
340890
340891
340892
340893
340894
340895
341436
341437
341438
341439
341440
341441
341442
341443
341444
341942
341943
341944
341945
341946
341947
341948
341949
341950
341951
342481
342482
342483
342484
342485
342486
342487
343031
343032
343033
343034
343035
343036
343037
343596
343597
343598
343599
343600
343601
343602
343603
344157
344158
344159
344160
344161
344162
344699
344700
344701
344702
344703
344704
344705
345237
345238
345239
345240
345241
345242
345243
345244
345789
345790
345791
345792
345793
345794
345795
345796
346331
346332
346333
346334
346335
346878
346879
346880
346881
346882