351614
351615
352167
352168
352169
352172
352173
352174
352177
352178
352725
352726
352727
352729
352730
352731
352732
352733
352734
352735
352736
353290
353291
353292
353293
353294
353295
353296
353297
353298
353299
353300
353301
353878
353879
353880
353881
353882
353883
353884
353885
353886
353887
354465
354466
354467
354468
354469
354470
354471
354472
354473
354474
355048
355049
355050
355051
355052
355053
355054
355055
355056
355057
355058
355059
355060
355061
355062
355646
355647
355648
355649
355650
355651
355652
355653
355654
355655
356219
356220
356221
356222
356223
356225
356226
356227
356796
356797
356798
356799
356800
357352
357353
357354
357355
357914
357915
357916
357917
358460