105437
105438
106035
106036
106037
106038
106039
106040
106041
106647
106648
106649
106650
106651
106652
106653
106654
106655
106656
106657
107248
107249
107250
107251
107252
107253
107254
107255
107256
107257
107258
107259
107260
107261
107262
107263
107849
107850
107851
107852
107853
107854
107855
107856
107857
107858
107859
107860
107861
108459
108460
108461
108462
108463
108464
108465
108466
108467
108468
108469
109108
109109
109110
109111
109112
109113
109114
109115
109116
109117
109741
109742
109743
109744
109745
109746
109747
109748
109749
109750
109751
110372
110373
110374
110375
110376
110379
111002
111003
111004
111005
111006
111009
111629
111630
111631
111632
112214
112215
112216