349712
349713
350312
350313
350316
350317
350881
350882
350885
351452
351453
351455
351456
352016
352017
352018
352019
352020
352021
352022
352023
352024
352025
352574
352575
352576
352577
352578
352579
352580
352581
352582
352583
352584
353132
353133
353134
353135
353136
353137
353138
353139
353140
353141
353142
353143
353724
353725
353726
353727
353728
353730
353731
353732
353733
354302
354303
354304
354305
354306
354307
354308
354309
354310
354311
354312
354313
354902
354903
354904
354905
354906
355510
355511
355512
355513
356095
356096
356097
356098
356100
356101
356672
356673
356674
356675
356676
356677
356678
356679
356680
357232
357233
357234
357235
357236
357237
357799
357800
357801