18940
18945
19479
19482
19483
19484
19485
20022
20024
20025
20026
20027
20028
20029
20030
20032
20584
20585
20586
20587
20588
20589
20590
20591
20592
20593
20594
21142
21143
21144
21145
21146
21147
21148
21149
21150
21151
21152
21684
21686
21687
21688
21689
21690
21691
21692
21693
21694
21695
21696
21697
21698
21699
22220
22221
22223
22224
22225
22226
22227
22228
22229
22230
22231
22232
22742
22743
22744
22745
22746
22747
22748
22749
22750
22751
22752
23270
23271
23272
23273
23274
23275
23276
23277
23278
23798
23799
23800
23801
23802
23803
24315
24316
24317
24318
24319
24320
24812
24813
24814