65736
65737
66288
66289
66290
66821
66822
66823
66824
66825
66827
66828
66829
66830
67351
67352
67353
67354
67355
67356
67357
67359
67360
67914
67915
67916
67917
67918
67919
67920
67921
67922
67923
67924
68452
68453
68454
68455
68456
68457
68458
68459
68460
68979
68980
68981
68982
68983
68984
68985
68986
68987
68988
69516
69517
69518
69519
69520
69521
69522
70056
70057
70058
70059
70060
70608
70609
70610
70611
70612
70613
71155
71156
71157
71158
71720
71721
71722
71723
72285
72286
72287
72855
72856
72857
73410
73411
73412
73413
73414
73415
73416
73968
73970
73971
73973
73974
74530
75093
75687