302411
302412
302954
302955
302959
303496
303497
303498
303501
303502
304038
304039
304040
304041
304042
304043
304044
304045
304046
304047
304048
304591
304592
304593
304594
304595
304596
304597
304598
304599
304600
304601
305139
305140
305141
305145
305146
305147
305148
305149
305689
305690
305691
305692
305693
305695
305696
305697
305698
306257
306258
306259
306260
306261
306262
306263
306264
306265
306266
306267
306806
306807
306808
306809
306810
306811
306812
306813
306814
307363
307364
307365
307366
307367
307368
307369
307371
307897
307898
307899
307900
307901
307902
307903
308447
308448
308449
308450
308451
308452
308998
308999
309000
309001
309002
309537
309538
309539
309540
309541