359925
360427
360428
360429
360430
360920
360921
360922
360923
360924
361419
361420
361422
361423
361424
361425
361938
361939
361940
361941
361942
362474
362476
362477
362478
363000
363001
363002
363490
363505
363506
363507
364012
364025
364026
364027
364028
364030
364532
364533
364534
364535
364536
364537
364538
364539
364543
364544
364545
364546
364547
364548
365040
365041
365042
365044
365048
365049
365050
365051
365052
365053
365054
365055
365056
365527
365528
365529
365530
365531
365532
365533
365534
365535
365536
365537
365538
365539
366001
366002
366003
366004
366005
366006
366007
366480
366481
366482
366483
366484
366485
366486
366487
366488
366979
366980
366981
366982
366983
367496