124024
124593
125145
125146
125147
125148
125701
125702
125703
125704
125705
125706
125707
126237
126238
126239
126240
126241
126242
126243
126244
126245
126246
126247
126248
126776
126777
126778
126779
126780
126781
126782
126783
126784
126785
126786
126787
126788
127320
127321
127322
127323
127324
127325
127326
127327
127328
127329
127330
127844
127845
127846
127847
127848
127849
127850
127851
127852
127853
128363
128364
128365
128366
128367
128368
128369
128370
128371
128372
128859
128860
128861
128862
128863
128864
128865
128866
129368
129369
129370
129371
129372
129373
129374
129375
129376
129882
129883
129886
129887
129888
129889
129890
130396
130397
130398
130399
130400
130909
130910