89050
89051
89555
89556
89557
89558
89559
89560
89561
90081
90082
90083
90084
90085
90086
90087
90088
90614
90615
90616
90617
90618
90619
90620
90621
90622
90623
90624
91163
91166
91167
91168
91169
91170
91171
91172
91173
91174
91175
91737
91738
91739
91740
91741
91742
91743
91744
91745
91746
91747
91748
91749
92305
92306
92307
92308
92309
92310
92311
92312
92313
92314
92315
92885
92886
92887
92888
92889
92890
92891
92892
92893
92894
92895
92896
93484
93485
93486
93487
93488
93489
93490
93491
93492
93493
94113
94114
94115
94116
94117
94721
94722
94723
94724
94725
95349
95350
95352
96005
96649