394098
394621
394622
394623
395153
395154
395700
395701
395702
395703
396264
396265
396266
396797
396798
396799
397321
397322
397323
397324
397325
397849
397850
397851
397852
397853
397854
398388
398389
398390
398391
398392
398393
398394
398395
398396
398957
398958
398959
398960
398962
398963
398964
399503
399504
399507
399508
399509
400027
400028
400029
400030
400031
400032
400033
400034
400524
400525
400527
400528
400529
400530
400531
401012
401013
401014
401017
401019
401020
401512
401513
401514
401519
401996
401997
401998
401999
402000
402001
402502
402503
402504
402505
402506
402507
402508
402509
402999
403000
403001
403002
403003
403479
403480
403481
403482
403483
403960
403961
404430