432957
432958
433476
433477
433478
433479
433480
433978
433979
433980
433981
433982
433983
433984
434479
434480
434482
434483
434975
434976
434977
434978
434979
435481
435482
435483
435484
435485
435486
435487
435488
435974
435975
435976
435977
435978
435979
435980
435981
435982
436427
436428
436430
436431
436433
436434
436435
436436
436880
436881
436882
436883
437324
437325
437326
437327
437328
437329
437330
437772
437773
437774
437775
437777
437778
437779
437780
437781
438221
438222
438224
438225
438226
438227
438228
438229
438230
438231
438232
438674
438675
438676
438677
438678
438679
438680
438681
438682
438683
439122
439123
439125
439126
439127
439128
439129
439546
439965
439966
439967