143965
143966
143970
144495
144496
144497
144498
144499
144500
144501
145043
145044
145045
145046
145047
145048
145049
145050
145607
145608
145609
145610
145611
145612
145613
145618
146177
146178
146179
146180
146181
146186
146187
146746
146747
146748
146749
146752
146753
146754
146755
146756
146757
146758
146759
147296
147297
147298
147299
147300
147301
147302
147303
147304
147305
147306
147307
147308
147842
147843
147844
147845
147846
147847
147848
147849
147850
147851
147852
148387
148388
148389
148390
148391
148392
148393
148394
148395
148396
148397
148398
148931
148932
148933
148935
148936
148937
148938
148939
148940
148941
148942
149471
149472
149475
149476
149478
149479
150007
150009