355510
355511
355512
356090
356091
356095
356096
356097
356098
356100
356101
356666
356667
356670
356671
356672
356673
356674
356675
356676
356677
356678
356679
356680
357226
357227
357228
357229
357230
357231
357232
357233
357234
357235
357236
357787
357788
357789
357790
357791
357793
357794
357795
357796
357797
357798
357799
357800
357801
358333
358334
358335
358336
358337
358338
358339
358340
358341
358342
358343
358870
358871
358872
358873
358874
358875
358876
358877
358878
358879
358880
359404
359405
359406
359407
359408
359409
359410
359411
359412
359413
359414
359415
359936
359937
359939
359940
359941
359942
359943
359944
359945
359946
360443
360444
360445
360936
360937
360938
360939