477732
477733
478100
478101
478102
478103
478104
478105
478463
478464
478465
478467
478468
478812
478813
478814
478815
478816
478819
478820
478821
478822
479159
479160
479161
479162
479163
479164
479165
479166
479167
479168
479169
479170
479477
479478
479479
479480
479481
479482
479483
479484
479485
479486
479791
479792
479793
479794
479795
479796
479797
479798
479799
479800
479801
480111
480112
480113
480114
480115
480116
480117
480433
480434
480435
480436
480437
480739
480740
480741
480742
480743
481048
481049
481050
481051
481052
481354
481355
481356
481357
481358
481359
481695
481696
481697
481698
481700
481701
481702
482048
482050
482051
482387
482388
482389
482719
482720
483065
483066