79380
79383
79962
79963
79964
79966
79967
79968
79969
79970
79971
79972
79973
80550
80551
80552
80553
80554
80555
80556
80557
80558
80559
81139
81140
81141
81142
81143
81149
81150
81151
81152
81153
81680
81681
81682
81684
81687
81688
81689
81690
81691
82269
82270
82271
82272
82273
82274
82275
82276
82277
82278
82279
82280
82868
82869
82870
82871
82872
82873
82874
82875
82876
82877
82878
82879
82880
82881
83450
83451
83452
83453
83454
83455
83456
83457
83458
83460
83461
84007
84008
84009
84010
84011
84012
84013
84016
84017
84570
84571
84572
84573
84574
85144
85145
85146
85147
85148
85722
85723