130716
131221
131222
131223
131224
131226
131742
131743
131744
131745
131746
131747
131748
131749
131751
131752
131753
131754
131755
132260
132261
132263
132264
132265
132266
132267
132268
132269
132270
132271
132272
132273
132274
132777
132778
132779
132780
132781
132782
132783
132784
132785
132786
132787
132788
132789
132790
133332
133333
133334
133335
133336
133337
133338
133339
133903
133904
133905
133906
133907
133908
134502
134503
134504
134505
134506
134507
134508
135084
135085
135086
135087
135088
135089
135090
135091
135688
135689
135690
135691
135692
135693
136295
136296
136297
136298
136299
136300
136901
136902
136903
136904
136905
136906
136907
137493
137494
137495
137496
138061