245870
246453
246454
246455
247048
247049
247050
247606
247612
247619
247620
248166
248167
248168
248169
248172
248174
248175
248178
248733
248734
248735
248736
248737
248738
248739
248740
248741
248742
248743
248744
248745
248746
248747
248748
248749
248750
248751
248752
249288
249289
249290
249291
249292
249293
249294
249295
249296
249297
249298
249299
249300
249301
249302
249303
249304
249846
249847
249848
249849
249850
249851
249852
249853
249854
249855
249856
249857
249860
250393
250394
250395
250397
250398
250399
250400
250401
250402
250403
250942
250943
250944
250945
250946
250947
251485
251486
251487
251488
252052
252053
252054
252055
252643
252644
252645
252646
252647
252648
253212