382331
382332
382876
382877
382878
382879
383445
383446
383447
383448
383451
384030
384035
384612
384613
384614
384615
384616
385166
385167
385168
385169
385170
385171
385172
385173
385710
385712
385713
385714
385715
385716
386269
386270
386271
386272
386273
386274
386275
386276
386277
386808
386809
386810
386811
386813
386814
386815
386816
387350
387351
387352
387353
387356
387913
387914
387915
387916
388470
388471
389014
389015
389016
389557
389558
389559
390099
390100
390101
390659
390660
391210
391211
391212
391213
391214
391215
391216
391768
391769
391770
391771
391772
391773
392314
392315
392316
392317
392318
392862
392863
393392
393393
393927
393928
393929
393930
393931
394453
394454