245107
245108
245718
245719
245720
245721
246302
246303
246304
246305
246306
246894
246895
246896
246897
247482
247483
247484
247485
247486
247487
247488
248045
248046
248047
248048
248049
248051
248613
248614
248617
248618
248620
248621
249159
249162
249163
249164
249165
249166
249167
249168
249169
249716
249717
249718
249720
249724
249725
249726
249727
249728
249729
249730
250252
250253
250254
250255
250256
250259
250260
250261
250262
250263
250266
250267
250268
250269
250270
250271
250796
250797
250798
250799
250800
250801
250802
250803
250804
250805
250808
250809
250810
250811
251355
251356
251357
251358
251359
251360
251361
251364
251365
251921
251922
251923
251924
251925
252517
252518