157784
158270
158271
158272
158273
158274
158276
158277
158724
158725
158726
158727
158728
158729
158730
158731
158732
158734
159180
159181
159182
159183
159184
159185
159188
159189
159190
159617
159618
159619
159620
159621
159624
159625
159626
159627
160054
160055
160056
160057
160058
160059
160060
160061
160062
160063
160486
160487
160488
160489
160490
160492
160493
160494
160495
160496
160916
160917
160918
160919
160920
160921
160922
160923
160924
160925
161372
161373
161374
161375
161376
161377
161378
161380
161381
161382
161383
161384
161385
161848
161849
161850
161851
161853
161854
161855
161856
161857
162344
162345
162346
162347
162352
162824
162825
162826
162827
162828
162829
163270