11503
12084
12659
12660
13251
13252
13254
13255
13848
13849
13850
13851
13852
13853
14445
14446
14447
14448
14451
15036
15037
15038
15041
15042
15616
15617
15618
15619
15620
15621
15624
15625
16192
16193
16194
16195
16196
16197
16198
16199
16200
16202
16203
16204
16205
16774
16775
16776
16777
16778
16779
16780
16781
16782
16783
16784
16785
16786
16787
17358
17359
17360
17361
17362
17363
17364
17365
17366
17367
17369
17928
17929
17930
17931
17932
17933
17934
17935
17936
18463
18464
18465
18466
18467
18468
19013
19014
19015
19016
19017
19018
19019
19557
19558
19559
19560
19561
20096
20097
20098