315059
315060
315061
315062
315063
315064
315504
315507
315508
315509
315510
315511
315514
315515
315516
315970
315971
315972
315973
315974
315975
315976
315979
315980
315981
316431
316432
316433
316434
316435
316436
316437
316438
316441
316442
316443
316446
316447
316889
316890
316891
316892
316893
316894
316895
316896
316897
316902
316903
316904
316905
316906
317375
317376
317377
317378
317379
317380
317381
317382
317383
317384
317385
317387
317388
317389
317392
317862
317863
317864
317865
317866
317867
317868
317869
317870
317871
317872
317873
317874
318369
318370
318371
318372
318373
318375
318376
318377
318378
318379
318380
318381
318382
318383
318887
318888
318889
318890
318892
318893