43814
43815
44374
44907
44908
44909
45437
45438
45439
45440
45441
45447
45954
45955
45956
45961
45962
45963
46463
46464
46466
46467
46468
46469
46470
46471
46472
46473
46939
46940
46941
46942
46943
46944
46945
46946
46947
46948
46949
47411
47412
47413
47414
47415
47416
47849
47850
47851
47852
47853
48319
48320
48321
48322
48323
48324
48325
48326
48786
48787
48788
48790
48791
48792
48793
48794
49241
49242
49243
49244
49245
49246
49247
49248
49249
49714
49715
49716
49717
49718
49719
49720
49721
49722
49723
49724
49725
50204
50205
50206
50207
50208
50209
50669
50670
50671
50672
50673
50674
51129