38664
38667
39171
39172
39174
39175
39176
39177
39178
39695
39698
39699
39700
39701
39702
39703
39704
39705
39706
39707
39708
40223
40224
40225
40226
40227
40228
40229
40230
40231
40232
40233
40234
40235
40236
40239
40753
40755
40756
40757
40758
40759
40760
40761
40762
40763
40764
40765
40766
40767
40768
40769
40771
40772
41288
41289
41290
41291
41292
41293
41294
41296
41297
41298
41299
41301
41302
41303
41304
41305
41306
41307
41309
41310
41311
41312
41852
41853
41854
41855
41856
41857
41858
41859
41860
41861
41865
41866
41867
41868
41869
41870
41872
41873
42420
42421
42434
42435
43007
43008