269396
270033
270671
271329
271330
271331
271332
271333
271334
271982
271983
271984
271985
271986
271987
272631
272632
272633
272634
272635
272636
272637
273273
273274
273275
273277
273278
273280
273282
273924
273925
273926
273927
273928
273929
273930
273931
273932
273933
273934
273935
273937
273938
274569
274570
274571
274573
274575
274576
274577
274578
274579
274580
274581
274582
275196
275197
275198
275199
275202
275203
275204
275205
275206
275207
275208
275209
275834
275840
275841
275842
275843
275844
275845
275846
275847
276489
276490
276491
276492
276493
276494
276495
276496
277106
277107
277108
277109
277110
277111
277112
277727
277728
277729
277730
278342
278343
278344
278948
278949