105452
105453
106058
106059
106671
106672
106673
107270
107271
107272
107274
107276
107277
107872
107873
107874
107875
107876
107877
107878
107879
107880
108490
108491
108492
108493
108494
108495
108496
108497
108498
108499
109139
109140
109141
109142
109143
109144
109145
109148
109773
109774
109775
109776
110403
110404
110405
110406
110407
110408
110409
111031
111032
111033
111034
111659
111661
111662
111663
111664
112243
112244
112245
112246
112247
112248
112249
112250
112843
112844
112845
112846
112847
112848
112849
112850
113435
113436
113437
113438
113439
113440
113441
113442
114007
114008
114009
114010
114011
114012
114014
114015
114549
114550
114555
114556
115107
115108
115114
115115