219204
219732
220267
220268
220269
220847
220848
220849
220850
220851
221409
221410
221411
221412
221413
221414
221415
221953
221954
221955
221956
221957
221958
221959
221960
221961
222476
222477
222478
222479
222480
222481
222482
222483
222484
222998
222999
223000
223001
223002
223003
223004
223500
223501
223506
223507
223508
224040
224041
224042
224043
224044
224045
224048
224049
224050
224556
224557
224558
224559
224560
224561
224563
224564
224565
225074
225076
225077
225078
225079
225080
225081
225082
225589
225590
225591
225592
225593
225594
225595
225596
226095
226096
226097
226098
226099
226100
226101
226102
226103
226104
226612
226613
226614
226615
226616
226618
226619
226620
227122