460046
460047
460049
460050
460051
460348
460349
460350
460351
460352
460353
460354
460355
460356
460357
460358
460359
460662
460663
460664
460665
460666
460668
460669
460670
460671
460672
460673
460674
460979
460980
460981
460982
460983
460984
460985
460986
460987
460988
460989
461285
461286
461287
461288
461289
461290
461291
461292
461293
461294
461295
461605
461606
461607
461608
461609
461610
461611
461612
461613
461614
461615
461616
461617
461618
461930
461931
461932
461933
461934
461935
461936
461937
461939
461940
461941
461942
461943
461944
461945
462252
462254
462255
462256
462257
462258
462259
462260
462261
462263
462571
462572
462573
462574
462575
462893
462896
462897
463208
463537