199564
200159
200160
200161
200162
200741
200742
200743
201289
201290
201291
201292
201293
201865
202433
202434
202435
203011
203012
203013
203014
203016
203591
203592
203593
203594
203596
204157
204158
204159
204160
204713
204714
204715
204716
204717
204718
204719
205260
205261
205262
205264
205265
205266
205267
205812
205813
205814
205815
205816
205817
205818
205819
205820
205821
206362
206363
206364
206365
206366
206367
206368
206369
206915
206916
206917
206918
206919
206920
206921
206922
206923
206924
207455
207456
207457
207458
207459
207460
207981
207982
207983
207984
207985
207986
208482
208483
208484
208485
208486
208487
208488
208986
208987
208988
208989
208990
208991
209461
209964