110006
110007
110008
110627
110628
110629
110630
110631
110632
110634
110635
110636
111277
111278
111279
111280
111281
111282
111283
111284
111285
111286
111897
111899
111900
111901
111902
111903
111904
111905
111906
112496
112497
112498
112499
112500
112501
112502
112503
112504
112505
113090
113091
113092
113093
113094
113095
113096
113097
113098
113099
113100
113101
113102
113668
113669
113670
113671
113672
113673
113674
113675
113676
113677
113678
113679
114231
114232
114233
114234
114235
114236
114237
114239
114787
114788
114789
114790
114791
114792
115350
115351
115352
115353
115354
115355
115356
115905
115906
115907
115908
115909
115911
116474
116475
117025
117027
117028
117580
117581