482920
482921
482922
482923
482924
482926
483272
483273
483274
483275
483276
483277
483278
483279
483280
483629
483630
483631
483632
483633
483634
483635
483636
483973
483974
483975
483976
483977
483978
483979
483980
484314
484315
484316
484317
484318
484319
484320
484643
484644
484645
484646
484647
484648
484649
484650
484651
484652
484962
484965
484966
485286
485287
485288
485289
485628
485629
485631
485632
485633
485634
485945
485946
485947
485948
485949
485950
485951
485952
486257
486258
486259
486260
486261
486262
486263
486264
486577
486578
486579
486580
486581
486582
486583
486584
486931
486932
486934
486935
487307
487681
488055
488445
488446
488447
488859
488860
488861
489262
489263