132684
133225
133226
133227
133228
133229
133230
133787
133788
133789
133790
133791
133792
133793
133795
133796
133797
134378
134379
134380
134381
134382
134383
134384
134385
134387
134388
134955
134956
134957
134958
134959
134960
134961
134962
134963
134965
134966
135570
135571
135572
135573
135574
135575
135576
135577
135578
135579
135580
135581
136173
136174
136175
136176
136177
136178
136179
136180
136181
136182
136183
136184
136185
136186
136782
136783
136784
136785
136786
136787
136788
136789
136790
137378
137379
137380
137381
137382
137383
137384
137949
137950
137951
138540
138541
138542
138543
138544
138545
138546
138547
139129
139131
139132
139133
139134
139135
139732
139733
139734