143999
144536
144537
144538
144539
144540
144541
145087
145088
145089
145090
145091
145646
145647
145648
145649
145650
145651
145652
145653
145654
146206
146207
146208
146209
146210
146211
146212
146213
146214
146779
146780
146781
146782
146783
146784
146785
146786
146787
146788
146789
147325
147326
147327
147328
147330
147331
147332
147333
147334
147335
147336
147337
147869
147870
147872
147873
147874
147875
147876
147877
147878
148409
148410
148411
148412
148413
148414
148415
148416
148417
148418
148419
148953
148954
148955
148956
148957
148958
148959
148960
148961
148962
148963
148964
149495
149496
149497
149498
149499
149500
149503
149504
150032
150033
150034
150035
150562
150564
151096