347112
347676
347677
347678
348258
348259
348260
348261
348844
348845
348846
349456
349457
349458
349459
349460
349461
349462
350057
350058
350059
350060
350061
350062
350063
350635
350636
350637
350638
350639
350640
350641
350642
350643
351203
351204
351205
351206
351207
351208
351209
351210
351211
351768
351769
351770
351771
351772
351773
351774
351775
352321
352322
352323
352324
352325
352326
352881
352882
352883
352884
352885
352886
352887
353460
353461
353462
353463
353464
353465
354032
354033
354034
354035
354036
354039
354618
354619
354620
354621
354622
354623
354624
355235
355236
355238
355239
355240
355828
355829
355830
356405
356407
356972
356973
356974
357529
357530
357531
357532