221815
221816
221817
221818
221819
222339
222340
222341
222342
222343
222865
222866
222867
222868
222869
222870
222872
223372
223373
223374
223375
223376
223377
223379
223380
223381
223901
223902
223903
223904
223905
223906
223907
223908
223909
223910
223911
223912
223913
224425
224426
224427
224428
224429
224430
224930
224931
224932
224933
225432
225433
225434
225435
225436
225929
225930
225931
225932
225933
225934
226445
226446
226447
226448
226449
226450
226451
226452
226953
226954
226955
226956
226957
227450
227451
227452
227453
227454
227455
227456
227457
227971
227972
227973
227974
227975
227976
227977
227978
228506
228507
228508
228509
228510
228511
228512
229026
229027
229028
229539