380704
381278
381279
381280
381281
381282
381842
381843
381844
381845
381846
381847
382394
382395
382396
382397
382398
382399
382400
382942
382943
382944
382945
382946
382947
382948
382949
382950
383507
383508
383509
383510
383511
383512
383513
383514
383515
383516
383517
383518
384089
384090
384091
384092
384093
384094
384095
384096
384097
384098
384099
384101
384102
384663
384664
384665
384666
384667
384668
384669
384670
384671
385220
385221
385223
385225
385226
385227
385228
385776
385777
385778
385779
385780
385781
386333
386334
386335
386336
386337
386338
386881
386882
386883
386884
386885
386886
387420
387423
387424
387425
387990
387991
387992
388551
388552
388553
388554
388555
389101