403843
403844
403845
404309
404310
404311
404312
404766
404767
404768
405227
405228
405232
405676
405677
405680
405681
406135
406136
406137
406138
406139
406140
406141
406142
406143
406586
406587
406589
406590
406591
406592
406594
406595
406596
406597
406600
407028
407029
407030
407031
407032
407033
407034
407035
407036
407037
407038
407039
407040
407041
407044
407468
407469
407470
407471
407472
407473
407474
407475
407476
407478
407479
407480
407481
407482
407484
407485
407901
407902
407903
407904
407905
407906
407907
407908
407909
407910
407911
407912
407913
407914
407915
407916
407917
407918
408365
408366
408368
408369
408370
408371
408372
408373
408813
408814
408815
408817
408818
408819