229495
230029
230030
230031
230565
230566
230567
231100
231101
231102
231651
231652
232225
232226
232227
232792
232793
232794
233386
233387
233388
233389
233969
233970
233971
233972
234518
234519
234520
234521
234522
235074
235075
235076
235077
235078
235079
235080
235081
235626
235628
235629
235630
235631
236210
236211
236214
236215
236216
236217
236218
236219
236816
236817
236821
236822
236823
236824
236825
236826
236827
236828
237438
237439
237440
237441
237442
238054
238056
238057
238655
238656
238657
238658
239272
239273
239274
239275
239276
239277
239278
239279
239891
239892
239893
239894
239895
239896
239897
239898
239899
239900
240499
240500
240502
240503
240504
241085
241086
241660