295375
295857
295858
296325
296326
296327
296328
296329
296330
296806
296807
296808
296809
296810
296811
296812
297309
297310
297311
297312
297313
297315
297316
297317
297319
297320
297321
297820
297821
297822
297823
297824
297825
297826
297827
297828
297829
297830
298354
298355
298356
298357
298358
298359
298360
298361
298362
298363
298364
298365
298866
298867
298868
298869
298870
298871
298872
298873
298874
298875
299384
299385
299386
299389
299390
299391
299392
299393
299898
299899
299900
299901
299904
299905
299906
300419
300425
300426
300427
300962
300963
301486
301487
301490
301491
301492
301493
302012
302013
302014
302015
302016
302017
302018
302547
302548
302549
302550
302551
303095