21151
21152
21693
21694
21696
21697
21698
21699
21700
21701
21702
22227
22228
22229
22230
22231
22232
22233
22234
22235
22236
22237
22748
22749
22750
22751
22752
22753
22754
22755
22756
22757
23276
23277
23278
23279
23280
23281
23282
23283
23284
23802
23803
23805
23806
23807
23808
23809
23810
23811
23812
23813
24321
24322
24324
24325
24326
24327
24328
24329
24330
24331
24815
24816
24817
24818
24819
24820
24821
24822
24823
24824
24825
25300
25301
25302
25303
25304
25305
25306
25307
25308
25309
25310
25311
25312
25805
25806
25807
25808
25809
25810
25811
25814
25815
25816
25817
25818
26311
26313