259
497546
497547
498023
498024
498025
498521
498522
498524
498525
498526
499023
499024
499025
499026
499027
499028
499029
499030
499031
499533
499534
499535
499536
499537
499538
499539
499540
499541
500055
500056
500059
500060
500061
500062
500063
500064
500065
500066
500067
500068
500069
500580
500581
500582
500583
500584
500585
500586
500587
500588
500589
500590
500591
500592
500593
500594
501101
501102
501103
501104
501105
501106
501107
501108
501109
501110
501111
501112
501113
501114
501115
501621
501622
501624
501625
501627
501628
501629
501630
501631
501632
501633
502117
502118
502119
502120
502121
502122
502565
502566
502567
502568
502569
502570
502571
503017
503018
503019
503471