182067
182068
182069
182070
182071
182072
182073
182074
182075
182079
182080
182081
182710
182711
182712
182713
182714
182715
182716
182717
182718
182719
182722
182723
182724
182725
182726
183346
183347
183348
183349
183350
183351
183352
183353
183354
183355
183356
183357
183358
183930
183931
183932
183933
183934
183935
183936
183937
183938
183939
183940
183941
183942
183944
184529
184530
184531
184532
184533
184534
184535
184536
184537
184538
184539
184540
185152
185153
185154
185155
185156
185157
185158
185159
185160
185796
185797
185798
185799
185800
185801
185802
185803
185804
185805
185806
185807
186446
186447
186448
186449
186450
186451
186452
186453
186454
186455
186456
187089
187090