198247
198820
198821
199408
199410
199411
199412
199417
200003
200004
200006
200007
200008
200009
200010
200011
200590
200591
200592
200594
200595
200596
200597
200598
200599
200600
201138
201139
201140
201141
201142
201143
201144
201145
201146
201147
201148
201149
201150
201151
201152
201153
201706
201707
201708
201709
201710
201711
201712
201713
201714
201715
201716
201717
201718
202275
202276
202277
202278
202279
202280
202281
202282
202283
202284
202285
202286
202865
202866
202867
202868
202869
202870
202871
203445
203446
203447
203448
204013
204014
204015
204016
204017
204018
204568
204569
204570
204571
204572
204573
204574
205119
205120
205122
205676
205677
205678
205679
206229
206785