216135
216136
216698
216699
216700
217264
217265
217266
217267
217268
217828
217829
217830
217831
217832
217833
217834
217835
217836
218388
218389
218390
218391
218392
218393
218394
218395
218946
218947
218948
218949
218950
218951
218952
218953
218954
218959
219455
219456
219457
219458
219459
219460
219461
219462
219463
219464
219465
219466
219467
219468
219996
219997
219998
219999
220000
220001
220002
220003
220004
220005
220006
220007
220558
220559
220560
220561
220562
220563
220564
220565
220566
220567
220568
220569
220570
221128
221129
221130
221131
221132
221133
221134
221135
221136
221137
221690
221691
221692
222218
222219
222221
222222
222739
222740
222741
222742
222743
223255
223256