210915
210916
210917
210918
210919
210920
210921
210922
210923
210924
210925
211437
211438
211439
211441
211442
211443
211444
211445
211971
211972
211973
211974
211975
211976
211977
211978
211979
211980
211981
211982
212483
212484
212485
212486
212487
212488
212489
212490
212491
212492
212493
213001
213002
213003
213004
213005
213006
213007
213008
213009
213010
213012
213013
213532
213533
213534
213535
214087
214088
214662
214663
214664
214665
214666
214667
215253
215256
215257
215258
215259
215260
215261
215262
215827
215828
215829
215830
215831
215832
216397
216398
216399
216400
216401
216402
216973
216974
216975
216976
216977
216978
217542
217543
217544
217545
218102
218103
218104
218105