393154
393680
393681
393682
393683
393684
393685
393686
393687
393689
394227
394228
394229
394230
394231
394232
394233
394745
394746
394747
394748
394749
394750
394751
395281
395282
395283
395284
395285
395826
395827
395828
395829
395830
396373
396374
396375
396376
396377
396378
396898
396899
396900
396901
396902
396903
397417
397418
397419
397420
397946
397947
398494
398495
398496
399064
399065
399066
399067
399068
399069
399070
399602
399603
399604
399605
400129
400130
400619
401107
401618
401620
401621
402111
402112
402114
402115
402116
402626
402627
402628
402629
402630
402631
403119
403120
403121
403122
403123
403124
403125
403126
403127
403604
403605
403606
404082
404083
404084
404085