106058
106059
106670
106671
107271
107272
107273
107274
107275
107276
107277
107278
107279
107872
107873
107874
107875
107876
107877
107878
107879
107880
107881
107882
108490
108491
108492
108493
108494
108495
108496
108497
108498
108499
108500
108501
108502
108503
109140
109141
109142
109143
109144
109145
109148
109149
109150
109151
109152
109774
109775
109776
109784
109785
109786
110404
110405
110406
110407
110414
110415
110416
110417
111031
111032
111041
111042
111043
111044
111659
111661
111662
111663
112243
112244
112245
112247
112248
112843
112845
112846
112847
112848
112849
112850
113437
113438
113439
113440
113441
113442
114014
114015
114016
114555
114556
114557
114558
115114
115115