483684
483685
484025
484026
484027
484032
484358
484359
484360
484361
484366
484688
484689
484690
484692
484693
485006
485007
485008
485009
485010
485011
485012
485013
485330
485331
485332
485333
485334
485335
485336
485337
485338
485339
485340
485341
485667
485668
485669
485670
485671
485672
485673
485674
485675
485978
485979
485980
485981
485982
485983
485984
486289
486290
486291
486292
486293
486294
486295
486607
486608
486609
486610
486611
486612
486613
486614
486615
486616
486963
486964
486965
486966
486967
486968
486969
486970
486971
486972
487335
487336
487337
487338
487339
487340
487341
487718
487719
487720
487721
487722
487723
488091
488092
488093
488094
488095
488096
488097
488489