237695
237696
237697
238311
238907
238908
238909
238910
239533
239534
239535
239536
239537
239538
240165
240166
240167
240168
240169
240170
240765
240766
240767
240768
240769
241334
241336
241337
241338
241920
241921
241922
242517
242518
242519
242521
242522
242523
243114
243115
243116
243117
243118
243119
243120
243121
243122
243123
243723
243724
243725
243726
243727
243728
243729
243730
243731
243732
243733
243734
244326
244327
244330
244331
244332
244333
244334
244926
244927
244928
244930
244931
244932
244933
244935
244936
244937
245529
245530
245531
245532
245533
245534
245535
245536
245537
245538
245539
246117
246122
246123
246701
246702
246703
246708
246709
247284
247285
247286
247856