168795
169293
169302
169304
169305
169813
169814
169816
169817
169821
169822
169823
169824
169825
170334
170335
170336
170337
170338
170339
170340
170342
170343
170344
170345
170346
170347
170878
170879
170880
170881
170882
170883
170884
170885
170886
170887
170888
170889
170890
170891
170892
170895
171412
171413
171414
171415
171416
171417
171418
171419
171420
171421
171422
171423
171424
171425
171426
171427
171428
171429
171949
171950
171951
171952
171953
171954
171955
171956
171958
171959
171960
171961
171962
171965
172464
172465
172466
172474
172475
172477
172478
172479
172480
172981
172982
172983
172984
172986
172987
172988
172989
173506
173507
173508
173509
173510
173513
174037
174038