155887
156352
156844
156845
156846
157342
157343
157344
157345
157346
157347
157348
157349
157350
157351
157352
157823
157824
157825
157826
157827
157828
157829
157830
158325
158326
158327
158328
158329
158330
158331
158332
158333
158334
158335
158776
158777
158778
158779
158780
158781
158782
158783
158784
159236
159237
159238
159239
159240
159241
159678
159679
159680
159681
159682
159683
160116
160117
160118
160119
160120
160123
160549
160550
160552
160553
160554
160555
160557
160982
160983
160984
160985
160986
160987
160988
160989
161435
161436
161437
161438
161439
161440
161441
161442
161443
161906
161907
161908
161909
161910
161911
161912
161915
161916
162398
162399
162400
162403
162876