212534
212535
212536
213056
213057
213058
213059
213587
213588
213589
213590
213591
213592
213593
213594
214138
214142
214143
214144
214145
214146
214147
214148
214713
214714
214715
214716
214718
214719
214720
214721
214722
214723
214724
214725
214726
214727
214728
214729
214730
215294
215295
215296
215297
215299
215300
215301
215302
215303
215304
215305
215306
215307
215308
215309
215866
215867
215869
215870
215871
215872
215873
215874
215875
215876
215877
215878
215879
215880
215881
215882
216434
216435
216436
216437
216438
216439
216440
216441
216442
216443
216444
216445
217004
217005
217006
217007
217009
217010
217574
217575
217576
217577
217578
217579
218131
218132
218133
218134
218684