127794
128313
128314
128805
128806
128807
128808
129308
129309
129310
129311
129312
129313
129314
129815
129816
129817
129818
129819
129820
129821
129822
129823
130326
130327
130328
130329
130330
130331
130332
130846
130847
130848
130849
130850
130851
130852
130853
130854
131358
131359
131360
131361
131362
131363
131364
131870
131871
131872
131873
131874
131875
131876
131877
131878
131879
132383
132384
132385
132386
132387
132388
132391
132392
132393
132394
132918
132919
132920
132921
132922
132925
132926
132927
132928
133476
133477
133478
133479
133480
133481
133484
133485
133486
134050
134051
134053
134054
134055
134056
134057
134638
134639
134640
134641
134642
134643
135242
135243
135244