281452
282049
282637
283238
283239
283240
283850
283851
283852
283853
284465
284466
284467
285074
285075
285076
285077
285649
285650
285651
285652
285653
286188
286189
286190
286718
286719
286720
286722
287231
287232
287233
287234
287235
287236
287743
287746
287747
288272
288273
288274
288792
288793
288794
289286
289287
289288
289289
289765
289766
289767
289768
289769
290260
290261
290262
290263
290264
290265
290752
290754
290756
290757
291217
291218
291219
291685
291686
291687
291688
292174
292175
292176
292177
292178
292673
292674
292675
292676
292677
292678
292679
293185
293186
293187
293188
293189
293190
293191
293192
293687
293688
293689
293690
293691
294192
294193
294676
294677
294678