446393
446731
446732
446733
446734
446735
446736
446737
446738
446739
446741
446742
447047
447048
447049
447050
447051
447052
447053
447054
447055
447056
447057
447058
447059
447060
447061
447062
447063
447362
447363
447364
447365
447366
447367
447368
447369
447370
447371
447372
447373
447374
447375
447376
447377
447378
447673
447678
447679
447680
447681
447682
447683
447684
447685
447686
447687
447688
447689
447998
448004
448005
448007
448008
448009
448010
448011
448012
448013
448014
448334
448336
448337
448338
448339
448340
448341
448342
448664
448665
448666
448667
448668
448669
448670
448671
448672
448673
448674
448990
448992
448993
448994
448995
448996
448997
449314
449315
449318
449319