431862
432370
432371
432372
432893
432894
432895
432896
432897
432898
433409
433410
433411
433412
433413
433415
433416
433417
433418
433910
433911
433912
433914
434409
434410
434411
434412
434413
434905
434906
434907
434908
434909
434910
434911
434912
434913
435412
435413
435416
435417
435418
435899
435900
435901
435902
435903
435904
436363
436364
436365
436366
436367
436368
436369
436370
436371
436372
436373
436812
436814
436815
436816
436817
436818
436819
436820
436821
436822
437251
437252
437253
437254
437255
437258
437259
437706
437707
437708
437709
437713
437714
438155
438156
438157
438158
438159
438160
438161
438162
438163
438611
438612
438613
438614
438615
438616
438617
438618
439057