473771
473772
473773
474094
474095
474096
474097
474100
474101
474102
474409
474410
474411
474412
474413
474414
474415
474416
474417
474418
474733
474734
474735
474736
474737
474738
474739
474740
474741
474742
474743
474744
475054
475055
475056
475057
475058
475059
475060
475061
475062
475063
475391
475392
475393
475394
475395
475396
475397
475727
475728
475729
475730
475731
475732
475733
475734
475735
475736
476065
476066
476067
476068
476069
476070
476071
476395
476396
476397
476398
476399
476400
476750
476751
476752
476753
476754
476755
476756
476757
476758
476759
477110
477111
477112
477114
477115
477116
477117
477464
477465
477466
477467
477469
477470
477842
477843
477844
477845
478217