132279
132280
132795
132796
132797
132798
133344
133345
133346
133914
133915
133916
134513
134514
134515
134517
134518
135096
135097
135098
135099
135100
135101
135102
135103
135104
135697
135698
135699
135700
135701
135702
135703
135704
135705
135706
135707
135708
136307
136308
136309
136310
136311
136312
136313
136314
136315
136915
136916
136917
136918
136919
137505
137506
137507
137508
137509
137510
138073
138074
138075
138076
138077
138078
138659
138660
138661
138662
138663
138664
138665
139254
139255
139256
139257
139258
139259
139860
139861
139862
139863
139864
140465
140466
140467
140468
140469
140470
140471
141072
141073
141075
141076
141077
141658
142218
142219
142220
142779
142780