32685
33182
33694
33695
33698
34201
34202
34203
34204
34205
34206
34207
34208
34719
34720
34721
34722
34723
34724
34726
35243
35244
35245
35246
35247
35248
35249
35250
35755
35762
35764
35765
36249
36250
36251
36252
36253
36254
36255
36256
36257
36258
36259
36260
36261
36262
36734
36735
36737
36738
36739
36740
36741
36742
36743
37200
37201
37202
37203
37204
37205
37206
37207
37208
37209
37210
37211
37212
37674
37675
37676
37677
37678
37679
37680
37681
37682
37683
37684
38148
38149
38150
38151
38152
38153
38154
38155
38156
38157
38158
38665
38666
38668
38669
38670
38671
39179
39180
39181
39182