465592
465934
465935
465936
465937
465938
465939
466269
466270
466271
466272
466273
466274
466275
466276
466277
466597
466598
466599
466600
466601
466602
466603
466927
466928
466929
466930
466931
466932
466933
466934
467255
467256
467257
467258
467259
467260
467261
467569
467570
467571
467572
467573
467574
467575
467576
467577
467578
467579
467892
467893
467894
467895
467896
467897
467898
467899
467900
467901
467902
468203
468204
468205
468206
468207
468208
468209
468210
468211
468212
468213
468214
468215
468216
468217
468218
468503
468504
468505
468506
468507
468508
468509
468510
468511
468512
468809
468810
468811
468813
468814
468815
468816
469108
469109
469110
469111
469404
469405
469406