172180
172181
172182
172187
172188
172696
172697
172698
172699
172700
172701
172703
172704
172705
172706
173199
173200
173201
173204
173205
173206
173207
173208
173209
173728
173729
173730
173731
173733
173734
173735
173736
173737
173738
174257
174258
174259
174260
174261
174262
174263
174264
174265
174794
174795
174796
174797
174798
174799
174800
175316
175317
175318
175319
175320
175321
175322
175323
175324
175857
175858
175859
175860
175861
175862
175863
175864
175865
175866
175867
176453
176454
176455
176456
176457
176458
176459
176460
177067
177068
177069
177070
177076
177077
177078
177715
177716
177720
177721
178371
179006
179007
179008
179009
179010
179656
179657
179658
179659
180299