45622
45623
45626
45627
46133
46134
46136
46137
46138
46636
46637
46638
46639
46640
46641
47101
47102
47103
47106
47560
47561
47562
47563
48002
48003
48004
48005
48475
48476
48477
48478
48950
48951
48952
48953
49422
49423
49427
49904
49905
49906
49907
50376
50377
50378
50379
50380
50381
50856
50857
50858
50859
50860
51322
51323
51324
51790
51791
51792
52251
52720
52722
52723
52724
52725
53183
53184
53187
53188
53189
53190
53639
53640
53641
53642
53643
53644
53645
53646
53647
53648
54103
54104
54105
54106
54107
54108
54109
54110
54111
54576
54577
54578
54579
54580
54581
54582
54583
54584
55053