396106
396107
396108
396109
396645
396646
396647
396648
396649
396650
396651
396652
396653
396654
397170
397171
397172
397173
397174
397175
397176
397177
397178
397688
397689
397690
397691
397692
397693
397694
397695
398231
398232
398233
398234
398235
398236
398237
398238
398787
398788
398789
398790
398791
398792
399340
399342
399343
399873
399874
399875
400375
400376
400377
400869
400870
400871
400872
400873
401370
401371
401372
401373
401374
401375
401376
401377
401378
401868
401869
401870
401871
401872
401873
401874
401875
402374
402375
402376
402377
402885
402886
402887
402888
403366
403367
403368
403844
403845
403846
404311
404312
404769
404770
404771
404772
404773
405230
405231
405679