330722
331195
331196
331197
331198
331199
331656
331657
331658
331659
331660
331661
332140
332141
332142
332143
332144
332145
332146
332147
332148
332149
332150
332623
332624
332625
332626
332627
332628
332629
332630
332631
332632
332633
332634
333102
333103
333104
333105
333106
333107
333108
333109
333110
333111
333112
333591
333592
333593
333594
333595
333596
333597
334035
334036
334037
334038
334039
334040
334041
334493
334494
334495
334496
334497
334498
334499
334946
334947
334948
334949
334950
334951
334952
334953
335389
335390
335391
335392
335393
335394
335395
335396
335849
335850
335851
335852
335853
335854
336316
336317
336318
336319
336321
336806
336807
336808
337318
337836
337837