153142
153143
153144
153673
154196
154197
154704
154705
154706
154707
154718
154719
154720
155197
155198
155199
155211
155212
155213
155676
155677
155678
155684
155685
155686
155687
155688
155689
155690
156140
156145
156146
156147
156148
156149
156150
156151
156152
156615
156616
156617
156622
156623
156624
156625
156626
156627
156628
157106
157107
157108
157109
157110
157111
157112
157113
157114
157115
157116
157117
157118
157587
157588
157589
157590
157591
157592
157594
157595
158064
158065
158066
158067
158068
158069
158070
158072
158073
158074
158552
158553
158554
158555
158556
158557
159015
159016
159017
159018
159019
159020
159451
159452
159453
159454
159889
159890
159891
159892
159893