38145
38146
38147
38661
38662
38663
38664
38667
39166
39167
39168
39169
39170
39171
39172
39173
39174
39175
39176
39177
39178
39693
39694
39695
39696
39697
39698
39699
39700
39701
39702
39703
39704
39705
39706
39707
40219
40220
40222
40223
40224
40225
40226
40227
40228
40229
40230
40231
40232
40233
40234
40235
40236
40750
40751
40752
40753
40754
40755
40756
40757
40758
40759
40760
40761
40762
40763
40764
40765
40766
40767
40768
40769
41289
41290
41291
41292
41293
41294
41295
41296
41297
41298
41299
41301
41302
41303
41304
41305
41306
41307
41856
41857
41858
41859
41860
41861
41865
41866
41867