468325
468326
468327
468625
468626
468916
468917
468918
468920
469212
469213
469214
469215
469216
469217
469218
469219
469516
469517
469518
469519
469804
470083
470084
470085
470086
470344
470345
470346
470347
470587
470588
470589
470590
470591
470849
470850
470851
470852
470854
470855
471122
471123
471124
471125
471126
471127
471128
471129
471130
471131
471393
471394
471395
471396
471397
471398
471399
471400
471404
471674
471675
471676
471677
471923
471924
471925
472202
472203
472498
472499
472500
472795
472796
472797
472798
473094
473095
473096
473097
473392
473393
473394
473395
473396
473693
473694
473695
473696
473697
473698
474014
474015
474017
474018
474019
474327
474328
474329
474331