11960
11961
11962
11963
11964
12536
12537
12538
12539
12540
12541
13120
13121
13122
13123
13124
13125
13126
13127
13717
13718
13719
13720
13721
13722
13723
14320
14321
14322
14323
14324
14325
14918
14919
14920
14921
14922
15508
15509
15510
16072
16073
16653
16654
16655
16656
17231
17232
17813
17814
17815
18353
18355
18357
18892
18899
18900
18901
18902
18903
19439
19446
19447
19448
19449
19983
19984
19985
19986
19990
19991
19992
19993
20551
20552
20553
20554
20555
20556
20557
20558
20559
21110
21111
21114
21115
21116
21650
21651
21652
21653
21654
22179
22180
22181
22182
22183
22703
22704
22705