389898
390450
390461
391011
391012
391013
391014
391015
391022
391023
391024
391553
391554
391557
391558
391559
391560
391561
391562
391563
391569
391570
391571
391572
391573
391574
391575
392107
392108
392110
392111
392112
392113
392115
392116
392117
392123
392124
392125
392662
392663
392664
392665
392666
392667
392668
392669
392670
392671
392672
392678
393191
393192
393193
393194
393195
393196
393197
393198
393200
393201
393202
393206
393207
393724
393725
393726
393727
393728
393729
393730
393731
393733
393734
393735
393736
393738
393739
393740
393741
393742
394269
394270
394271
394272
394273
394274
394277
394278
394279
394280
394281
394282
394283
394788
394789
394790
394791
394798
395321