490934
490935
490936
490937
490938
491328
491329
491330
491331
491332
491738
491740
491741
492158
492159
492160
492161
492578
492579
492580
493006
493007
493008
493432
493433
493434
493435
493436
493855
493856
493857
493858
494296
494297
494298
494743
494744
494745
495194
495195
495196
495654
495655
495656
495657
496107
496108
496109
496562
496563
496564
496565
496566
496567
496568
496569
497030
497031
497032
497033
497034
497035
497036
497037
497038
497510
497511
497512
497513
497514
497515
497516
497517
497991
497992
497993
497994
497995
497996
497997
498480
498481
498482
498483
498484
498485
498486
498487
498488
498981
498982
498983
498984
498985
498986
498987
498988
499497
499498
499499