252840
253420
253997
253998
253999
254588
254589
254590
255200
255201
255202
255203
255204
255205
255206
255810
255811
255812
255813
255814
255815
256433
256434
256436
256437
256438
256439
256440
257033
257034
257035
257042
257043
257044
257046
257047
257048
257049
257657
257658
257659
257660
257661
257666
257667
257668
257669
257670
257671
257673
257675
258268
258269
258270
258271
258272
258273
258275
258278
258279
258280
258281
258282
258283
258284
258285
258885
258886
258887
258888
258889
258890
258891
258893
258894
258895
258896
258897
258898
258900
259529
259530
259531
259532
259533
259534
259535
259536
259537
259538
260181
260182
260183
260184
260185
260187
260819
260820
260821
261437