197039
197553
197554
197555
198108
198109
198110
198115
198116
198117
198118
198119
198660
198661
198662
198663
198664
198665
198666
198667
198668
198669
198670
199257
199258
199259
199260
199261
199263
199264
199265
199266
199267
199268
199269
199270
199855
199856
199857
199858
199859
199860
199861
199862
199866
199868
199869
199870
199871
199872
200454
200455
200456
200457
200458
200459
200460
200461
200466
200467
200468
200469
201023
201024
201025
201026
201034
201035
201036
201037
201575
201576
201577
201588
201589
201590
201591
202146
202147
202148
202149
202160
202161
202162
202163
202732
202733
202734
202735
202736
203306
203307
203308
203309
203877
203878
203879
203880
203881
203882