31727
32257
32258
32260
32261
32787
32788
32789
33282
33283
33793
33794
34296
34299
34300
34301
34302
34303
34304
34305
34306
34816
34817
34818
34819
34820
34821
34822
34823
34824
34827
35337
35338
35339
35340
35341
35342
35343
35344
35848
35849
35850
35851
35852
35853
35854
35855
35856
36345
36346
36347
36348
36349
36350
36351
36352
36825
36826
36827
36828
36829
36830
36831
36832
37294
37298
37299
37300
37301
37302
37305
37306
37773
37774
37775
37776
37777
37778
37779
37780
37781
38260
38261
38262
38263
38264
38265
38772
38773
38774
38775
38776
39295
39296
39297
39298
39826
39827
39828
40353