247224
247795
247796
248345
248346
248899
248900
249450
249451
249452
249453
249454
249455
249456
250000
250001
250002
250003
250004
250006
250009
250535
250536
250537
250538
250539
250540
250541
250542
250543
251078
251079
251080
251081
251082
251083
251084
251085
251086
251087
251628
251629
251630
251631
251632
251633
251634
251635
252206
252207
252208
252209
252210
252211
252212
252802
252805
252806
253381
253382
253383
253384
253385
253964
253965
253966
253967
253968
254556
254557
254558
255177
255178
255179
255180
255786
255787
255788
255789
256406
256407
256408
256409
256410
257013
257014
257015
257016
257017
257020
257630
257631
257632
257633
257634
257635
257636
258246
258247
258248