229691
229692
229693
229694
229695
229696
229697
230223
230224
230226
230227
230228
230229
230230
230231
230748
230749
230751
230752
230754
230755
231298
231299
231300
231301
231302
231303
231306
231307
231841
231842
231843
231844
231845
232413
232414
232415
232416
232417
232989
232990
232992
232993
232994
232995
232996
232997
232998
233573
233574
233575
233576
233577
233580
233581
233582
233583
233584
234141
234144
234145
234146
234147
234148
234149
234691
234692
234693
234694
234695
234696
235247
235248
235249
235250
235819
235820
235821
235822
235823
236407
236408
236409
236410
236411
236412
236413
236414
237020
237021
237022
237023
237024
237025
237026
237027
237028
237029
237645
237647