141261
141841
141843
142413
142414
142415
142416
142971
142972
142973
143523
143528
143529
143530
144070
144071
144073
144074
144075
144611
144615
144616
144617
144618
144619
144620
144621
144622
144623
145169
145170
145173
145174
145175
145176
145177
145178
145732
145733
145734
145735
145736
145737
145738
145739
145740
145741
145742
146294
146295
146296
146297
146298
146299
146300
146301
146302
146862
146863
146864
146865
146866
146867
146868
146869
147397
147398
147399
147401
147402
147403
147404
147405
147937
147938
147939
147940
147941
147942
147943
147944
147945
147946
147947
148487
148488
148489
148490
148491
148492
148493
149023
149024
149025
149026
149027
149561
149562
149564
150101