25404
25901
25902
25903
26405
26406
26407
26408
26409
26410
26411
26892
26893
26894
26895
26896
26897
26898
26899
26900
27389
27391
27392
27393
27394
27395
27396
27397
27892
27893
27894
27895
27896
27897
27898
27899
27900
28387
28388
28389
28390
28391
28392
28393
28864
28865
28866
28868
28869
28870
28871
29326
29327
29328
29329
29330
29331
29332
29333
29796
29797
29798
29799
29800
29801
29802
29803
30269
30270
30271
30272
30771
30772
30773
30774
30775
30776
30777
31272
31273
31274
31275
31276
31277
31776
31778
31779
31780
31781
32307
32308
32309
32833
32834
32835
32836
33325
33326
33832
33833