323792
324289
324290
324291
324292
324293
324806
324807
324808
324809
324810
325319
325320
325321
325322
325323
325324
325325
325326
325845
325846
325847
325848
325849
325850
325851
325852
325853
325854
326360
326361
326362
326363
326364
326365
326366
326367
326368
326369
326370
326373
326873
326874
326875
326876
326877
326878
326879
326880
326881
326882
326884
326885
326886
327384
327385
327386
327387
327388
327389
327390
327391
327392
327393
327394
327395
327920
327921
327922
327923
327924
327925
327926
327927
327928
327929
327930
327931
327932
328431
328432
328433
328434
328435
328436
328437
328438
328439
328440
328441
328442
328917
328918
328919
328920
328921
329401
329402
329403
329856