310123
310124
310125
310126
310127
310128
310673
310674
310675
310676
310677
310678
310679
310680
310681
310682
310683
311210
311211
311212
311213
311214
311215
311216
311217
311218
311220
311751
311752
311753
311754
311756
311759
311760
311761
311762
311763
312274
312275
312276
312277
312278
312279
312281
312770
312771
312772
312773
313238
313239
313240
313241
313712
313713
313714
313715
314170
314171
314172
314173
314174
314175
314629
314630
315076
315077
315078
315079
315080
315526
315527
315528
315529
315530
315990
315991
315992
315993
316454
316455
316456
316918
316919
316920
317405
317406
317407
317886
317889
317890
317891
318391
318392
318393
318394
318395
318396
318397
318398
318908