229135
229663
229664
229665
229668
230193
230194
230195
230196
230197
230201
230202
230203
230205
230719
230720
230721
230722
230723
230724
230725
230726
230728
230729
230730
230731
230732
231269
231270
231271
231272
231273
231274
231275
231276
231277
231278
231279
231280
231816
231817
231818
231819
231820
231821
231822
231823
231824
231825
232387
232388
232389
232390
232391
232392
232393
232394
232396
232957
232958
232959
232960
232961
232962
232963
232964
232965
232966
233541
233542
233543
233544
233545
233546
233547
233548
234122
234123
234677
234678
234679
235236
235237
235804
235805
235806
236389
236390
236999
237000
237001
237002
237003
237004
237005
237624
237625
237626
237627
238243