181135
181136
181137
181138
181139
181792
181793
181794
181795
181796
182437
182438
182439
182440
183069
183070
183071
183072
183073
183074
183681
183682
183683
183684
183686
183687
183688
184270
184271
184272
184273
184274
184876
184877
185507
185508
185509
186145
186146
186148
186149
186150
186151
186780
186783
186784
186785
186786
186787
186788
186789
186790
187404
187405
187406
187407
187410
187412
187413
187414
187415
187416
188012
188013
188014
188015
188016
188017
188018
188019
188020
188021
188022
188023
188025
188628
188629
188631
188632
188633
188634
188635
188636
188637
188638
189240
189241
189242
189243
189244
189245
189246
189827
189828
189829
189831
189832
189834
190407
190408