68445
68446
68971
68972
68973
69507
69508
69509
70043
70044
70045
70046
70047
70048
70049
70593
70594
70595
70596
70597
70598
70599
70600
70601
71139
71140
71141
71143
71144
71145
71146
71147
71702
71703
71704
71705
71706
71707
71708
71709
71710
71711
72260
72261
72262
72263
72264
72265
72267
72268
72269
72270
72271
72272
72273
72274
72831
72832
72833
72834
72835
72836
72839
72840
72841
72842
72843
72844
73389
73390
73391
73392
73393
73394
73397
73398
73399
73400
73401
73402
73403
73404
73949
73950
73951
73952
73953
73954
73955
73956
73957
73958
73959
73960
74508
74509
74510
74511
75072
75073