327382
327383
327918
327919
328428
328907
328908
328909
328910
328911
328912
328913
328914
328915
328916
329390
329391
329392
329393
329394
329395
329396
329397
329398
329399
329400
329845
329846
329847
329848
329849
329850
329851
329852
329853
329854
329855
330303
330304
330305
330306
330307
330308
330309
330310
330770
330771
330772
330773
330774
330775
330776
330777
330778
331243
331244
331245
331246
331247
331701
331702
331703
331704
331705
331706
331707
332178
332179
332180
332181
332182
332665
332666
332667
332669
332670
332671
333149
333150
333151
333152
333153
333154
333155
333635
333636
333637
333638
333639
333640
333641
333642
334074
334075
334076
334077
334078
334528
334529
334977