176850
176851
176852
176853
176854
177491
177492
177493
177494
177495
177496
178140
178141
178142
178143
178144
178145
178146
178147
178791
178792
178793
178794
178795
178796
178797
178798
179438
179439
179440
179441
179442
179443
179444
180078
180079
180080
180081
180082
180083
180084
180730
180731
180732
180733
181394
181395
181396
181397
181398
182054
182055
182056
182057
182058
182059
182060
182061
182694
182695
182696
182697
182698
182699
182700
182701
182702
182703
183331
183332
183333
183334
183335
183336
183337
183338
183339
183917
183918
183919
183920
183921
183922
183923
183924
184508
184511
184512
184513
184514
184515
185129
185132
185133
185134
185777
185778
185779
185780
186427