107743
107744
107745
108347
108348
108349
108350
108351
108352
108353
108354
108355
108356
108357
108977
108978
108979
108980
108981
108982
108983
108984
108985
108986
109620
109621
109622
109623
109624
109625
109626
109627
109628
109629
109630
110260
110261
110262
110263
110264
110266
110267
110878
110879
110880
110881
110883
110884
110886
110887
111506
111507
111508
111509
111510
111511
111512
111515
111516
112087
112088
112089
112090
112091
112095
112096
112097
112696
112697
112700
112701
112702
112703
112704
113291
113292
113293
113296
113297
113298
113299
113300
113861
113862
113863
113866
113867
113868
113869
113870
113871
113872
114421
114425
114426
114427
114968
114969
114970
114978