236990
236991
237614
237615
237616
237618
238230
238231
238232
238234
238235
238236
238822
238823
238824
238825
238828
238829
238830
238831
238832
238833
238834
238835
238836
239436
239437
239438
239439
239440
239441
239442
239443
239444
239445
239446
239447
239448
239449
239450
240073
240074
240075
240076
240077
240078
240079
240080
240081
240082
240083
240084
240085
240669
240670
240671
240672
240673
240674
240675
240676
240678
240679
240680
240681
241236
241237
241238
241239
241240
241241
241242
241244
241246
241247
241248
241249
241250
241814
241815
241816
241817
241821
241822
241823
241824
241825
241826
241827
242411
242412
242418
242419
242420
242421
242422
243005
243006
243010
243011