135212
135813
135814
135815
135817
136415
136416
136417
136418
136419
136420
136421
136422
137015
137016
137018
137019
137020
137022
137024
137605
137606
137608
137609
137610
137611
137612
137613
138181
138182
138183
138184
138185
138186
138187
138188
138189
138190
138191
138192
138767
138768
138769
138770
138771
138772
138773
138774
138775
138776
139356
139357
139358
139359
139360
139361
139362
139363
139364
139365
139366
139957
139958
139959
139960
139961
139962
139964
139965
139967
139968
139969
139970
140559
140560
140561
140562
140563
140564
140568
140569
140570
140572
141164
141167
141168
141169
141170
141171
141741
141742
141743
142308
142309
142310
142311
142871
142872
142873
142875