153791
154312
154313
154314
154315
154316
154317
154820
154821
154822
154823
154824
155304
155305
155306
155307
155308
155309
155310
155311
155312
155313
155766
155767
155769
155770
155771
155772
155773
155774
155775
155776
155777
155778
155779
156216
156217
156220
156221
156222
156223
156224
156225
156226
156227
156228
156694
156695
156696
156697
156698
156699
156700
156701
156702
157184
157185
157186
157187
157188
157189
157190
157191
157192
157193
157194
157660
157661
157662
157663
157664
157665
157666
157667
157668
157669
158143
158144
158146
158147
158148
158150
158626
158627
158629
158630
158631
158632
158633
159079
159080
159081
159082
159083
159085
159086
159514
159515
159518
159960