387765
388316
388317
388318
388319
388320
388321
388322
388863
388864
388866
388867
388868
389411
389412
389413
389414
389415
389416
389417
389418
389955
389958
389959
389960
389961
389962
389963
390506
390507
390508
390509
390510
390511
390512
390513
390514
390515
390516
390517
391063
391064
391065
391066
391067
391068
391069
391070
391071
391072
391073
391610
391611
391612
391613
391614
391615
391616
392155
392156
392157
392158
392159
392160
392165
392166
392167
392168
392169
392704
392705
392706
392707
392712
392713
392714
392715
392716
392717
392718
393238
393239
393245
393246
393247
393248
393249
393772
393773
393779
393780
393781
393782
393783
393784
393785
393786
394321
394332
394333