150
151
152
153
154
155
156
157
613
614
615
616
617
618
1056
1057
1058
1060
1061
1489
1490
1903
1904
1905
2315
2316
498311
498313
498314
498316
498317
498318
498821
498822
498823
498824
498825
498826
498827
498828
498829
499339
499340
499341
499342
499344
499345
499346
499347
499348
499349
499350
499351
499867
499868
499869
499870
499871
499872
499873
499874
499876
500404
500405
500406
500407
500408
500409
500410
500943
500944
500945
500946
500947
501466
501467
501468
501469
501470
501978
501979
501980
501981
501982
502440
502441
502442
502443
502444
502895
502896
502897
502898
502899
503359
503360
503361
503362
503363
503365