374333
374913
375496
375497
375498
375505
375506
375507
376087
376088
376089
376092
376095
376096
376097
376098
376697
376698
376699
376700
376701
376702
376703
376704
376705
376706
376707
376708
376709
376710
377290
377293
377294
377295
377296
377297
377298
377299
377300
377301
377302
377303
377304
377305
377306
377307
377864
377865
377866
377867
377868
377869
377870
377871
377872
377873
377874
377875
377876
377877
377878
378421
378422
378423
378424
378425
378426
378427
378428
378429
378430
378431
378962
378963
378964
378965
378966
379518
379519
379520
379521
379522
380085
380086
380087
380088
380666
380667
380668
380669
380670
381242
381243
381245
381246
381812
381813
382361
382362
382910