155881
155882
156341
156342
156343
156344
156836
156837
156838
156839
156840
157333
157334
157335
157336
157337
157338
157812
157813
157814
157815
157816
157817
158305
158306
158307
158308
158309
158310
158311
158312
158313
158756
158757
158758
158759
158760
158761
159211
159212
159213
159214
159215
159216
159217
159650
159651
159652
159653
159654
159655
159656
159657
159658
159659
160090
160091
160093
160094
160095
160096
160097
160098
160099
160104
160524
160525
160527
160529
160530
160531
160536
160952
160953
160954
160955
160956
160958
160963
160964
160965
160966
160967
160968
160969
161410
161411
161412
161413
161421
161422
161427
161880
161881
161882
161883
161884
161890
161891
161892