199098
199099
199100
199692
199693
199694
200280
200856
200857
200858
200859
200860
200861
200862
200863
200864
201409
201410
201411
201412
201413
201414
201415
201416
201417
201418
201972
201973
201974
201975
201976
201977
201978
201979
201980
202551
202552
202553
202554
202555
202556
202557
202558
203136
203137
203138
203139
203140
203141
203142
203143
203713
203714
203715
203716
203717
203718
203719
203720
204268
204269
204270
204271
204272
204273
204274
204823
204824
204825
204826
204827
204828
205368
205369
205370
205371
205372
205373
205924
205925
206472
206473
206474
206475
207017
207018
207019
207020
207021
207548
207549
207550
207551
207552
208068
208069
208070
208071
208572
208573