275577
275578
275581
276203
276204
276205
276206
276207
276208
276209
276835
276836
276837
276838
276839
276840
276841
277456
277458
277459
277460
277461
277462
277463
277464
277465
277466
278068
278069
278070
278071
278072
278073
278074
278075
278076
278077
278078
278079
278685
278686
278689
278690
278691
278692
278693
278694
278695
279291
279295
279296
279297
279298
279299
279300
279898
279899
279900
279901
279902
279903
279904
279905
279906
279907
280495
280496
280497
280498
280499
280500
280501
280502
280503
280504
280505
280507
281091
281092
281093
281094
281095
281096
281097
281098
281099
281100
281686
281687
281688
281689
281690
281691
282280
282859
282860
282861
283470
283471
283472