394247
394248
394249
394250
394762
394763
394764
394765
394766
394767
394768
394769
394770
395293
395294
395295
395296
395297
395298
395299
395300
395301
395302
395303
395840
395841
395842
395843
395844
395845
395846
395847
395848
395849
395850
396386
396387
396388
396389
396391
396392
396393
396394
396395
396915
396916
396917
396919
396920
396921
396922
397430
397431
397432
397433
397434
397435
397436
397957
397962
397963
397964
397965
397966
397967
397968
397969
397970
397971
398508
398510
398511
398512
398513
398514
398515
398516
398517
398518
398520
399079
399080
399081
399082
399083
399084
399085
399086
399087
399088
399613
399614
399615
399616
399617
399618
399619
399620
400137
400138