372247
372756
372758
372759
372760
372761
372762
373270
373271
373272
373273
373274
373276
373809
373810
373811
373812
373815
373816
373818
374371
374372
374376
374377
374378
374379
374961
374965
374966
374967
374968
374969
375550
375551
375552
375553
376146
376147
376148
376149
376754
376755
376756
376757
376758
376759
376760
376761
377349
377350
377351
377352
377355
377356
377357
377918
377920
377921
377922
377923
377924
377927
377928
377929
377930
378467
378468
378469
378470
378471
378472
378473
378476
378477
378478
378479
379003
379004
379005
379006
379007
379008
379011
379012
379563
379564
379565
379566
379567
379570
380133
380134
380135
380139
380717
380718
381298
381299
381300
381865