162009
162014
162503
162504
162505
162506
162507
162508
162968
162969
162970
162971
162972
162973
162974
163404
163405
163852
163853
164288
164289
164290
164291
164292
164293
164762
164763
164764
164765
164766
164767
164768
164769
164770
164771
165235
165236
165237
165238
165239
165240
165241
165242
165243
165244
165706
165707
165708
165709
165710
165711
165712
165713
165714
165715
165716
166183
166184
166185
166186
166187
166188
166189
166190
166191
166192
166193
166194
166195
166663
166664
166665
166666
166667
166668
166669
166670
166671
166672
166673
166674
166675
167145
167146
167147
167148
167149
167150
167151
167667
167668
167669
167670
168183
168184
168698
168699
168700
168701
169204