353007
353008
353591
353592
353593
353594
353595
353596
354162
354163
354164
354165
354166
354755
354756
354757
354758
354759
354760
354761
354762
355364
355365
355366
355367
355368
355369
355951
355952
355953
355954
355955
355956
356537
356538
356539
356542
356543
356544
356545
357095
357096
357097
357098
357099
357100
357101
357102
357103
357647
357648
357649
357650
357651
357652
357653
358196
358197
358198
358199
358200
358201
358738
358739
358740
358741
358742
359274
359275
359276
359277
359803
359804
359805
359806
359807
360308
360309
360310
360311
360809
360810
360811
360812
360813
360814
361302
361303
361304
361305
361306
361307
361828
361829
361830
362355
362356
362357
362358
362882