10113
10668
10670
10671
11208
11209
11210
11211
11212
11782
11783
11784
11785
11786
11787
11788
11789
11790
11791
12364
12365
12366
12367
12368
12369
12370
12371
12948
12949
12950
12951
12952
12953
12954
12955
13539
13540
13541
13542
13543
13544
13545
13546
13547
13549
14126
14127
14128
14129
14130
14131
14132
14133
14134
14135
14136
14709
14710
14711
14712
14713
14714
14715
14716
14717
14718
14719
14720
15289
15290
15291
15292
15299
15860
15863
15864
15865
15866
15872
16445
16446
16447
16448
16449
16457
17017
17018
17019
17020
17021
17603
17604
18163
18164
18695
19247
19248
19249
19797
19798