484201
484202
484531
484532
484533
484853
484854
485177
485178
485179
485180
485181
485182
485183
485184
485185
485519
485520
485521
485522
485523
485524
485525
485526
485527
485528
485529
485846
485847
485848
485849
485850
485851
485852
485853
485854
485855
485856
485857
485858
485859
486154
486155
486158
486159
486160
486161
486162
486163
486165
486168
486470
486471
486472
486475
486476
486477
486478
486479
486482
486483
486810
486811
486812
486813
486815
486816
486817
486818
486819
486823
486824
486825
486826
487177
487178
487179
487180
487181
487182
487183
487184
487185
487186
487187
487192
487193
487548
487549
487550
487551
487552
487553
487554
487555
487556
487557
487558
487931
487932