486594
486945
486946
486947
487318
487319
487320
487321
487693
487694
487695
487696
487697
487698
487699
488067
488068
488069
488070
488457
488458
488459
488460
488869
488870
488871
488872
488873
488874
489265
489266
489267
489268
489269
489270
489680
489681
489682
489683
489684
489685
489686
489687
489688
490110
490111
490112
490113
490114
490115
490116
490117
490118
490514
490515
490516
490517
490518
490519
490520
490521
490920
490921
490922
490923
490924
490925
490926
491313
491314
491315
491316
491317
491318
491319
491720
491721
491722
491723
491724
491725
491726
491727
491728
491729
492144
492145
492146
492147
492148
492149
492567
492568
492569
492996
492997
492998
492999
493427
493428