65718
65719
65725
66271
66275
66277
66804
66805
66806
66807
66808
66810
66811
67338
67339
67340
67341
67897
67898
67899
67900
67901
68440
68441
68443
68444
68968
68969
68970
69504
69505
69506
69507
70040
70041
70042
70043
70589
70590
70591
70592
71137
71138
71703
72261
72262
72263
72264
72267
72832
72833
72834
72835
72836
72839
72840
72841
73391
73392
73393
73394
73397
73398
73399
73949
73951
73952
73954
73955
73956
73957
73958
73959
74505
74506
74507
74508
74509
74510
74511
74512
74513
74516
74517
75073
75074
75075
75076
75077
75078
75080
75672
75673
75674
75675
75676
76249
76250
76252
76253