330459
330460
330922
330923
330924
330925
330926
330927
330928
330929
330931
330932
330933
330934
331392
331393
331394
331395
331396
331397
331398
331399
331400
331401
331402
331403
331404
331405
331863
331864
331865
331866
331867
331868
331869
331870
331871
331872
331873
331874
331875
331876
331877
331878
331879
332348
332349
332350
332351
332352
332353
332354
332355
332356
332357
332358
332359
332360
332361
332362
332835
332836
332837
332838
332839
332840
332841
332842
332843
332844
332845
332846
332847
332848
332849
332850
332851
333336
333339
333341
333342
333343
333344
333345
333346
333347
333348
333349
333817
333818
333819
333820
334269
334270
334271
334272
334737
334738
334739
335197