432368
432883
432891
432899
432900
433402
433406
433407
433408
433411
433412
433413
433415
433416
433417
433418
433419
433901
433902
433903
433905
433906
433907
433908
433909
433910
433911
433912
433914
433915
433916
433917
433918
434395
434396
434397
434398
434399
434401
434402
434403
434404
434405
434406
434407
434408
434409
434410
434411
434412
434413
434415
434416
434893
434894
434895
434896
434897
434902
434903
434904
434905
434906
434907
434908
434909
434910
434914
434915
435401
435402
435403
435404
435405
435406
435409
435410
435411
435413
435419
435420
435421
435887
435888
435889
435890
435891
435892
435893
435894
435895
435896
435897
435905
435906
435907
436362
436363
436364
436374