272170
272171
272172
272173
272810
272811
272812
272813
272814
273465
273466
273467
273468
273469
274125
274126
274127
274128
274129
274130
274131
274753
274754
274757
274758
275374
275375
275376
276009
276010
276649
276650
276651
277255
277256
277257
277868
277869
278473
278474
278475
279071
279072
279686
279687
280287
280288
280289
280884
280885
280886
281471
281472
281474
281475
281476
281477
281478
281479
281480
281481
282072
282073
282074
282075
282076
282077
282078
282079
282080
282081
282082
282664
282665
282666
282667
283272
283879
284494
284495
285098
285099
285670
285671
286213
286214
286741
286742
286743
286746
287256
287257
287258
287260
287261
287767
287768
287769
287770
287771