114836
115394
115946
115947
115948
115949
116503
116504
116505
117055
117058
117597
117598
117600
118130
118131
118132
118133
118134
118668
118669
118670
119204
119205
119206
119207
119754
119755
119756
120303
120304
120305
120308
120309
120310
120311
120312
120313
120839
120840
120841
120842
120843
120846
120847
120848
120849
120850
121372
121373
121374
121378
121379
121894
121895
121896
121898
121900
122404
122405
122406
122407
122408
122409
122410
122411
122937
122938
122939
122940
122941
122942
123487
123488
123489
123490
123491
123492
124060
124061
124062
124063
124064
124065
124066
124067
124629
124630
124631
124632
124633
124634
125186
125187
125188
125189
125190
125191
125192
125749