248013
248014
248580
248581
248582
248583
249132
249133
249134
249135
249136
249137
249688
249689
249690
249691
249692
249693
249694
249695
249696
249697
249698
250226
250227
250228
250229
250235
250764
250765
250766
250767
250768
250769
250771
250772
250774
251324
251325
251326
251327
251328
251329
251330
251331
251332
251333
251886
251887
251888
251889
251890
251891
251892
251893
251894
251895
251896
252484
252485
252486
252487
252488
252489
252490
252491
252492
253069
253070
253074
253075
253076
253077
253078
253659
253660
254232
254851
254852
255469
255470
255471
255472
256075
256692
256693
256694
257311
257312
257313
257929
258536
258537
258538
258539
258540
259173
259174
259175
259819