181428
181429
181430
181431
182094
182095
182096
182097
182098
182099
182736
182737
182738
182739
182740
182741
182742
183370
183371
183372
183374
183375
183958
183959
183961
183962
183963
184557
184558
184559
184560
184561
184562
185180
185181
185182
185183
185827
185828
185829
185830
185831
186473
186474
186475
186476
186477
187109
187110
187111
187112
187113
187724
187725
187726
187727
187728
187729
187730
188334
188335
188337
188338
188339
188340
188341
188342
188343
188344
188944
188945
188946
188947
188948
188949
188950
188951
188952
188953
188954
188955
189554
189557
189558
189559
189560
189561
189562
189563
189564
190145
190146
190147
190148
190729
190730
191288
191289
191856
191857