485663
485971
485972
485973
485974
485975
486284
486285
486286
486287
486288
486601
486602
486603
486605
486606
486953
486954
486955
486956
486957
486958
486959
486960
486961
486962
487327
487328
487329
487330
487331
487333
487334
487710
487711
487712
487713
487714
487715
487716
487717
488082
488083
488084
488085
488086
488087
488088
488089
488475
488476
488477
488478
488479
488480
488481
488482
488888
488889
488890
488891
488892
488893
488894
489288
489289
489290
489291
489292
489293
489294
489711
489712
489713
489714
489715
489716
489717
490143
490144
490145
490146
490147
490552
490553
490554
490956
490957
490958
490959
490960
491347
491348
491349
491350
491759
491760
491761
491762
492184