103783
104407
104408
104409
104410
104411
105029
105031
105032
105033
105034
105657
105658
105659
105660
106260
106269
106270
106271
106872
106873
106874
106880
106881
106882
107471
107472
107473
107477
107478
107481
107482
107483
107484
108074
108075
108076
108079
108080
108081
108082
108083
108084
108085
108086
108087
108088
108696
108697
108698
108699
108701
108702
108703
108704
108705
109338
109339
109340
109341
109342
109343
109344
109345
109346
109347
109348
109975
109976
109977
109978
109979
109980
109981
109982
109983
109984
110590
110591
110592
110593
110594
110595
110596
110597
110598
110599
110600
111236
111237
111238
111241
111242
111243
111244
111245
111858
111862
111863
111864