297746
298273
298274
298787
298788
298789
299302
299303
299304
299305
299306
299307
299308
299821
299822
299824
299825
299826
299827
300338
300339
300340
300341
300878
300879
300880
300881
301408
301409
301419
301945
301955
301956
302472
302473
302474
302482
302483
303014
303015
303016
303017
303018
303019
303026
303027
303028
303551
303552
303553
303554
303555
303556
303557
303558
303559
303560
303561
303562
303563
303564
303565
304096
304097
304098
304100
304101
304102
304103
304104
304105
304106
304107
304653
304654
304655
304656
304657
304658
304659
304660
305199
305200
305201
305202
305203
305204
305205
305752
305753
305754
305755
305756
305757
305759
306314
306315
306316
306317
306318