282809
283419
283420
284019
284020
284021
284022
284619
284620
284621
284630
284631
284632
284633
285223
285224
285225
285226
285227
285228
285229
285230
285231
285232
285233
285234
285235
285236
285237
285238
285796
285797
285798
285799
285800
285801
285802
285803
285804
285805
285806
285807
285808
285809
285810
285811
285812
286326
286327
286328
286330
286333
286334
286335
286336
286337
286338
286339
286340
286341
286342
286851
286852
286853
286858
286859
286860
286861
286862
286863
286864
287375
287376
287377
287386
287387
287388
287389
287390
287880
287890
287891
287892
287893
288406
288407
288415
288416
288417
288418
288419
288420
288421
288931
288932
288936
288937
288939
288940
288941