384669
385226
385776
385777
385778
386333
386334
386335
386881
386882
386883
386884
386885
386886
386887
386888
387420
387422
387423
387424
387425
387426
387427
387989
387990
387991
387992
387993
388550
388551
388552
388553
388554
389100
389101
389102
389641
389642
389643
389644
390188
390189
390190
390191
390747
390748
390749
390750
390751
390752
390753
391296
391297
391298
391299
391300
391301
391302
391303
391856
391857
391858
391859
391860
391861
391862
391863
391864
391865
392405
392406
392407
392408
392409
392410
392411
392412
392413
392414
392950
392951
392952
392955
392956
392957
393485
393491
393492
393493
393494
394018
394019
394020
394024
394025
394539
394540
394546
395069
395070