86703
86704
86705
86706
86707
87249
87250
87251
87252
87772
87773
87774
87775
88293
88294
88295
88296
88818
88819
89332
89333
89864
89865
89866
89867
90390
90391
90392
90393
90947
90948
90949
91513
91515
91516
91517
91518
92077
92078
92079
92080
92081
92082
92659
92660
92661
92663
93240
93241
93242
93857
93858
93860
93861
93862
93863
93864
93865
94475
94476
94477
94478
94479
94480
94481
94482
94483
95095
95096
95097
95098
95753
95754
95755
95756
95757
95758
96393
96394
96395
96396
97036
97037
97038
97039
97670
97671
97672
97673
98283
98284
98285
98286
98287
98288
98914
98915
98916
99547
99548