300431
300432
300968
301497
301498
302022
302023
302024
302555
302557
302558
303100
303101
303102
303103
303104
303105
303642
303643
303644
303645
304179
304180
304181
304183
304184
304730
304731
304732
304733
304734
304735
304736
304737
305283
305284
305285
305286
305287
305288
305289
305290
305837
305838
305839
305840
306387
306388
306389
306390
306939
306940
306941
306942
307497
307498
307499
307500
307501
307502
308053
308054
308055
308056
308057
308058
308059
308601
308602
308603
308604
308605
308606
308607
308608
309153
309154
309155
309156
309157
309158
309676
309677
309678
309679
309680
309681
310214
310215
310216
310217
310218
310219
310761
310762
310763
310764
310765
311291
311831