455458
455459
455803
455804
456161
456162
456498
456499
456500
456501
456505
456506
456831
456832
456833
456834
456835
456836
456837
456838
456839
456840
457155
457156
457157
457158
457159
457160
457161
457162
457163
457164
457469
457470
457472
457473
457474
457475
457476
457477
457478
457479
457480
457481
457482
457782
457783
457784
457785
457786
457787
457788
457789
457790
457791
457792
457793
457794
457795
458077
458078
458079
458080
458081
458082
458083
458084
458085
458086
458087
458088
458381
458382
458383
458384
458385
458386
458387
458388
458389
458390
458391
458392
458393
458691
458692
458693
458694
458695
458696
458697
458698
458699
458996
458997
458999
459000
459002
459317
459620