251774
251775
251776
252354
252355
252356
252357
252358
252359
252933
252936
252937
252938
252939
252940
252941
252942
253508
253509
253510
253511
253512
253513
253515
253516
253517
253518
254079
254080
254081
254082
254083
254084
254085
254086
254087
254088
254089
254090
254091
254681
254682
254683
254684
254685
254686
254687
254688
254689
254690
254691
254692
254693
254694
255294
255295
255296
255297
255298
255299
255300
255301
255302
255303
255304
255305
255306
255307
255898
255899
255900
255901
255902
255903
255904
255905
255906
255907
255908
255909
255910
255911
255912
256523
256524
256525
256526
256527
256528
256529
256530
256531
256532
256533
257141
257142
257143
257144
257148
257149