196
197
497383
497384
497863
497864
498350
498351
498352
498354
498355
498356
498357
498855
498856
498857
498858
498859
498860
498861
498862
499373
499374
499375
499376
499377
499378
499379
499380
499386
499387
499388
499907
499908
499909
499910
499911
499912
499914
499915
499916
500442
500443
500444
500445
500446
500447
500448
500451
500452
500453
500454
500979
500982
500983
500984
500985
500990
500991
500992
501504
501506
501507
501508
501509
501514
501515
501518
501519
501520
501521
501522
502011
502013
502020
502021
502022
502024
502025
502026
502027
502028
502468
502469
502470
502477
502478
502479
502480
502481
502482
502483
502484
502485
502924
502932
502937
502938
503403
503404