360505
360506
360507
361000
361001
361495
361496
361497
361498
361499
361500
361501
362022
362023
362024
362025
362026
362027
362555
362556
362557
362558
362559
362560
363078
363079
363080
363081
363587
363588
363589
363590
363591
364111
364115
364116
364622
364623
364625
364627
364628
365120
365121
365122
365123
365125
365126
365127
365610
365611
365612
365613
365614
366079
366080
366081
366557
367036
367037
367038
367039
367544
367545
367546
367547
367548
368039
368042
368546
368547
368548
368549
369048
369049
369050
369527
369528
369529
369530
369531
370005
370006
370007
370008
370009
370010
370498
371002
371511
371512
371513
372027
372028
372029
372530
372531
372532
373042
373043
373044