164176
164180
164632
164636
164637
165104
165105
165106
165107
165108
165109
165110
165578
165579
165580
165581
165586
166061
166062
166063
166068
166546
166547
166548
166549
166550
166554
166555
167033
167034
167035
167036
167037
167038
167543
167544
167545
167546
167547
167549
167550
168057
168058
168059
168060
168061
168062
168586
168587
168588
168589
168590
168591
168592
169094
169095
169096
169097
169098
169099
169100
169101
169103
169601
169602
169603
169604
169605
169606
169607
169608
169609
170123
170124
170125
170126
170127
170128
170129
170132
170133
170666
170667
170668
170671
170672
170674
171222
171223
171224
171225
171749
171750
171751
171752
172266
172267
172268
172779
173288