268991
268992
268994
269617
269619
269620
269626
270260
270261
270262
270263
270264
270265
270267
270268
270269
270901
270902
270903
270904
270905
270907
270909
270910
270911
270913
271549
271550
271551
271555
271556
271558
271559
271560
272197
272198
272202
272203
272204
272207
272834
272835
272836
272837
272838
272839
272841
273490
273491
273492
273493
273494
273495
274155
274156
274157
274158
274159
274160
274161
274785
274786
274787
274788
274789
275410
275411
275412
275413
275414
275415
275416
275417
276040
276041
276042
276043
276044
276046
276683
276684
276685
277288
277289
277903
277904
277905
278509
278510
278511
279102
279103
279104
279105
279714
279715
279717
280315
280316
280908