235129
235130
235131
235687
235688
235689
236273
236274
236275
236276
236278
236890
236891
236892
236893
236894
236895
236896
236897
236898
237509
237510
237511
237512
237513
237514
237515
237516
237517
237518
237519
237520
237521
238135
238136
238137
238138
238139
238140
238141
238142
238143
238144
238145
238146
238726
238727
238728
238729
238730
238731
238732
238733
238734
238735
238736
239343
239344
239345
239346
239347
239348
239349
239350
239351
239352
239353
239354
239355
239356
239979
239980
239981
239982
239983
239984
239985
239986
239987
239988
239989
239990
240576
240577
240578
240579
240580
240581
240582
240583
240584
240585
241145
241146
241147
241148
241721
241722
241723
242312