331982
331983
331984
332460
332461
332462
332468
332943
332944
332945
332946
332947
332948
332949
332950
332951
332952
332953
333431
333432
333433
333434
333435
333436
333437
333438
333439
333440
333441
333442
333884
333885
333886
333887
333888
333889
333890
333891
333892
333893
333894
334338
334339
334340
334341
334342
334343
334345
334346
334347
334348
334349
334803
334804
334805
334806
334807
334808
334809
334810
334811
334812
334813
334814
335262
335263
335264
335265
335266
335267
335268
335269
335270
335271
335272
335721
335724
335725
335726
335727
335728
335729
336177
336178
336179
336180
336181
336182
336183
336662
336663
336664
336665
336666
336667
336668
336669
336670
337165
337166