213447
213984
213985
213986
213987
213988
213989
214552
214553
214554
214555
214556
214557
215141
215142
215143
215144
215716
215717
215718
215719
215720
216287
216288
216289
216290
216291
216292
216857
216858
216859
216860
216861
216862
217428
217429
217430
217431
217432
217433
218002
218005
218006
218007
218008
218009
218558
218559
218560
218563
218564
218565
218566
218567
219103
219104
219105
219107
219108
219111
219112
219612
219613
219614
219615
219618
219619
219620
220144
220145
220146
220147
220152
220153
220712
220713
220718
220719
221275
221276
221281
221282
221828
221829
221831
221832
221833
221834
222352
222353
222354
222355
222356
222357
222358
222882
222883
222884
223395
223396