205540
205541
205544
205545
205552
206093
206094
206095
206096
206097
206098
206099
206100
206101
206105
206649
206650
206651
206652
206653
206654
206655
206656
206657
206658
206659
206660
206661
206662
206663
207196
207197
207198
207199
207200
207201
207202
207203
207204
207205
207206
207207
207208
207209
207210
207211
207733
207734
207735
207736
207737
207738
207739
207740
207741
207742
207743
207744
207745
207746
207747
207748
208241
208242
208243
208244
208245
208246
208247
208250
208251
208252
208253
208254
208255
208256
208257
208258
208748
208749
208750
208751
208755
208756
208757
208758
208759
208760
208762
208763
208764
209245
209247
209248
209249
209250
209251
209252
209253
209255