418198
418689
418690
419194
419195
419199
419200
419201
419678
419679
419680
419681
419682
419683
419684
419685
419686
419687
420178
420179
420180
420181
420182
420183
420184
420185
420186
420663
420664
420665
420666
420667
420668
420669
420670
420671
420672
420673
420674
420676
420677
421157
421158
421159
421160
421161
421162
421163
421164
421165
421166
421167
421168
421169
421622
421623
421624
421625
421626
421627
421628
421629
421630
421631
421635
422087
422088
422089
422090
422091
422092
422093
422094
422095
422096
422545
422546
422547
422548
422549
422550
422551
422552
422553
422554
423011
423013
423014
423017
423018
423019
423020
423486
423487
423491
423492
423493
423494
423967
423968