462936
462937
462938
462939
462941
463254
463255
463256
463257
463258
463260
463586
463587
463588
463589
463590
463591
463592
463593
463902
463903
463904
463905
463906
464229
464230
464231
464232
464574
464575
464576
464919
465246
465248
465249
465250
465251
465253
465254
465255
465561
465562
465566
465567
465568
465569
465570
465571
465572
465573
465574
465575
465576
465900
465901
465902
465903
465904
465905
465909
465910
465911
465912
465913
465914
465915
466240
466241
466242
466244
466253
466254
466255
466256
466257
466567
466568
466569
466570
466571
466572
466573
466585
466586
466587
466902
466903
466904
466905
466906
466916
466917
467234
467235
467236
467237
467238
467548
467549
467550