327697
327698
327699
327700
328227
328228
328229
328727
328728
328729
328730
329210
329211
329212
329670
329671
329672
329673
330125
330126
330581
330584
330585
330586
330587
331054
331055
331056
331057
331058
331059
331060
331061
331062
331063
331526
331527
331528
331529
331530
331531
331532
331533
332006
332007
332008
332009
332010
332012
332013
332485
332486
332487
332488
332489
332490
332491
332492
332969
332970
332971
332972
332973
332974
333459
333460
333461
333462
333463
333908
333909
333910
333911
334362
334363
334364
334825
334826
334827
334828
334829
335281
335282
335283
335284
335285
335742
335743
335744
335745
335746
335747
335748
336195
336196
336197
336198
336682
336683
336684