481479
481480
481481
481826
481827
481828
482172
482173
482174
482507
482508
482509
482510
482840
482841
482842
483192
483193
483194
483195
483197
483541
483542
483543
483546
483547
483548
483549
483893
483894
483895
483896
483897
483899
483900
483901
484232
484233
484234
484235
484236
484237
484238
484558
484559
484560
484561
484562
484564
484565
484566
484567
484882
484883
484884
484885
484886
484888
484889
484890
485205
485206
485207
485208
485209
485552
485553
485554
485555
485556
485880
485881
485882
485883
486189
486190
486191
486192
486193
486506
486847
486848
486849
486850
487216
487217
487218
487219
487581
487582
487583
487584
487958
487959
487960
487961
488348
488349
488350
488756