19171
19711
20251
20252
20253
20254
20821
20822
21376
21924
21925
22454
22455
22456
22974
22975
22976
22977
23503
23504
23505
23506
23507
23508
24024
24025
24026
24027
24028
24534
24535
24536
24537
24538
25029
25030
25032
25033
25034
25035
25036
25520
25521
25522
25523
25524
25525
26012
26013
26014
26015
26520
26521
26522
26523
27010
27011
27012
27013
27014
27015
27512
27513
27514
27515
27516
27517
27518
27519
27520
28018
28019
28020
28021
28022
28023
28024
28025
28026
28499
28500
28501
28502
28505
28506
28968
28972
28973
29436
29437
29439
29440
29441
29906
29907
29909
29910
30385
30387
30388