451509
451510
451829
452150
452151
452152
452155
452156
452457
452460
452461
452462
452464
452465
452466
452467
452790
452791
452792
452793
452794
452795
452796
452797
452798
452800
453128
453130
453453
453454
453455
453456
453771
453772
453773
453774
454085
454086
454087
454088
454089
454090
454387
454388
454389
454390
454391
454707
454708
454709
455023
455024
455025
455026
455033
455034
455035
455036
455337
455338
455339
455340
455341
455342
455350
455351
455675
455676
455677
455678
455679
455680
455683
455685
455686
456036
456037
456040
456041
456042
456043
456387
456388
456389
456390
456391
456392
456393
456394
456395
456727
456729
456730
456731
456732
456733
456734
456735
457058
457059