417585
418072
418073
418557
418558
418562
418563
418564
419061
419062
419063
419064
419065
419066
419067
419068
419069
419070
419550
419551
419552
419553
419554
419555
419556
419557
419558
419559
420041
420042
420044
420045
420046
420047
420048
420049
420050
420051
420532
420533
420534
420535
420536
420538
420539
420540
421034
421036
421037
421039
421040
421041
421042
421509
421510
421970
421971
421972
421973
421974
421975
421977
421978
422425
422426
422427
422428
422429
422430
422431
422888
422889
422890
422891
422892
422893
423360
423361
423362
423363
423364
423365
423838
423839
423840
423841
423842
424328
424329
424330
424331
424332
424822
424823
424824
424825
424826
425302
425303
425304