209886
209887
209888
210370
210371
210372
210877
210878
210879
210880
211399
211400
211401
211402
211403
211404
211405
211406
211927
211928
211929
211930
211931
211932
211933
211934
211935
211936
211937
212444
212445
212446
212447
212448
212449
212450
212451
212452
212954
212955
212956
212957
212958
212959
212960
212961
212962
213477
213479
213480
213481
213482
213483
213484
213485
213486
213487
213488
214027
214028
214029
214030
214031
214032
214033
214034
214035
214036
214037
214038
214039
214040
214601
214602
214603
214604
214606
214607
214608
214609
214610
214611
214612
214613
214614
215191
215192
215193
215194
215195
215196
215197
215198
215199
215200
215201
215202
215203
215771
215772