375528
375530
376123
376124
376125
376126
376127
376128
376729
376730
376731
376732
376733
376734
376735
376736
376737
377325
377326
377328
377329
377330
377331
377332
377333
377334
377335
377336
377337
377890
377891
377894
377895
377896
377897
377898
377899
377900
377901
377902
377903
377904
378441
378442
378443
378444
378446
378447
378448
378449
378451
378452
378453
378454
378455
378456
378457
378979
378980
378981
378982
378983
378984
378985
378986
378987
378988
378989
378990
378991
378994
378995
378996
379543
379544
379545
379546
379547
379550
379551
379552
379553
380115
380116
380117
380118
380119
380122
380123
380124
380698
380699
380701
380702
380703
380707
381274
381275
381839
382392