149249
149780
149781
149782
150323
150324
150325
150326
150327
150856
150857
150858
150859
150860
150861
150862
150863
150864
151399
151400
151401
151402
151403
151404
151405
151406
151968
151969
151970
151971
151972
151973
151974
151975
152535
152536
152537
152538
152539
152541
152542
153069
153070
153071
153072
153073
153074
153075
153076
153077
153604
153605
153606
153607
153608
153609
154121
154122
154123
154124
154125
154126
154634
154635
154636
154637
155124
155125
155126
155129
155603
155604
155605
155606
156059
156060
156061
156062
156063
156529
156530
156531
156532
157012
157013
157014
157015
157504
157505
157506
157985
157986
157987
158477
158478
158479
158945
158946
158947
158948