426283
426284
426285
426286
426792
426793
426794
426795
426796
426797
426798
426799
427335
427336
427337
427339
427340
427341
427856
427857
427858
427859
427860
428375
428376
428377
428378
428379
428380
428381
428879
428880
428881
428882
428883
428884
428885
428886
429415
429416
429417
429418
429419
429420
429977
429978
429979
429980
429981
429982
430518
430520
430521
430522
430523
430524
430525
430526
430527
431043
431044
431045
431046
431047
431048
431049
431050
431564
431565
431566
431568
431569
432064
432065
432066
432067
432068
432069
432583
432584
433102
433103
433615
434119
434121
434122
434610
434611
434612
434613
435101
435102
435103
435104
435105
435106
435107
435604
435605
435606