100715
100719
101387
101388
101391
101393
101394
101395
102046
102047
102048
102049
102053
102054
102055
102056
102670
102671
102672
102673
102676
102677
102678
103292
103293
103294
103295
103296
103297
103298
103299
103300
103301
103302
103915
103916
103917
103918
103919
103920
103921
103922
103923
103924
103925
104539
104540
104541
104542
104543
104544
104545
104546
104547
104548
104549
105162
105163
105164
105165
105166
105168
105169
105170
105171
105776
105777
105778
105779
105780
105781
105782
106389
106390
106391
106392
106393
106394
107001
107002
107003
107004
107005
107600
107601
107602
107603
108203
108204
108831
108832
108833
108834
109478
109479
109480
109481
110123
110125
110746