424599
424600
424602
424603
425081
425082
425083
425084
425085
425086
425087
425088
425091
425092
425093
425094
425562
425565
425566
425567
425568
425569
425570
425571
425572
425573
425574
425575
425576
425577
425578
426048
426049
426050
426051
426052
426053
426054
426055
426056
426057
426058
426546
426547
426548
426549
426550
426551
426552
426553
426554
426555
426556
426557
426558
426559
426560
427081
427082
427083
427084
427085
427086
427087
427088
427089
427090
427091
427092
427093
427606
427607
427608
427609
427610
427611
427612
427613
427614
427615
427616
428117
428118
428119
428120
428121
428122
428123
428643
428644
428645
428646
428647
428648
429167
429168
429169
429170
429712
429713