33789
33790
34292
34293
34294
34295
34296
34810
34811
34812
34813
34814
35332
35333
35334
35335
35336
35842
35844
35845
35846
35847
36339
36340
36341
36342
36343
36344
36822
36823
36824
37294
37295
37296
37297
37773
37774
37775
37776
38260
38261
38262
38773
38774
38775
39288
39289
39290
39291
39295
39296
39297
39817
39818
39819
39820
39821
39822
39823
39824
39825
39826
39827
39828
39829
39830
40346
40347
40348
40349
40350
40351
40352
40353
40354
40355
40356
40357
40877
40878
40879
40880
40881
40882
40883
40884
40885
41419
41421
41422
41423
41424
41987
41988
41989
41990
41991
42572
42573
42574