33891
34394
34917
34918
35427
35428
35429
35430
35927
35928
35929
35930
35931
35932
36414
36415
36416
36417
36418
36419
36420
36881
36882
36883
36884
36885
36886
36887
36888
36889
37357
37358
37359
37360
37361
37362
37363
37364
37365
37366
37367
37368
37369
37839
37840
37841
37842
37843
37844
37845
37846
37847
37848
37849
38331
38332
38333
38334
38335
38336
38337
38338
38339
38340
38341
38342
38846
38847
38848
38849
38851
38852
38853
38854
38855
39369
39370
39371
39373
39374
39375
39376
39377
39378
39904
39905
39906
39907
39908
39909
39910
40431
40432
40433
40434
40435
40962
40963
40964
40965