356969
356970
357523
357524
357525
357527
358083
358084
358085
358086
358626
358627
358628
358629
358630
358631
358632
359160
359161
359162
359163
359164
359165
359166
359167
359168
359169
359170
359688
359689
359690
359691
359692
359693
359694
359695
359696
359697
359698
359699
360217
360218
360219
360220
360221
360222
360223
360224
360714
360715
360716
360717
360718
360720
361214
361215
361216
361217
361218
361219
361221
361738
361739
361740
361741
361742
361743
361744
362273
362274
362276
362277
362278
362279
362280
362800
362801
362802
362803
362804
363303
363304
363305
363306
363307
363824
363825
363826
363827
363828
363829
364340
364341
364342
364343
364344
364345
364856
364857
364858