135249
135250
135858
135859
135860
135861
135862
136463
136464
137065
137066
137067
137068
137069
137647
137648
137649
137650
137651
138226
138227
138228
138815
138816
138817
138818
139418
139419
139420
139421
139422
139423
139424
140024
140025
140026
140027
140028
140029
140633
140634
140635
140636
140637
140638
141228
141229
141230
141231
141232
141233
141234
141806
141807
141808
141809
141810
141811
141812
142377
142378
142379
142380
142381
142382
142383
142940
142941
142942
142943
142944
142945
142946
143499
143500
143501
143502
143503
143504
143505
144043
144044
144045
144046
144047
144048
144584
144585
144586
144587
144588
144589
144590
145145
145146
145147
145148
145707
145708
145709