79504
80101
80102
80103
80104
80682
80683
80684
80685
80686
81257
81258
81259
81801
81802
81803
81804
82395
82397
82995
82996
83004
83571
83572
83580
83581
84124
84125
84126
84129
84130
84131
84133
84134
84135
84136
84695
84696
84697
84700
84701
84702
84703
84704
84705
85256
85257
85259
85260
85261
85262
85263
85264
85265
85266
85268
85829
85830
85831
85832
85833
85834
85835
85836
85837
85838
85839
85840
85841
85842
85843
86377
86378
86379
86380
86381
86382
86383
86384
86385
86944
86945
86946
86947
86948
86949
86951
86952
86953
87486
87487
87488
88001
88002
88003
88520
88521
88522
89054
89055