32582
32583
32584
32585
32586
32587
33082
33083
33084
33085
33086
33087
33591
33592
33593
33594
34088
34089
34090
34091
34092
34093
34602
34603
34604
34605
35133
35134
35135
35137
35138
35641
35642
35643
35644
35645
35646
35647
35648
35649
35650
35651
36137
36138
36139
36140
36141
36142
36143
36144
36145
36613
36614
36615
36616
36617
36618
36619
36620
36621
36622
36623
36624
36625
36626
36627
37083
37084
37085
37086
37087
37088
37090
37091
37556
37557
37558
37559
37560
37561
37562
37563
37566
38043
38044
38045
38046
38047
38050
38553
38554
38555
38556
39061
39062
39063
39064
39587
39588
39589