18108
18109
18113
18114
18115
18116
18640
18641
18642
18643
18645
18646
18647
19188
19189
19190
19191
19192
19193
19194
19195
19196
19730
19731
19732
19733
19734
19735
19736
19737
19738
19739
19740
20273
20274
20275
20276
20277
20279
20280
20281
20282
20283
20284
20843
20844
20847
20848
20849
20850
20851
20852
21401
21402
21403
21404
21405
21406
21407
21408
21409
21410
21411
21946
21947
21948
21949
21950
21951
21952
22474
22475
22476
22477
22478
22479
22480
23001
23002
23003
23004
23005
23006
23529
23530
23531
23532
23533
23535
23536
24048
24049
24050
24051
24052
24556
24557
24558
24559
24560