388481
388482
389027
389028
389570
389571
390111
390112
390669
390670
390671
390672
391220
391221
391776
391777
391778
391779
391780
392322
392323
392324
392325
392326
392868
392869
393401
393402
393936
393937
393938
394457
394458
394459
394460
394461
394989
394990
394991
394992
395536
395537
395538
396092
396093
396625
396626
396627
397154
397155
397156
397157
397672
397673
397674
397675
397676
398208
398209
398210
398211
398212
398213
398760
398761
398762
398763
398764
398765
398766
399309
399310
399313
399314
399315
399316
399317
399836
399838
399839
399840
399841
399842
399843
399844
400347
400348
400349
400350
400351
400352
400353
400844
400845
400846
400847
400848
400849
401348
401349