444748
444749
444750
445116
445117
445118
445119
445120
445121
445483
445484
445485
445486
445487
445849
445850
445851
445852
445853
445854
446210
446211
446212
446213
446214
446215
446216
446217
446218
446219
446568
446569
446570
446571
446572
446573
446902
446903
446904
446905
446906
446907
446908
446909
446910
447208
447209
447210
447211
447212
447213
447214
447215
447515
447516
447517
447518
447519
447520
447521
447823
447824
447825
447826
447827
447828
447829
448157
448158
448159
448160
448162
448163
448490
448491
448492
448493
448494
448496
448497
448816
448817
448818
448819
448820
448821
448822
449139
449140
449141
449142
449143
449144
449145
449476
449477
449807
449808
450151
450152