425369
425370
425371
425372
425849
425850
425851
425852
425853
426340
426341
426344
426345
426346
426347
426859
426860
426862
426863
426864
426865
426866
427403
427404
427405
427406
427407
427408
427409
427410
427922
427923
427924
427925
427926
427927
427928
427929
428439
428440
428441
428442
428443
428444
428445
428446
428447
428448
428449
428938
428942
428943
428944
428945
428946
428947
428948
428949
428950
428951
428952
428953
428954
428955
429473
429474
429475
429476
429477
429478
429479
429480
429481
429482
429483
429484
429485
429486
429487
429488
429489
429490
429491
429492
430037
430038
430039
430040
430041
430042
430043
430044
430045
430046
430047
430048
430049
430581
431115
431638