64221
64222
64801
64802
64803
64804
65385
65386
65387
65388
65389
65948
65949
65950
65951
65952
66495
66496
66497
66500
66501
66502
66503
67027
67028
67031
67032
67033
67035
67036
67572
67573
67574
67575
67576
67577
67578
67580
67581
68134
68135
68136
68137
68138
68139
68140
68141
68142
68143
68144
68145
68675
68676
68677
68678
68679
68680
68681
68684
68685
68686
69207
69208
69209
69210
69211
69212
69213
69214
69215
69216
69218
69222
69752
69753
69754
69755
69756
69757
69758
69759
69760
69761
69764
69765
69766
69767
70288
70289
70290
70291
70292
70299
70300
70833
70834
70843
70844
70845
71389