236016
236017
236018
236019
236617
236618
236619
236620
236621
237240
237241
237242
237243
237244
237245
237246
237247
237858
237859
237860
237861
237862
237863
237864
237865
237866
237867
237868
238466
238467
238468
238469
238470
238471
238472
238473
238474
239077
239078
239079
239080
239081
239082
239083
239084
239085
239086
239710
239711
239712
239713
239714
239715
239716
239717
239718
240338
240339
240340
240341
240342
240343
240344
240916
240917
240919
240920
240921
240922
241478
241481
241482
241483
241484
242062
242063
242066
242648
242649
242651
243240
243241
243242
243243
243244
243245
243838
243839
243840
243841
243842
243843
243844
244426
244427
244428
244429
244430
245030
245031