65914
65915
65916
65917
66460
66461
66462
66463
66464
66989
66990
66991
66992
66993
67537
67538
67539
67540
67541
67542
67543
68101
68102
68103
68104
68105
68106
68107
68108
68642
68643
68644
68645
68646
68648
68649
69169
69170
69171
69172
69175
69176
69177
69178
69180
69717
69718
69719
69722
69723
69724
69725
69726
69727
69728
70258
70259
70263
70264
70265
70266
70267
70268
70805
70806
70807
70810
70811
70812
70813
70814
70815
70816
71364
71365
71366
71367
71368
71369
71370
71371
71372
71374
71925
71926
71927
71928
71929
71930
71932
71933
72490
72491
72492
72493
72494
73046
73047
73048
73049