277315
277930
278535
278536
279127
279128
279742
279743
279744
279745
280340
280341
280342
280343
280344
280932
280933
280934
280935
280936
280937
280938
280939
281525
281526
281527
281528
281529
281530
281531
282120
282121
282122
282123
282124
282125
282126
282127
282128
282129
282130
282131
282132
282133
282704
282705
282706
282707
282708
282709
282710
282711
282712
282713
282714
282715
282716
282717
283321
283322
283323
283324
283325
283326
283327
283328
283329
283330
283331
283332
283932
283933
283934
283936
283938
284546
284547
284548
284549
284550
284551
284552
284553
285147
285148
285149
285150
285151
285722
285723
285724
286258
286259
286260
286261
286787
286788
287306
287307
287308