72557
72558
72559
72563
72564
72565
72566
72567
73110
73111
73112
73113
73114
73115
73116
73117
73118
73119
73679
73680
73681
73682
73683
73684
73685
73686
73687
73688
74237
74238
74239
74240
74241
74242
74243
74244
74245
74246
74247
74790
74791
74793
74794
74795
74797
74798
75360
75361
75362
75363
75364
75365
75366
75367
75368
75369
75370
75958
75959
75960
75961
75962
75963
75964
75965
75966
75967
75968
75969
75970
75971
76530
76531
76532
76533
76534
76535
76536
76537
76539
76540
77097
77098
77099
77100
77101
77102
77103
77104
77106
77657
77658
77665
77666
78235
78236
78237
78829
78830
79423