402954
403434
403435
403909
403910
403911
404376
404377
404378
404379
404837
404838
405288
405289
405744
405745
406206
406207
406208
406209
406210
406665
406666
406667
406668
407107
407110
407111
407112
407113
407548
407549
407550
407551
407552
407553
407554
407988
407989
407990
407991
407992
407993
408433
408434
408435
408436
408437
408438
408439
408440
408441
408867
408869
408870
408871
408872
408873
408874
409324
409325
409327
409789
409791
410245
410246
410247
410248
410694
410695
410696
410697
410698
410699
410700
410701
411146
411147
411148
411149
411150
411151
411152
411612
411613
411614
411615
411616
411617
412080
412081
412082
412083
412084
412085
412566
412567
412568
412569
412570