138084
138671
138672
139264
139265
139266
139267
139268
139269
139270
139870
139871
139872
139873
139876
140477
140478
140479
140480
140481
140482
140483
140484
141079
141080
141081
141082
141083
141084
141085
141659
141660
141661
141662
141663
141664
141665
141666
142222
142223
142224
142225
142226
142227
142228
142229
142230
142787
142788
142789
142790
142791
142793
142794
142795
142796
142797
142798
143349
143350
143351
143352
143353
143355
143356
143357
143358
143359
143360
143361
143905
143906
143907
143908
143909
144432
144433
144434
144435
144436
144980
144981
144982
144984
144985
144986
145542
145543
145544
146106
146107
146684
147235
147236
147237
147238
147797
147798
148339
148340