283290
283291
283896
283897
283898
284507
284508
284509
284510
284511
284512
285111
285112
285113
285114
285115
285116
285117
285118
285119
285685
285686
285687
285688
285689
285690
285691
285692
286227
286228
286229
286230
286231
286232
286233
286757
286758
286759
286760
286763
287272
287273
287274
287275
287276
287278
287781
287782
287785
287786
287787
287788
288314
288315
288316
288318
288319
288320
288838
288839
288840
288841
288842
288843
289326
289327
289328
289329
289330
289331
289332
289808
289809
289810
289811
289812
289813
289814
289815
289816
289817
289818
290303
290304
290305
290306
290307
290308
290309
290310
290311
290799
290800
290801
290802
290803
290804
291258
291259
291724