482929
482930
483283
483635
483637
483638
483640
483642
483977
483978
483979
483980
483981
483982
483983
483984
483985
483986
483987
484318
484319
484320
484321
484322
484323
484324
484325
484649
484650
484653
484654
484655
484656
484657
484658
484659
484963
484964
484965
484966
484967
484968
484969
484970
484971
484972
484973
484974
485285
485286
485287
485288
485289
485290
485291
485292
485293
485294
485630
485631
485632
485633
485634
485635
485636
485637
485638
485639
485947
485948
485949
485950
485951
485953
485954
485955
485956
485957
486257
486258
486259
486265
486266
486267
486268
486269
486576
486577
486578
486585
486586
486924
486926
486927
486936
487300
487301
487302
487674
487675