141820
141821
141822
142392
142393
142394
142955
142956
143512
143513
143514
143515
143516
143517
143518
144055
144056
144057
144058
144059
144060
144061
144062
144063
144064
144066
144067
144068
144596
144597
144598
144599
144600
144601
144602
144603
144604
144605
144607
144608
144609
145153
145154
145155
145156
145157
145158
145159
145160
145161
145162
145163
145165
145166
145167
145168
145716
145717
145718
145719
145720
145722
145724
145725
145726
145727
145728
145729
145730
145731
146279
146280
146283
146284
146285
146286
146287
146288
146290
146291
146292
146293
146849
146850
146853
146854
146855
146856
146857
146858
146859
146860
146861
147393
147394
147395
147396
147935
148484
148485