35944
36431
36902
36903
36904
37382
37383
37384
37385
37864
37865
37866
38351
38352
38353
38354
38355
38356
38357
38866
38867
38868
38869
38870
39390
39391
39392
39393
39394
39923
39924
39925
39926
39927
40450
40451
40452
40453
40454
40455
40983
40984
40985
40986
40987
40988
41532
41533
41534
41535
41536
41537
41538
41539
42104
42105
42106
42107
42108
42109
42110
42111
42112
42682
42683
42684
42685
42686
43251
43252
43253
43811
43812
43813
43814
43815
44371
44372
44373
44374
44909
45437
45438
45439
45440
45441
45954
45956
45957
46463
46464
46466
46939
46940
46941
47411
47412
47413
47849
47850