487296
487297
487666
487667
487668
487669
487670
487671
488035
488036
488037
488038
488039
488040
488041
488042
488043
488044
488045
488427
488428
488429
488430
488431
488432
488433
488434
488435
488436
488837
488838
488839
488840
488841
488842
488843
488844
488845
488846
488847
488848
489242
489243
489244
489245
489246
489247
489661
489662
489663
489664
489665
489666
489667
490093
490094
490095
490096
490097
490098
490099
490101
490499
490500
490501
490502
490503
490504
490505
490506
490507
490908
490909
490910
490911
490912
490913
490914
490915
491300
491301
491302
491303
491304
491707
491708
491709
491710
491711
492129
492130
492133
492134
492549
492550
492551
492552
492553
492555
492973