311001
311002
311539
311540
312068
312069
312071
312072
312073
312074
312570
312571
312573
312574
312575
313040
313041
313042
313043
313044
313045
313517
313518
313519
313520
313521
313995
313996
313997
313998
313999
314458
314459
314460
314461
314901
314902
314903
314904
314907
314908
314909
314910
315348
315349
315350
315351
315352
315353
315354
315355
315356
315357
315802
315803
315804
315805
315806
315807
315808
315809
315810
316263
316264
316265
316266
316267
316268
316270
316271
316731
316732
316733
316734
316735
316736
317202
317203
317204
317205
317206
317207
317683
317684
317685
317686
317687
317688
317689
317690
318169
318170
318171
318172
318173
318174
318685
318686
319173
319174