56538
56546
57037
57038
57039
57040
57046
57047
57048
57049
57596
57597
57598
57599
57604
57606
57607
58137
58138
58139
58140
58142
58143
58144
58145
58146
58147
58148
58149
58705
58706
58707
58708
58709
58710
58711
58712
58713
58714
58715
58716
59264
59265
59266
59267
59268
59269
59270
59271
59272
59273
59274
59275
59863
59864
59865
59866
59867
59868
59870
59871
59872
59873
59874
60481
60482
60483
60484
60485
60486
60487
60488
60489
61084
61086
61087
61088
61667
61668
61669
61670
61671
62273
62274
62275
62277
62848
62849
62850
62851
62852
63415
63416
63417
63418
64016
64017
64018
64019
64614