448093
448416
448417
448418
448419
448420
448421
448422
448423
448741
448742
448743
448744
449061
449062
449063
449064
449393
449394
449395
449396
449723
449724
449725
449726
450062
450063
450064
450065
450066
450392
450393
450394
450395
450396
450397
450720
450721
450722
451051
451052
451053
451054
451367
451368
451369
451370
451683
451684
451685
451686
451687
452000
452001
452002
452003
452004
452322
452323
452324
452325
452651
452652
452653
452654
452984
452985
452986
452987
452988
453316
453317
453318
453319
453320
453321
453641
453642
453951
453952
453953
454258
454259
454260
454580
454581
454582
454584
454585
454900
454901
454902
454903
454904
454905
455211
455212
455213
455541
455542