310404
310406
310407
310408
310944
310945
310946
310947
310948
310949
310950
310951
310952
310953
311483
311484
311485
311486
311487
311488
311489
311490
311491
311492
311493
311494
312014
312015
312016
312017
312018
312019
312020
312021
312022
312023
312024
312025
312525
312526
312527
312528
312530
312531
312532
312533
312534
312999
313000
313002
313003
313004
313005
313006
313007
313466
313467
313468
313469
313471
313472
313473
313474
313475
313944
313945
313946
313947
313948
313949
313950
313951
313952
313953
314408
314409
314410
314411
314412
314413
314414
314415
314416
314417
314859
314860
314861
314862
314863
314864
315304
315305
315306
315307
315308
315757
315758
316214
316215
316216