276819
277439
277440
277442
278050
278051
278052
278053
278054
278055
278056
278060
278666
278667
278668
278669
278670
278671
278672
278673
278674
278675
278677
278678
278679
279268
279270
279271
279272
279273
279274
279275
279276
279277
279278
279279
279280
279281
279282
279875
279877
279878
279879
279880
279881
279882
279883
279884
279885
279886
279887
279888
279889
279890
280474
280475
280476
280477
280478
280479
280480
280481
280482
280483
280484
280485
280486
280487
280488
281072
281073
281074
281075
281076
281077
281078
281079
281080
281081
281082
281083
281084
281670
281671
281672
281673
281674
281675
281676
281677
281678
281679
281680
281681
281682
282262
282263
282271
282837
283448