78140
78141
78722
78723
79310
79311
79312
79313
79314
79315
79316
79900
79901
79902
79903
79904
79905
80485
80486
80487
80488
80489
80490
80491
81071
81072
81073
81074
81075
81619
81620
81621
81622
82204
82205
82206
82208
82209
82801
82802
82803
82804
82805
82806
82807
82808
82809
83389
83390
83391
83392
83393
83394
83395
83960
83961
83962
83963
84525
84526
84527
84528
85096
85097
85098
85099
85100
85101
85671
85672
85673
85674
85675
85676
85677
86230
86231
86232
86233
86234
86235
86236
86237
86786
86787
86788
86789
86790
86791
86792
86793
87332
87333
87334
87335
87336
87852
87853
87854
87855