99044
99045
99674
99688
99689
100320
100321
100322
100336
100337
100338
100339
100340
100987
100990
100991
100992
100993
100994
101001
101002
101003
101004
101666
101667
101668
101669
101670
101671
101672
101673
101680
101681
101682
101683
102309
102310
102312
102313
102314
102315
102316
102317
102320
102321
102322
102324
102918
102919
102921
102922
102923
102924
102925
102926
102929
102930
102931
102933
103535
103536
103537
103538
103539
103540
103541
103542
103543
103544
103545
103546
104171
104172
104175
104176
104177
104178
104802
104803
104804
104805
104806
105413
105414
105415
105416
106017
106018
106019
106626
106627
106628
106629
107224
107225
107226
107227
107827
107828
107829