191072
191073
191074
191075
191076
191638
191639
191640
191641
191642
192205
192206
192207
192208
192209
192210
192211
192212
192757
192758
192759
192760
192761
192762
192763
192764
193307
193308
193309
193310
193311
193312
193313
193314
193315
193316
193317
193847
193848
193849
193850
193851
193852
193853
193854
193855
193856
194412
194413
194414
194415
194416
194417
194418
194419
194420
194421
194979
194980
194981
194982
194983
194984
194985
194986
194987
194988
194989
194990
194991
195511
195512
195513
195514
195515
195516
195517
195518
195519
195520
195521
195522
196053
196054
196055
196060
196572
196573
196574
196575
196576
196579
197094
197095
197096
197097
197615
198172
198727
198728