242109
242110
242702
242703
243299
243301
243884
243885
243895
243896
243897
244471
244472
244479
244480
244481
244482
245078
245079
245088
245089
245090
245091
245690
245691
245701
245702
246274
246275
246276
246285
246286
246864
246865
246866
246873
246875
246876
246877
246878
246879
247456
247457
247458
247459
247462
247463
247464
247467
247468
247469
248020
248021
248022
248023
248024
248025
248027
248028
248029
248032
248033
248034
248035
248590
248591
248592
248593
248594
248595
248596
248597
248598
248599
248600
248601
248602
248603
248604
249143
249144
249145
249146
249147
249148
249150
249151
249152
249153
249154
249703
249704
249705
249706
249707
249712
249713
249714
250240
250248