202522
203103
203104
203105
203106
203107
203108
203109
203110
203111
203683
203684
203685
203686
203687
203688
203689
203690
204236
204237
204240
204241
204243
204244
204245
204789
204793
204795
204796
204797
204798
205333
205334
205335
205336
205339
205340
205341
205881
205882
205883
205884
205885
205886
205887
205889
205890
205891
206435
206436
206437
206438
206439
206440
206441
206442
206443
206444
206981
206982
206983
206984
206985
206987
206988
207513
207514
207515
207516
207517
207518
207519
207520
208032
208033
208034
208035
208036
208037
208038
208039
208537
208538
208539
208540
208541
208542
208543
208544
209034
209035
209036
209037
209038
209039
209040
209513
209514
209515
209516