312124
312125
312622
312623
312624
312625
312626
313093
313094
313095
313567
313568
313569
313570
313571
314044
314045
314046
314047
314504
314505
314506
314507
314953
314954
314955
314956
315401
315402
315403
315404
315405
315856
315857
315858
315859
315860
316320
316321
316322
316323
316789
316790
316791
316792
316793
316794
316795
317269
317270
317271
317272
317273
317274
317275
317276
317752
317753
317754
317755
317756
317757
317758
317759
317760
318242
318243
318244
318245
318246
318247
318248
318249
318250
318251
318252
318759
318760
318761
318762
318763
318764
318765
318766
318767
318768
318769
318770
319254
319255
319256
319260
319261
319262
319263
319744
319745
319749
319750
320232