313665
314129
314130
314131
314578
314589
315026
315027
315028
315029
315032
315033
315034
315035
315036
315474
315475
315476
315478
315479
315480
315481
315482
315483
315937
315938
315939
315940
315941
315942
315943
315944
315945
315946
315947
315948
315949
316398
316399
316400
316401
316402
316403
316404
316405
316406
316407
316408
316409
316410
316857
316858
316860
316861
316862
316863
316864
316865
316866
316867
316868
316869
316870
317340
317342
317343
317344
317345
317346
317347
317348
317349
317350
317351
317833
317834
317835
317836
317837
318335
318336
318337
318338
318339
318340
318341
318851
318852
318853
318854
318855
318856
318857
318858
319342
319343
319344
319345
319346
319839