83402
83403
83971
83972
84535
84536
84537
84538
85098
85099
85104
85105
85106
85108
85674
85675
85676
85680
85681
85682
85683
85684
86232
86233
86234
86235
86236
86240
86241
86242
86789
86790
86791
86792
86793
86799
86800
87333
87334
87335
87336
87337
87338
87339
87340
87345
87346
87347
87853
87854
87855
87856
87857
87858
87859
87860
87864
87865
87866
87867
88372
88375
88376
88377
88378
88379
88380
88381
88382
88897
88898
88899
88900
88901
88902
88903
88904
89401
89402
89403
89404
89405
89406
89407
89408
89409
89938
89939
89940
89941
89942
89943
90468
90469
90470
90471
91019
91020
91021
91589