492754
493187
493188
493189
493190
493191
493611
493612
493613
493614
493615
494033
494034
494035
494036
494037
494038
494039
494477
494478
494479
494480
494481
494482
494483
494929
494930
494931
494932
494933
494934
494935
494936
494937
495378
495379
495380
495381
495382
495383
495384
495385
495843
495844
495845
495846
495847
495848
495849
495850
496291
496292
496293
496294
496744
496745
496746
496747
497226
497227
497228
497706
497707
497708
497709
498176
498177
498178
498179
498674
498675
498676
499190
499191
499192
499695
499696
499697
499698
499699
499700
499701
500223
500224
500225
500226
500227
500228
500229
500755
500757
500758
500759
501280
501281
501282
501283
501797
501798
501799