43419
43981
43982
44526
44527
44528
44529
44530
44531
44532
45051
45052
45053
45054
45055
45056
45057
45058
45059
45061
45062
45063
45064
45586
45587
45588
45589
45590
45591
45592
45593
45594
45595
45596
45597
45598
45599
45600
45601
45602
45603
46091
46092
46093
46094
46095
46096
46097
46100
46101
46102
46103
46104
46105
46106
46107
46607
46608
46609
46610
46611
46612
46613
46614
46615
46616
46617
46618
46620
46621
47070
47071
47072
47073
47074
47075
47076
47079
47080
47081
47082
47083
47084
47531
47532
47533
47534
47535
47536
47537
47543
47974
47975
47976
47977
47978
48447
48448
48449
48926