139629
139630
139631
140253
140254
140255
140263
140264
140265
140266
140866
140867
140868
140869
140870
140871
140872
140875
140876
140877
140878
140879
140880
141453
141454
141455
141456
141457
141458
141459
141460
141461
141462
141463
141464
141465
141466
141467
142037
142038
142039
142040
142041
142042
142043
142044
142045
142046
142047
142048
142610
142611
142612
142613
142614
142615
143170
143171
143172
143173
143174
143175
143176
143177
143178
143731
143732
143733
143734
143735
143736
143737
143738
143739
143740
144255
144256
144257
144258
144259
144260
144261
144262
144263
144799
144800
144801
144803
144804
144805
144806
144807
144808
144810
145368
145370
145373
145374
145375
145376