141696
141697
142261
142262
142263
142264
142829
142830
142831
142832
142833
142834
143384
143385
143386
143387
143388
143389
143390
143391
143392
143397
143932
143933
143934
143935
143936
143937
143938
143939
143940
143942
143943
143944
143945
143946
144456
144457
144458
144460
144461
144462
144463
144464
144465
144466
144467
144468
144469
144470
144471
144472
144473
145002
145003
145004
145006
145007
145008
145009
145010
145011
145012
145013
145014
145018
145563
145564
145566
145567
145568
145569
145570
145571
145572
145573
145574
146128
146129
146130
146132
146133
146134
146135
146136
146137
146138
146139
146140
146701
146702
146703
146704
146705
146706
146707
146708
147253
147254
147257