95373
96027
96028
96672
96673
97321
97322
97323
97933
97934
97935
97936
97937
97938
98536
98537
98538
98539
98540
98541
98542
99150
99151
99152
99153
99154
99155
99785
99786
99787
99788
99789
99790
99791
99792
100438
100439
100440
100441
100442
100443
100444
100445
100446
100447
100448
101112
101113
101114
101115
101116
101117
101118
101119
101120
101121
101788
101790
101791
101792
101793
101794
101795
101796
101797
101798
101799
102433
102435
102436
102437
102438
102439
102440
102441
102442
102443
102444
102445
102446
102447
102448
103066
103067
103068
103069
103070
103071
103072
103073
103074
103075
103076
103077
103677
103678
103680
103681
103683
103684