30092
30588
30589
30590
30591
31085
31086
31087
31592
31593
31594
31595
31596
31598
31599
32115
32116
32117
32118
32119
32120
32121
32646
32647
32648
32649
32650
32652
32653
33143
33144
33145
33147
33148
33149
33651
33652
33653
33654
33656
33657
33658
34158
34159
34160
34161
34162
34163
34164
34165
34671
34672
34673
34674
34675
34676
34677
34678
35196
35197
35198
35199
35200
35201
35202
35715
35716
35717
35718
35719
35720
35721
35722
36211
36212
36213
36214
36215
36216
36217
36218
36219
36220
36688
36689
36690
36695
37154
37155
37156
37157
37158
37626
37627
37628
37629
38100
38101
38612
39121