461994
461995
462313
462314
462315
462628
462629
462630
462946
462947
462948
462949
462950
463265
463266
463267
463268
463598
463599
463600
463601
463914
463915
464240
464241
464581
464913
464914
464915
464924
465239
465240
465241
465242
465243
465244
465245
465248
465249
465250
465251
465252
465554
465555
465556
465557
465558
465559
465560
465561
465562
465566
465567
465568
465569
465570
465571
465894
465895
465896
465897
465898
465899
465904
465905
465907
465908
465909
466234
466235
466236
466237
466238
466239
466240
466241
466244
466561
466562
466563
466564
466565
466567
466568
466569
466570
466571
466572
466573
466895
466896
466897
466898
466903
466904
466905
467227
467228
467229
467235