268780
268781
268782
269409
270049
270682
270683
270684
270685
270686
271340
271341
271342
271343
271344
271345
271989
271990
271993
271994
271995
271996
272638
272639
272640
272641
272642
272643
272644
272645
273283
273284
273285
273286
273287
273288
273289
273290
273939
273940
273941
273942
273943
273944
273945
273946
274584
274585
274586
274587
274588
274589
274590
274591
274592
274593
274594
275211
275212
275213
275214
275215
275216
275217
275218
275219
275220
275221
275850
275851
275852
275853
275854
275855
275856
275857
275858
276499
276500
276501
276502
276503
276504
276505
276506
277116
277117
277118
277119
277120
277737
277738
277739
277740
278350
278351
278352
278353
278957
279575