351341
351342
351897
351898
351899
351900
351901
352449
352450
352451
352452
352453
352454
352455
352456
352457
353009
353010
353011
353012
353013
353014
353015
353016
353017
353597
353598
353599
353600
353601
353602
353603
353604
353605
354171
354172
354173
354174
354175
354176
354177
354178
354768
354769
354773
354774
354775
354776
355375
355379
355380
355381
355382
355383
355965
355966
355967
355968
355969
355970
355971
355972
355973
355974
356552
356553
356554
356555
356556
356557
356558
356559
356560
356561
357112
357113
357114
357115
357116
357117
357118
357119
357120
357660
357661
357662
357663
357664
357665
357666
357667
358210
358211
358212
358750
358751
358752
358753
358754
359287