475893
475894
476231
476232
476233
476234
476235
476576
476577
476578
476579
476580
476581
476582
476934
476935
476936
476937
476938
476939
476940
476941
476942
476943
477293
477294
477295
477296
477297
477298
477299
477300
477301
477302
477303
477665
477666
477667
477668
477669
477670
477671
478042
478043
478044
478045
478046
478047
478048
478049
478050
478051
478409
478410
478411
478412
478413
478414
478415
478416
478417
478759
478760
478761
478762
479102
479103
479104
479105
479106
479107
479108
479109
479110
479427
479429
479430
479431
479432
479433
479434
479750
479751
479752
479753
479754
479755
480071
480072
480073
480074
480075
480076
480389
480390
480391
480392
480393
480394
480698