394049
394050
394051
394052
394569
394570
394571
394572
394573
394574
394575
394577
394578
394579
395096
395097
395098
395099
395100
395101
395102
395103
395105
395106
395107
395108
395109
395110
395641
395642
395643
395644
395645
395646
395647
395648
395649
395650
395651
395652
395653
395654
395655
395656
396201
396202
396203
396204
396205
396206
396207
396208
396209
396210
396211
396212
396213
396214
396215
396737
396738
396739
396740
396741
396742
396743
396744
396745
396746
396747
396748
396749
396750
397260
397261
397262
397263
397266
397267
397268
397269
397782
397783
397784
397785
397787
397788
397789
397790
398319
398320
398321
398322
398881
398882
398883
398884
399433
399434
399435