204835
205380
205381
205382
205383
205384
205385
205386
205387
205930
205931
205932
205933
205934
205935
205936
205937
205938
206480
206481
206482
206483
206484
207026
207027
207028
207029
207030
207031
207553
207554
207555
207558
207559
207560
207561
207562
207563
208072
208073
208074
208076
208077
208078
208079
208080
208083
208084
208577
208578
208579
208580
208582
208583
208584
208585
208586
209071
209072
209073
209074
209075
209076
209077
209550
209551
209552
209553
209554
209555
210047
210048
210049
210050
210051
210052
210533
210534
210535
210536
210537
210538
210539
210540
210541
211045
211046
211047
211048
211049
211050
211051
211052
211053
211561
211562
211563
211564
211565
211566