21658
21659
21660
21661
22188
22189
22190
22191
22192
22193
22709
22710
22711
22712
22713
22714
22715
22716
23233
23234
23235
23236
23237
23238
23239
23240
23241
23242
23760
23761
23762
23763
23764
23765
23766
23767
23768
23769
23770
23771
23772
24277
24278
24279
24280
24281
24282
24283
24284
24285
24286
24287
24288
24289
24775
24776
24777
24778
24779
24780
24781
24782
24783
24784
24785
24786
25268
25269
25270
25271
25272
25273
25274
25773
25774
25775
25776
25777
25778
25779
26274
26275
26276
26277
26278
26279
26775
26776
26777
26778
26779
26780
27263
27264
27265
27266
27267
27268
27269
27766