433093
433094
433604
433605
433606
433607
434108
434109
434597
434599
434600
434602
434603
434604
434606
435089
435090
435091
435092
435093
435094
435095
435096
435097
435098
435099
435584
435585
435586
435588
435589
435590
435591
435592
435593
435594
435595
435596
435597
436060
436061
436063
436066
436067
436068
436069
436070
436071
436072
436073
436074
436075
436516
436517
436518
436521
436522
436523
436524
436525
436526
436527
436528
436529
436958
436959
436960
436961
436963
436964
436965
436966
436967
436968
436969
436970
437412
437413
437414
437416
437417
437418
437419
437420
437421
437422
437860
437861
437862
437863
437864
437865
437866
437868
437869
438308
438309
438310
438313
438752