9570
9571
9572
9573
9574
9575
10093
10094
10095
10099
10100
10101
10649
10654
11194
11766
11767
11768
12352
12353
12354
12355
12356
12357
12931
12932
12933
12934
12935
12936
13522
13523
13524
14104
14105
14106
14107
14108
14683
14684
14685
14686
15265
15266
15267
15268
15269
15270
15271
15272
15273
15838
15839
15840
15841
15842
15843
15844
15845
15846
15847
16418
16419
16420
16421
16422
16423
16424
16425
16426
16427
16428
16429
16996
16997
16998
16999
17000
17001
17002
17003
17004
17580
17583
17584
17585
17586
18141
18142
18676
18677
18678
19225
19226
19227
19228
19776
19777
20315
20316