77012
77013
77014
77015
77567
77568
77569
77570
77571
78135
78136
78138
78139
78140
78141
78142
78143
78715
78716
78717
78718
78719
78720
78721
78722
78724
78725
78726
79306
79307
79308
79309
79310
79311
79312
79313
79314
79315
79316
79317
79897
79898
79899
79900
79901
79902
79903
79904
79905
80485
80486
80487
80488
80489
80490
80491
81071
81073
81074
81075
81620
81621
81622
82203
82204
82206
82801
82802
82803
82804
82805
82806
82807
83385
83386
83387
83388
83389
83390
83391
83392
83393
83958
83962
84521
84522
84523
84524
84527
84528
85090
85091
85092
85093
85094
85100
85101
85669
85670
86225