214480
215054
215055
215056
215057
215614
215615
215616
215617
215618
216180
216181
216182
216183
216185
216186
216187
216188
216189
216743
216744
216747
216748
216749
216750
216751
216752
217309
217310
217311
217313
217314
217315
217316
217317
217321
217323
217324
217871
217872
217874
217875
217878
217879
217880
217881
217882
217883
217884
217885
217886
218429
218430
218432
218433
218435
218436
218437
218438
218439
218440
218441
218442
218983
218984
218985
218986
218991
218992
218993
218994
218995
218996
218997
219496
219501
219502
219503
219504
219505
219506
219507
220034
220035
220037
220038
220039
220040
220041
220042
220601
220602
220603
220604
220605
220606
220607
220608
221165
221170