263315
263316
263317
263318
263913
263914
263915
264528
264529
264530
264531
264532
264533
264534
264535
264536
265153
265154
265155
265156
265157
265158
265159
265160
265161
265780
265781
265782
265783
265784
265785
265786
265787
265788
266406
266407
266408
266409
266411
266412
266413
266414
266415
266416
267015
267016
267017
267018
267019
267020
267021
267022
267023
267024
267025
267625
267627
267628
267631
267633
267634
267635
267636
268258
268259
268260
268261
268262
268266
268267
268268
268885
268886
268887
268888
268889
268890
268891
268892
268893
268894
268895
268897
268898
269505
269506
269507
269508
269509
269510
269511
269512
269513
270147
270148
270149
270150
270151
270152
270788