315358
315359
315360
315814
315815
316276
316277
316749
317221
317222
317703
317704
317705
318187
318188
318189
318697
318698
319188
319189
319190
319191
319192
319679
319680
319681
319682
319683
319684
320169
320170
320171
320172
320173
320174
320651
320652
320653
320654
320655
320656
321126
321127
321128
321129
321130
321596
321597
321598
321599
321600
322050
322051
322052
322520
322521
322522
323016
323017
323018
323019
323020
323021
323489
323490
323491
323492
323493
323494
323972
323973
323974
323975
324482
324483
324484
324485
324996
324997
324998
324999
325000
325001
325002
325524
325525
325526
325527
325528
325529
325530
325531
326048
326049
326050
326051
326565
326566
326567
327080