414067
414068
414547
414548
414549
414550
415075
415076
415077
415609
416143
416662
416663
417142
417143
417146
417147
417148
417155
417608
417609
417610
417612
417613
417614
417615
417616
417617
417618
417621
417622
418093
418097
418098
418099
418100
418101
418102
418103
418104
418105
418106
418581
418584
418585
418586
418587
418588
418589
418590
418591
418592
418593
418594
418595
418596
419082
419083
419084
419085
419086
419087
419088
419089
419090
419091
419092
419093
419094
419095
419096
419097
419577
419578
419579
419580
419581
419582
419583
419584
419585
420071
420072
420073
420074
420075
420076
420077
420078
420079
420080
420081
420082
420561
420562
420563
420565
420566
420567
420568