413529
413530
413531
413532
414010
414011
414012
414013
414492
414493
414494
414495
414496
414497
415013
415014
415015
415016
415017
415018
415019
415020
415024
415540
415541
415542
415543
415544
415545
415546
415547
415548
415549
415550
415551
415552
415553
415554
415555
415556
416067
416068
416069
416070
416071
416072
416073
416074
416075
416076
416077
416078
416079
416080
416081
416082
416586
416587
416588
416589
416590
416591
416592
416593
416594
416595
416596
416597
416598
416599
416600
416601
416604
416605
417073
417074
417075
417076
417077
417078
417079
417080
417083
417084
417085
417087
417088
417537
417538
417539
417540
417541
417542
417543
417548
417549
417550
417551
417552
417553
417554
417555
418025
418026
418027
418028
418029
418030
418031
418032
418037
418038
418042
418044
418045
418509
418510
418511
418512
418513
418514
418515
418516
418521
418522
418523
418527
418528
418529
418530
418531
419008
419009
419010
419011
419012
419013
419014
419015
419016
419017
419020
419021
419022
419023
419028
419029
419030
419031
419032
419033
419034
419502
419503
419504
419514
419521
419522
419523
419524
419525
419526
419527
419528
419529
419977
419988
419989
419990
419993
420008
420009
420010
420011
420012
420013
420014
420015
420477
420478
420486
420491
420492
420493
420494
420506
420507
420508
420509
420510
420511
420512
420513
420962
420963
420964
420965
420973
420974
420975
420976
420977
420978
420979
420980
420982
420998
420999
421000
421001
421002
421003
421004
421005
421006
421007
421434
421435
421436
421437
421439
421440
421441
421448
421449
421450
421453
421454
421455
421456
421457
421470
421471
421472
421473
421474
421475
421476
421477
421478
421479
421897
421898
421899
421900
421901
421902
421903
421904
421906
421907
421911
421912
421913
421914
421915
421916
421917
421918
421919
421920
421921
421922
421923
421924
421931
421932
421933
421934
421935
421936
421937
421938
421939
421940
421941
422356
422357
422358
422359
422360
422361
422362
422363
422364
422365
422366
422367
422368
422369
422370
422371
422372
422373
422374
422375
422376
422377
422378
422379
422383
422388
422389
422390
422391
422392
422393
422394
422395
422396
422813
422814
422815
422816
422817
422818
422819
422820
422821
422822
422823
422824
422825
422826
422827
422828
422829
422830
422831
422832
422833
422834
422835
422836
422837
422838
422839
422840
422851
422852
422853
422854
422855
422857
422858
422859
422860
422861
423285
423286
423287
423288
423289
423290
423291
423292
423293
423294
423295
423296
423297
423298
423299
423300
423301
423302
423303
423304
423305
423306
423307
423308
423309
423310
423311
423312
423313
423314
423315
423317
423327
423328
423329
423330
423331
423332
423333
423334
423335
423336
423768
423769
423770
423771
423772
423773
423774
423777
423778
423779
423780
423781
423782
423783
423784
423785
423786
423787
423788
423789
423790
423791
423792
423793
423794
423795
423796
423797
423798
423799
423800
423801
423802
423814
423815
423816
423817
423818
424245
424246
424247
424248
424249
424250
424251
424252
424253
424254
424255
424256
424257
424258
424259
424260
424261
424262
424263
424265
424266
424267
424268
424269
424270
424271
424272
424273
424274
424275
424276
424277
424278
424279
424280
424281
424295
424296
424297
424298
424299
424301
424302
424303
424304
424736
424737
424738
424739
424740
424741
424742
424743
424744
424745
424746
424747
424748
424749
424750
424751
424752
424753
424754
424755
424756
424758
424759
424760
424761
424762
424763
424764
424765
424766
424767
424768
424769
424770
424771
424772
424773
424774
424775
424776
424777
424778
424789
424790
424791
424792
424793
424794
425222
425223
425224
425225
425226
425227
425228
425229
425230
425231
425233
425234
425235
425236
425237
425238
425239
425242
425243
425244
425245
425246
425247
425248
425249
425250
425251
425252
425253
425254
425255
425256
425257
425258
425259
425260
425261
425273
425274
425275
425701
425702
425703
425704
425705
425706
425707
425708
425709
425710
425711
425712
425713
425714
425717
425718
425719
425720
425721
425722
425723
425724
425725
425726
425727
425728
425729
425731
425732
425733
425734
425735
425749
425750
425751
425752
426191
426192
426193
426194
426195
426196
426197
426198
426199
426200
426201
426202
426203
426204
426205
426206
426207
426208
426209
426210
426211
426212
426213
426214
426215
426216
426217
426218
426219
426220
426221
426234
426699
426700
426705
426706
426707
426708
426710
426711
426712
426713
426714
426715
426716
426719
426720
426722
426723
426724
426725
426737
427227
427228
427229
427230
427233
427234
427235
427236
427237
427238
427239
427240
427241
427242
427245
427246
427253
427255
427256
427268
427269
427744
427745
427746
427747
427753
427754
427755
427756
427757
427759
427760
427763
427772
428255
428256
428257
428258
428259
428260
428261
428267
428268
428269
428270
428271
428272
428273
428274
428764
428765
428766
428767
428768
428769
428770
428771
428772
428773
429284
429285
429286
429287
429288
429289
429292
429293
429294
429295
429296
429297
429298
429299
429300
429301
429302
429303
429304
429305
429306
429307
429308
429827
429828
429829
429830
429831
429832
429833
429834
429835
429836
429837
429838
429839
429840
429841
429842
429843
429844
429845
429846
429847
429848
429849
429850
429851
429852
430367
430368
430369
430370
430371
430372
430373
430374
430375
430376
430377
430378
430379
430380
430381
430382
430383
430384
430385
430386
430387
430388
430389
430890
430891
430892
430893
430894
430895
430896
430897
430898
430899
430900
430901
430902
430903
430904
430905
430906
430907
430908
430909
430910
431422
431423
431424
431425
431426
431427
431428
431429
431430
431431
431432
431433
431434
431435
431436
431437
431438
431439
431440
431938
431939
431940
431941
431942
431943
431944
431945
431946
431947
431948
431949
431950
431951
431952
432453
432454
432455
432456
432457
432458
432459
432460
432461
432462
432463
432464
432465
432466
432467
432468
432469
432470
432979
432980
432981
432982
432983
432984
432985
432986
432987
432988
432989
432990
432991
432992
433495
433496
433497
433498
433499
433500
433501
433502
433503
433504
433505
433506
433507
433508
433509
433510
433511
433994
433995
433996
433997
433998
433999
434000
434001
434002
434003
434004
434005
434006
434007
434008
434009
434010
434011
434491
434492
434493
434494
434495
434496
434497
434498
434499
434500
434501
434502
434503
434504
434505
434985
434986
434987
434988
434989
434990
434991
434992
434993
434994
434995
434996
434997
434998
434999
435000
435493
435494
435495
435496
435497
435498
435499
435500
435501
435986
435987
435988
435989
435990
435991
435992
436439
436440
436441
436442
436443
436444
436445
436446
436447
436448
436450
436451
436452
436453
436889
436890
436891
436892
436893
436894
436895
436896
436897
436898
436899
437337
437338
437339
437340
437341
437342
437343
437344
437345
437787
437788
437789
437790
437791
437792
437793
437794
438234
438235
438236
438237
438238
438239
438684
438686
438687