473774
473775
473776
473777
473778
473779
474103
474104
474105
474106
474107
474108
474109
474419
474420
474421
474422
474423
474424
474425
474426
474427
474428
474745
474746
474747
474748
474749
474750
474751
474752
474753
474754
474755
474756
474757
474758
474759
475064
475065
475066
475067
475068
475069
475070
475071
475072
475073
475074
475075
475076
475077
475078
475398
475399
475400
475401
475402
475403
475404
475405
475406
475407
475408
475409
475410
475411
475412
475413
475414
475415
475416
475737
475738
475739
475740
475741
475742
475743
475744
475745
475746
475747
475748
475749
475750
475751
475752
475753
476049
476050
476064
476072
476073
476074
476075
476076
476077
476078
476079
476080
476081
476082
476083
476084
476086
476087
476088
476089
476090
476091
476377
476378
476379
476380
476381
476385
476392
476393
476394
476401
476402
476403
476404
476405
476406
476407
476408
476409
476410
476411
476412
476413
476414
476415
476416
476417
476418
476419
476420
476421
476422
476423
476725
476726
476727
476728
476729
476730
476731
476733
476734
476735
476736
476737
476738
476743
476744
476745
476746
476747
476748
476749
476760
476761
476762
476763
476764
476765
476766
476767
476768
476769
476770
476771
476772
476773
476774
476775
476776
476777
476778
476779
477084
477085
477086
477087
477088
477089
477090
477091
477092
477093
477094
477095
477096
477097
477101
477102
477103
477104
477105
477106
477107
477108
477109
477113
477118
477119
477120
477121
477122
477123
477124
477125
477126
477127
477128
477129
477130
477131
477132
477133
477134
477135
477136
477137
477437
477438
477440
477441
477442
477443
477444
477445
477446
477447
477448
477449
477450
477454
477455
477456
477457
477458
477459
477460
477461
477462
477463
477468
477471
477472
477473
477474
477475
477476
477477
477478
477479
477480
477481
477482
477483
477484
477485
477486
477487
477488
477489
477490
477491
477812
477813
477814
477815
477816
477817
477818
477819
477820
477821
477824
477825
477826
477827
477828
477834
477835
477836
477838
477839
477840
477841
477846
477847
477848
477849
477850
477851
477852
477853
477854
477855
477856
477857
477858
477859
477860
477861
477862
477863
477864
477865
477866
477867
477868
477869
477870
477871
478188
478189
478191
478192
478193
478194
478195
478196
478198
478199
478200
478201
478202
478203
478207
478208
478213
478214
478215
478216
478218
478219
478220
478221
478222
478223
478224
478225
478228
478229
478230
478231
478232
478233
478234
478235
478236
478237
478238
478239
478240
478241
478544
478545
478547
478548
478549
478551
478552
478553
478554
478555
478556
478557
478559
478560
478561
478564
478566
478567
478568
478569
478570
478571
478572
478573
478574
478575
478576
478577
478578
478582
478583
478584
478585
478586
478587
478588
478589
478590
478591
478592
478593
478595
478596
478885
478886
478889
478890
478891
478892
478893
478894
478895
478896
478897
478898
478899
478900
478901
478902
478903
478904
478905
478906
478907
478908
478909
478910
478911
478912
478913
478914
478915
478916
478917
478918
478919
478920
478921
478923
478924
478925
478926
478927
478928
478929
478930
478931
478932
478933
478934
478935
478936
478937
478938
479233
479234
479235
479236
479237
479238
479239
479240
479241
479242
479243
479244
479245
479246
479247
479248
479249
479250
479251
479252
479253
479254
479255
479256
479257
479258
479259
479260
479263
479264
479265
479266
479267
479268
479269
479270
479271
479272
479273
479274
479275
479276
479277
479278
479279
479280
479281
479282
479283
479284
479285
479555
479556
479557
479558
479559
479560
479561
479562
479563
479564
479565
479566
479567
479568
479569
479570
479571
479572
479573
479574
479575
479576
479577
479578
479579
479580
479581
479582
479584
479585
479586
479587
479588
479589
479590
479591
479592
479593
479594
479595
479596
479597
479598
479599
479600
479601
479602
479603
479604
479605
479870
479871
479872
479873
479874
479875
479876
479877
479878
479879
479880
479881
479882
479883
479884
479885
479886
479887
479888
479889
479890
479891
479892
479893
479894
479896
479897
479899
479900
479901
479902
479903
479904
479905
479906
479907
479908
479909
479910
479911
479912
479913
479914
479915
479916
479917
479918
480185
480186
480187
480188
480189
480190
480191
480192
480193
480194
480195
480196
480197
480198
480199
480200
480201
480202
480203
480204
480205
480208
480209
480210
480211
480212
480213
480214
480215
480216
480217
480218
480219
480220
480221
480222
480223
480224
480225
480226
480227
480228
480229
480230
480231
480232
480233
480234
480235
480502
480503
480504
480505
480506
480507
480508
480509
480510
480511
480512
480513
480514
480515
480516
480517
480520
480521
480522
480523
480524
480525
480526
480527
480528
480529
480530
480531
480532
480533
480534
480535
480536
480537
480538
480539
480540
480541
480542
480543
480544
480545
480546
480809
480810
480811
480812
480813
480814
480815
480816
480817
480818
480819
480820
480821
480823
480824
480825
480826
480828
480829
480830
480831
480832
480833
480834
480835
480836
480837
480838
480839
480840
480841
480842
480843
480844
480845
480846
480847
480848
480849
480850
480851
480852
480853
480854
481120
481121
481122
481123
481124
481125
481126
481127
481128
481129
481130
481131
481132
481133
481135
481136
481137
481138
481139
481140
481141
481142
481143
481144
481145
481146
481147
481148
481149
481150
481151
481152
481153
481154
481155
481156
481157
481158
481159
481160
481437
481438
481439
481440
481441
481442
481443
481444
481449
481450
481451
481452
481453
481454
481456
481457
481458
481459
481460
481461
481462
481463
481464
481465
481466
481467
481468
481469
481470
481471
481472
481473
481474
481475
481476
481477
481478
481781
481782
481783
481784
481785
481786
481787
481788
481789
481790
481795
481796
481797
481800
481801
481802
481803
481804
481805
481806
481807
481808
481809
481810
481811
481812
481813
481814
481815
481816
481817
481818
481819
481820
481821
481824
481825
482122
482123
482124
482125
482126
482127
482128
482129
482130
482137
482138
482139
482140
482141
482142
482143
482144
482145
482146
482150
482151
482152
482153
482154
482155
482156
482157
482158
482159
482160
482161
482162
482163
482164
482165
482166
482167
482457
482458
482459
482460
482461
482462
482463
482464
482473
482475
482476
482484
482485
482486
482487
482488
482489
482490
482491
482492
482493
482494
482495
482496
482497
482498
482499
482500
482795
482796
482799
482800
482810
482812
482813
482820
482821
482822
482823
482824
482825
482826
482827
482828
482829
482830
482831
482832
482833
482834
483152
483173
483174
483175
483176
483177
483178
483179
483180
483181
483182
483183
483184
483185
483526
483527
483528
483529
483530
483531
483532
483533
483534
483535
483875
483876
483877
483878
483879
483880
483881
483882
483883
483884
483886
484209
484210
484211
484212
484213
484214
484215
484216
484217
484218
484219
484221
484540
484541
484542
484543
484544
484545
484546
484547
484548
484549
484865
484873