82169
82171
82759
82760
82761
82762
82763
82764
82765
82766
82767
82768
82769
82770
83347
83348
83349
83350
83351
83352
83353
83354
83356
83357
83358
83916
83917
83918
83919
83920
83921
83922
83923
83924
83925
83926
83927
84479
84481
84482
84483
84485
84486
84487
84488
84489
84490
84491
84492
84493
85052
85053
85055
85056
85057
85058
85059
85060
85061
85062
85063
85064
85628
85629
85630
85631
85632
85633
85634
85635
85636
85637
85638
85639
85640
85641
85642
85643
85644
85645
85646
85647
85649
85650
85651
85652
86186
86187
86188
86189
86190
86191
86192
86193
86194
86195
86196
86197
86198
86199
86200
86201
86202
86203
86204
86205
86206
86207
86210
86746
86747
86748
86749
86750
86751
86752
86753
86754
86755
86756
86757
86758
86759
86760
86761
86762
86763
86764
86765
86766
86767
86768
86769
87289
87290
87291
87292
87293
87294
87295
87296
87297
87298
87299
87300
87301
87302
87303
87304
87305
87306
87307
87308
87309
87310
87311
87811
87812
87813
87814
87815
87816
87817
87818
87819
87820
87821
87822
87823
87824
87825
87826
87827
87828
87829
87830
87831
87832
87833
87834
88328
88329
88330
88331
88333
88334
88335
88336
88337
88338
88339
88340
88341
88342
88343
88344
88345
88346
88347
88348
88349
88350
88846
88847
88848
88849
88850
88853
88854
88855
88856
88857
88858
88859
88860
88861
88862
88863
88864
88865
88866
88867
88868
88869
88870
88871
88872
89352
89353
89354
89357
89358
89359
89360
89361
89362
89363
89364
89365
89366
89367
89368
89369
89370
89371
89372
89373
89374
89375
89376
89377
89884
89885
89886
89887
89888
89889
89890
89891
89892
89893
89894
89895
89896
89897
89898
89899
89900
89901
89902
89903
89904
89905
89906
89907
89908
90404
90409
90410
90411
90412
90413
90414
90415
90416
90417
90418
90419
90420
90421
90422
90423
90424
90425
90426
90427
90428
90429
90430
90431
90432
90433
90434
90435
90436
90437
90438
90439
90955
90956
90957
90961
90962
90963
90964
90965
90966
90967
90968
90969
90970
90971
90972
90973
90974
90975
90976
90977
90978
90979
90980
90981
90982
90983
90984
90985
90986
90987
90988
90989
90990
90991
90992
91524
91525
91526
91527
91528
91529
91530
91531
91532
91533
91534
91535
91536
91537
91538
91539
91540
91541
91542
91543
91544
91545
91546
91547
91548
91549
91550
91551
91552
91553
91554
91555
91556
91557
91558
92091
92092
92093
92094
92095
92096
92097
92098
92099
92100
92101
92102
92103
92104
92105
92106
92109
92110
92111
92112
92113
92114
92115
92116
92117
92118
92119
92120
92121
92122
92123
92124
92125
92670
92671
92672
92673
92674
92675
92676
92677
92678
92679
92680
92681
92682
92683
92684
92685
92686
92688
92689
92690
92691
92692
92693
92694
92695
92696
92697
92698
92699
92700
93251
93252
93253
93254
93255
93256
93257
93258
93259
93260
93261
93262
93263
93264
93265
93266
93268
93269
93270
93271
93272
93273
93274
93275
93276
93277
93278
93279
93280
93281
93282
93283
93869
93870
93871
93872
93873
93874
93875
93876
93877
93878
93879
93880
93881
93882
93883
93884
93885
93886
93891
93892
93893
93894
93895
93896
93897
93898
93899
93900
93901
93902
93903
93904
93905
93906
93907
94488
94489
94490
94491
94492
94493
94494
94495
94496
94497
94498
94499
94500
94501
94505
94506
94507
94508
94509
94510
94511
94513
94514
94515
94516
94517
94518
94519
94520
95109
95110
95111
95112
95113
95114
95115
95116
95117
95118
95119
95120
95121
95122
95130
95131
95132
95133
95138
95139
95140
95141
95142
95143
95771
95772
95773
95774
95775
95776
95777
95778
95779
95780
95781
95782
95783
95784
95789
95790
95791
95792
95793
95794
95801
95802
95803
95804
95805
96409
96410
96411
96412
96413
96414
96416
96418
96419
96420
96421
96422
96423
96428
96429
96430
96436
96437
96438
96439
97056
97057
97059
97060
97061
97062
97063
97066
97067
97068
97069
97070
97071
97072
97073
97074
97078
97079
97086
97087
97088
97685
97686
97687
97688
97689
97690
97691
97692
97693
97694
97696
97697
97698
97699
97700
97701
97702
97703
97704
97715
97716
98298
98299
98301
98302
98303
98304
98305
98306
98307
98308
98309
98310
98311
98312
98313
98314
98315
98316
98317
98318
98328
98925
98926
98927
98928
98929
98930
98931
98932
98933
98934
98935
98936
98937
98938
98939
98940
98941
98942
98954
98955
98956
98957
99558
99559
99560
99561
99562
99563
99564
99565
99566
99567
99568
99569
99570
99571
99572
99573
99574
99575
99576
99577
99578
99579
99580
99581
99591
99592
99593
99598
99599
99600
100214
100215
100216
100217
100218
100219
100220
100221
100222
100223
100224
100225
100226
100227
100228
100229
100230
100243
100244
100245
100249
100250
100874
100875
100876
100877
100878
100879
100880
100881
100882
100883
100884
100885
100886
100887
100888
100889
100890
100891
100892
100893
100894
100895
100896
100897
100908
100909
100911
100912
100913
101557
101559
101560
101561
101562
101563
101564
101565
101566
101567
101568
101569
101570
101571
101572
101573
101574
101575
101576
101577
101578
101579
101587
101588
101589
101590
101591
101592
101593
101594
102217
102218
102220
102221
102222
102223
102224
102225
102226
102227
102228
102232
102233
102235
102236
102242
102243
102244
102245
102247
102248
102249
102250
102824
102825
102826
102827
102828
102829
102830
102831
102832
102834
102837
102838
102839
102842
102848
102849
102850
102854
102855
102856
103445
103446
103447
103448
103449
103450
103451
103457
103458
103459
103460
103461
103468
103469
103470
103471
103472
103473
103474
103475
103476
103477
104073
104074
104075
104076
104077
104088
104100
104101
104102
104103
104104
104105
104106
104107
104109
104110
104696
104697
104698
104699
104700
104701
104702
104724
104725
104727
104728
104729
104730
104734
104735
105324
105325
105343
105344
105346
105347
105348
105349
105351
105352
105923
105924
105925
105949
105950
105953
105954
105955
105956
106538
106539
106540
106567
106568
106569
106572
106573
106574
106575
107167
107168
107169
107170
107171
107172
107173
107174
107175
107176
107177
107178
107179
107759
107760
107761
107762
107763
107764
107765
107766
107767
107768
107769
107770
108371
108372
108373
108374
108375
108376
108377
108378
108379
108380
108381
108998
108999
109000
109001
109002
109004
109005
109006
109007
109008
109009
109641
109642
109643
109644
109648
110277
110278
110279
110280
110281
110896
110897
110898
110899
111528
111529
111530
111531
111532
112109
112110
112111
112714
112715
113315
113316