263193
263194
263195
263791
263792
263794
264401
264402
264403
264404
264405
264406
264407
264409
265027
265028
265029
265030
265031
265032
265033
265034
265035
265036
265662
265663
265664
265665
265666
265667
265668
265669
265670
265671
266296
266297
266298
266299
266300
266301
266302
266895
266896
266897
266898
266899
266900
266901
266902
267508
267509
267510
267511
267512
267513
267514
267515
267516
268139
268140
268141
268142
268143
268144
268145
268146
268147
268760
268761
268762
268763
268764
268765
269387
269388
269389
269390
269391
269392
269393
269396
270025
270026
270027
270028
270033
270664
270665
270666
270667
270668
270669
270670
270671
271324
271325
271326
271327
271328
271329
271330
271331
271332
271333
271334
271977
271978
271979
271980
271981
271982
271983
271984
271985
271986
271987
271988
272627
272628
272629
272630
272631
272632
272633
272634
272635
272636
272637
273270
273271
273272
273273
273274
273275
273276
273277
273278
273279
273280
273281
273282
273924
273925
273926
273927
273928
273929
273930
273931
273932
273933
273934
273935
273936
273937
273938
274569
274570
274571
274572
274573
274574
274575
274576
274577
274578
274579
274580
274581
274582
275188
275194
275195
275196
275197
275198
275199
275200
275201
275202
275203
275204
275205
275206
275207
275208
275209
275826
275827
275833
275834
275835
275836
275837
275838
275839
275840
275841
275842
275843
275844
275845
275846
275847
276471
276472
276473
276474
276481
276482
276483
276484
276485
276486
276487
276488
276489
276490
276491
276492
276493
276494
276495
276496
277087
277088
277089
277090
277091
277092
277093
277098
277099
277100
277101
277102
277103
277104
277105
277106
277107
277108
277109
277110
277111
277112
277113
277699
277700
277701
277702
277703
277704
277705
277706
277707
277708
277709
277711
277714
277715
277716
277717
277718
277719
277720
277721
277722
277723
277724
277725
277726
277727
277728
277729
277730
277731
277732
277733
278312
278313
278314
278315
278316
278317
278318
278319
278320
278321
278322
278323
278324
278325
278326
278327
278328
278329
278330
278331
278332
278333
278334
278335
278336
278337
278338
278339
278340
278341
278342
278343
278344
278345
278346
278348
278349
278919
278920
278921
278922
278923
278924
278925
278926
278927
278928
278929
278930
278931
278932
278933
278934
278935
278936
278937
278938
278939
278940
278941
278942
278943
278944
278945
278947
278948
278949
278950
278951
278952
278953
278954
279537
279538
279539
279540
279541
279542
279543
279544
279545
279546
279547
279548
279549
279550
279551
279552
279553
279554
279555
279556
279557
279558
279559
279560
279561
279562
279563
279564
279565
279566
279567
279568
279569
279570
279571
279572
279573
280141
280142
280143
280144
280145
280146
280147
280148
280149
280150
280151
280152
280153
280154
280155
280156
280157
280158
280159
280160
280161
280162
280163
280164
280165
280166
280167
280168
280169
280170
280171
280172
280173
280174
280175
280176
280177
280178
280179
280735
280736
280737
280738
280739
280740
280741
280742
280743
280744
280745
280746
280747
280748
280749
280750
280751
280752
280753
280754
280755
280756
280757
280758
280759
280760
280761
280762
280763
280764
280765
280766
280767
280768
280769
281331
281332
281333
281334
281335
281336
281337
281338
281339
281340
281341
281342
281343
281344
281346
281347
281348
281349
281350
281351
281352
281353
281354
281355
281356
281357
281358
281359
281360
281361
281925
281926
281927
281928
281929
281930
281931
281932
281934
281935
281936
281937
281938
281939
281940
281941
281942
281943
281944
281945
281946
281947
281948
281949
281950
281951
281952
281953
281954
281955
281956
282510
282511
282512
282513
282514
282515
282516
282517
282518
282519
282520
282521
282522
282523
282524
282525
282526
282527
282528
282529
282530
282531
282532
282533
282534
282535
282536
282537
282538
282539
282540
282541
282542
283106
283107
283108
283109
283110
283111
283112
283113
283114
283115
283116
283117
283118
283119
283120
283121
283122
283123
283124
283125
283126
283127
283128
283129
283130
283131
283132
283133
283134
283135
283136
283137
283138
283714
283715
283716
283717
283718
283719
283720
283721
283722
283723
283724
283725
283726
283727
283728
283729
283730
283731
283732
283733
283734
283735
283736
283737
283738
283739
283740
283741
283742
283743
283744
283745
284330
284331
284332
284333
284334
284335
284336
284337
284338
284339
284340
284341
284342
284343
284344
284345
284346
284347
284348
284349
284350
284351
284352
284353
284354
284355
284356
284357
284931
284932
284933
284934
284935
284936
284937
284938
284939
284940
284941
284942
284943
284944
284945
284946
284947
284948
284949
284950
284951
284952
284953
284954
284955
284956
284957
284958
284959
284960
284961
284962
284963
285512
285513
285514
285515
285516
285517
285518
285519
285521
285522
285523
285524
285525
285526
285527
285528
285529
285530
285531
285532
285533
285534
285535
285536
285537
285538
285539
285540
285541
285542
286059
286060
286061
286062
286063
286064
286065
286066
286067
286068
286069
286070
286071
286072
286073
286074
286075
286076
286077
286078
286079
286080
286081
286082
286083
286084
286085
286086
286087
286088
286089
286090
286091
286092
286573
286575
286576
286577
286578
286579
286580
286581
286582
286583
286584
286585
286586
286587
286588
286589
286590
286592
286593
286594
286596
286597
286598
286599
286600
286601
286602
286603
286604
286605
286606
286607
286608
287084
287085
287086
287087
287088
287089
287090
287091
287092
287093
287094
287095
287096
287097
287098
287099
287100
287101
287102
287103
287104
287108
287109
287112
287113
287114
287115
287116
287117
287118
287119
287120
287604
287605
287606
287607
287608
287609
287610
287611
287612
287613
287614
287615
287616
287617
287618
287619
287620
287621
287631
287632
287633
287634
287635
287636
287637
287638
287639
287640
288120
288121
288123
288124
288125
288126
288127
288128
288129
288130
288131
288132
288133
288134
288135
288136
288138
288139
288151
288152
288153
288154
288155
288156
288157
288158
288159
288160
288161
288162
288163
288657
288658
288659
288660
288661
288662
288663
288664
288665
288666
288667
288668
288669
288670
288671
288672
288673
288683
288684
288685
288686
288687
288688
288689
288690
288691
288692
288693
288694
289155
289156
289157
289158
289159
289160
289161
289162
289163
289164
289165
289166
289167
289168
289169
289181
289182
289183
289184
289185
289186
289187
289188
289189
289190
289628
289629
289630
289631
289632
289633
289634
289635
289636
289637
289638
289639
289640
289641
289652
289653
289654
289655
289656
289657
289658
289659
289660
290137
290138
290139
290140
290141
290142
290143
290144
290145
290163
290164
290165
290166
290167
290168
290169
290170
290627
290628
290629
290632
290633
290634
290635
290636
290637
290638
290639
290640
290641
290659
290660
290661
290662
290663
291103
291106
291107
291108
291109
291110
291111
291112
291113
291130
291131
291132
291133
291134
291135
291581
291582
291583