182
183
184
185
186
641
642
643
644
645
1088
1089
1090
1091
1092
1093
1518
1519
1520
1521
1522
1523
1524
1525
1934
1935
1936
1937
1938
1939
1940
2338
2340
2341
2342
2343
2344
2345
2346
2347
2754
2755
2756
2757
2758
2759
2760
2761
2762
2763
3178
3179
3180
3181
3182
3183
3184
3185
3186
3187
3562
3563
3564
3566
3567
3568
3569
3570
3571
3572
3573
3943
3944
3945
3946
3947
3948
3949
3950
3951
3952
3953
3954
3955
4312
4313
4314
4315
4316
4317
4318
4319
4320
4321
4322
4323
4324
4325
4326
4327
4328
4730
4731
4732
4733
4734
4735
4736
4737
4738
4739
4740
4741
4742
4743
4744
4745
5151
5153
5154
5155
5156
5157
5158
5160
5161
5162
5163
5164
5165
5576
5577
5578
5579
5580
5581
5584
5585
5586
5587
5588
6012
6013
6014
6015
6016
6471
6472
6473
6474
6475
6476
6477
6478
6479
6945
6946
6947
6948
6949
6950
6951
6952
7453
7454
7455
7456
7457
7458
7459
7460
7957
7958
7959
7960
7961
7962
7963
7964
8452
8453
8454
8455
8456
8937
8939
8940
8941
9460
9461
9462
9463
9464
9983
9984
9985
10529
10530
10531
11073
11074
11075
11076
11637
11638
11639
11640
11644
12226
12227
12228
12229
12230
12231
12232
12233
12234
12235
12236
12237
12808
12809
12810
12811
12812
12813
12814
12815
12816
12817
12818
12819
12820
12821
12822
12823
13407
13408
13409
13410
13411
13412
13413
13414
13415
13416
13417
13418
13419
13998
13999
14000
14001
14002
14003
14004
14005
14006
14007
14008
14009
14010
14011
14584
14585
14586
14587
14588
14589
14590
14591
14592
14593
14594
14595
14596
14597
14598
14599
14600
15173
15175
15176
15177
15178
15179
15180
15181
15182
15183
15184
15185
15186
15187
15188
15189
15190
15754
15755
15757
15758
15759
15760
15761
15762
15763
15764
15765
15766
15767
15768
15769
16327
16328
16330
16331
16332
16333
16334
16335
16336
16337
16338
16339
16340
16900
16901
16902
16903
16904
16905
16906
16907
16908
16909
16910
16911
16912
16913
16914
16919
16920
16921
16923
16924
17485
17486
17487
17488
17489
17490
17491
17492
17493
17494
17495
17496
17497
17498
17499
17500
17501
17502
17505
17506
17507
17508
17509
17510
17511
18046
18047
18048
18049
18050
18051
18052
18053
18054
18055
18056
18057
18058
18059
18060
18061
18062
18063
18064
18065
18066
18067
18068
18069
18070
18580
18581
18582
18583
18584
18585
18586
18587
18588
18589
18590
18591
18592
18593
18594
18595
18596
18597
18598
18599
18600
19122
19123
19124
19125
19126
19127
19128
19129
19130
19131
19132
19133
19134
19135
19136
19137
19138
19139
19140
19141
19660
19661
19662
19663
19664
19665
19666
19667
19668
19669
19670
19671
19672
19673
19674
19675
19676
20196
20197
20198
20199
20200
20201
20202
20203
20204
20205
20206
20207
20208
20209
20210
20758
20759
20760
20761
20762
20763
20764
20765
20766
20767
20768
20769
20770
20771
20772
21315
21316
21317
21318
21319
21320
21321
21322
21323
21324
21325
21326
21866
21867
21868
21869
21870
21871
21872
21873
21874
22394
22395
22396
22397
22398
22399
22400
22401
22402
22403
22404
22911
22912
22913
22914
22915
22916
22917
22918
22919
22920
22921
22922
22923
22924
22925
22926
23438
23439
23440
23441
23442
23443
23444
23445
23446
23447
23448
23449
23450
23451
23452
23453
23454
23455
23456
23457
23458
23459
23965
23966
23967
23968
23969
23970
23971
23972
23973
23974
23975
23976
23977
23978
23979
23980
23981
23982
23983
23984
23985
24469
24473
24474
24475
24476
24477
24478
24479
24480
24481
24482
24483
24484
24485
24486
24487
24488
24489
24490
24491
24492
24493
24494
24495
24957
24961
24962
24963
24964
24965
24966
24967
24968
24969
24970
24971
24972
24973
24974
24975
24976
24977
24978
24979
24980
24981
25450
25451
25452
25453
25454
25457
25458
25459
25460
25461
25462
25463
25464
25465
25466
25467
25468
25469
25470
25471
25472
25473
25474
25475
25476
25477
25478
25479
25480
25481
25482
25945
25946
25947
25948
25949
25950
25954
25955
25956
25957
25958
25959
25960
25961
25962
25963
25964
25965
25966
25967
25968
25969
25970
25971
25972
25973
25974
25975
25976
25977
25978
26445
26446
26447
26448
26449
26450
26451
26452
26453
26454
26455
26456
26457
26458
26459
26460
26461
26462
26463
26464
26465
26466
26467
26468
26469
26470
26471
26472
26473
26474
26475
26476
26477
26478
26479
26480
26481
26938
26939
26940
26941
26942
26943
26944
26945
26946
26947
26948
26949
26950
26951
26952
26953
26954
26955
26956
26957
26958
26959
26960
26961
26962
26963
26964
26965
26966
26967
26968
26969
27436
27437
27438
27439
27440
27441
27442
27443
27444
27445
27446
27447
27448
27449
27450
27451
27452
27453
27454
27455
27456
27457
27458
27459
27460
27461
27462
27463
27464
27939
27940
27941
27942
27943
27944
27945
27946
27947
27948
27949
27950
27951
27952
27953
27954
27955
27956
27957
27958
27959
27960
27961
27962
27963
27964
27965
27966
27967
27968
28428
28429
28430
28431
28432
28433
28434
28435
28436
28437
28438
28439
28440
28441
28442
28443
28444
28445
28446
28447
28448
28449
28450
28451
28452
28453
28454
28898
28899
28900
28901
28902
28903
28904
28905
28906
28907
28908
28909
28910
28911
28912
28913
28914
29364
29365
29366
29367
29368
29369
29370
29371
29372
29373
29374
29375
29376
29377
29378
29379
29380
29381
29841
29842
29843
29844
29845
29846
29847
29848
29849
29850
29851
29852
29853
29854
29855
30321
30322
30323
30324
30325
30326
30327
30328
30329
30330
30331
30332
30333
30334
30335
30336
30337
30338
30817
30818
30819
30820
30821
30822
30823
30824
30825
30826
30827
30828
30829
30830
30831
30832
30833
30834
31316
31317
31318
31319
31320
31321
31322
31323
31324
31325
31326
31327
31328
31329
31330
31331
31829
31830
31831
31832
31833
31834
31835
31836
31837
31838
31839
31840
32354
32355
32356
32357
32358
32359
32360
32361
32362
32363
32364
32365
32873
32874
32876
32877
32878
32879
33368
33369
33371
33372
33874
34374
34899
500442
500443
500979
500980
500981
501508
501509
501511
502015
502016
502017
502018
502019
502020
502471
502472
502473
502925
502926
502927
503391
503392
503393
503394