51655
51656
51661
52124
52125
52127
52128
52130
52601
52602
52604
52605
52606
52607
52608
53068
53069
53070
53071
53072
53073
53517
53519
53520
53521
53522
53523
53524
53525
53526
53979
53980
53981
53982
53983
53984
53985
53986
53987
53988
53989
53990
54458
54459
54460
54461
54462
54463
54464
54465
54466
54467
54468
54469
54942
54943
54944
54945
54946
54947
54948
54949
54950
54951
55420
55421
55429
55430
55431
55432
55433
55434
55435
55436
55437
55903
55904
55912
55913
55914
55915
55916
55917
55918
55919
55920
56391
56392
56393
56394
56401
56402
56403
56404
56405
56406
56407
56408
56409
56889
56890
56891
56892
56893
56896
56897
56898
56899
56900
56901
56902
56903
56904
56905
57434
57435
57436
57437
57441
57442
57443
57444
57445
57446
57447
57448
57990
57991
57992
57993
57995
57996
57997
57998
57999
58000
58001
58558
58559
58560
58561
58562
58563
58564
58565
58566
58567
58568
58569
58570
59120
59121
59122
59123
59124
59125
59126
59127
59128
59129
59130
59131
59705
59706
59707
59708
59709
59710
59711
59712
59713
59714
59715
60312
60314
60315
60316
60317
60318
60319
60320
60321
60322
60323
60920
60921
60922
60923
60924
60925
60926
60927
60928
60929
60930
60931
60939
60964
60966
60967
61502
61503
61504
61505
61506
61507
61508
61509
61510
61511
61512
61513
61514
61522
61523
61524
61548
61549
61550
61551
61552
62106
62107
62108
62109
62110
62111
62112
62113
62114
62115
62116
62117
62118
62119
62120
62127
62128
62129
62133
62149
62150
62152
62153
62154
62155
62692
62693
62694
62695
62696
62697
62698
62699
62700
62701
62702
62703
62704
62705
62706
62713
62714
62715
62718
62719
62720
62736
62737
62738
62739
62740
62741
63258
63259
63260
63261
63262
63263
63264
63265
63266
63267
63268
63269
63270
63271
63272
63279
63280
63281
63283
63284
63285
63286
63292
63293
63294
63295
63296
63297
63298
63299
63300
63301
63302
63853
63854
63855
63856
63857
63858
63859
63860
63861
63862
63863
63864
63865
63866
63873
63874
63875
63876
63877
63878
63879
63880
63881
63884
63885
63886
63887
63888
63889
63890
63891
63892
63893
63894
64447
64449
64450
64451
64452
64453
64454
64455
64456
64457
64458
64459
64460
64461
64462
64463
64464
64465
64466
64467
64470
64471
64472
64473
64474
64475
64476
64477
64478
64481
64482
64483
64484
64485
64486
64487
64488
64489
64490
64491
65036
65037
65038
65039
65040
65041
65042
65043
65044
65045
65046
65047
65048
65049
65050
65051
65052
65053
65054
65055
65056
65057
65058
65059
65060
65061
65062
65063
65064
65065
65066
65067
65068
65069
65070
65071
65072
65073
65074
65075
65076
65077
65078
65079
65611
65612
65613
65614
65615
65616
65617
65618
65619
65620
65621
65622
65623
65624
65625
65626
65627
65628
65629
65630
65631
65632
65633
65634
65635
65636
65637
65638
65639
65640
65641
65642
65643
65644
65645
65646
65647
66164
66165
66166
66167
66168
66169
66170
66171
66172
66173
66174
66175
66176
66177
66178
66179
66180
66181
66182
66184
66185
66186
66187
66188
66190
66191
66192
66193
66194
66195
66196
66197
66198
66199
66201
66202
66203
66707
66708
66709
66710
66711
66712
66713
66714
66715
66716
66717
66718
66719
66720
66721
66722
66723
66724
66725
66726
66727
66728
66729
66730
66731
66732
66733
66734
66735
66736
66737
66738
66739
66740
66741
66742
66743
66744
66745
66746
66747
66750
67246
67247
67248
67249
67250
67251
67252
67253
67254
67255
67256
67257
67258
67259
67260
67261
67262
67263
67264
67265
67266
67267
67268
67269
67270
67271
67272
67273
67274
67275
67276
67277
67278
67279
67280
67281
67282
67283
67806
67807
67808
67809
67810
67811
67812
67813
67814
67815
67816
67817
67818
67819
67820
67821
67822
67823
67824
67825
67826
67827
67828
67829
67830
67831
67832
67833
67834
67835
67836
67837
67838
67839
67840
67841
67842
68359
68360
68361
68362
68363
68364
68365
68366
68367
68368
68369
68370
68371
68372
68373
68374
68375
68376
68377
68378
68379
68380
68381
68382
68383
68384
68385
68386
68387
68388
68389
68390
68391
68392
68393
68394
68886
68887
68888
68889
68890
68891
68892
68893
68894
68895
68896
68897
68898
68899
68900
68901
68902
68903
68904
68905
68906
68907
68908
68909
68910
68911
68912
68913
68914
69416
69417
69418
69419
69420
69421
69422
69423
69424
69425
69426
69427
69428
69429
69430
69431
69432
69433
69434
69435
69436
69437
69438
69440
69441
69442
69443
69444
69445
69446
69952
69953
69954
69955
69956
69957
69958
69959
69960
69961
69962
69963
69964
69965
69966
69967
69968
69969
69970
69971
69972
69973
69974
69975
69976
69977
69978
69979
69980
70500
70501
70502
70503
70504
70505
70506
70507
70508
70509
70510
70511
70512
70513
70514
70515
70516
70517
70518
70519
70520
70521
70523
70524
70525
70526
70527
70528
70529
70530
70531
71049
71050
71051
71052
71053
71054
71055
71056
71057
71058
71059
71060
71061
71062
71063
71064
71065
71066
71067
71068
71069
71070
71071
71072
71614
71615
71616
71617
71618
71619
71620
71621
71622
71623
71624
71625
71626
71627
71628
71629
71630
71631
71632
71633
71634
71635
71636
71637
71638
72170
72171
72172
72173
72174
72175
72176
72177
72178
72179
72180
72181
72182
72183
72184
72185
72186
72187
72188
72189
72190
72191
72192
72193
72194
72195
72196
72742
72743
72744
72745
72746
72747
72748
72749
72750
72751
72752
72753
72754
72755
72756
72757
72758
72759
72760
72761
72762
72763
72764
72765
72766
72767
72768
72769
73302
73303
73304
73305
73306
73307
73308
73309
73310
73311
73312
73313
73314
73315
73316
73317
73318
73319
73320
73321
73322
73323
73324
73325
73870
73871
73872
73873
73874
73875
73876
73877
73878
73879
73880
73881
73882
73883
73884
73886
73887
73888
73889
73890
73891
73892
73893
74431
74432
74433
74434
74435
74436
74437
74438
74439
74440
74441
74442
74443
74444
74445
74446
74448
74449
74988
74989
74990
74991
74992
74993
74994
74995
74996
74997
74998
74999
75000
75001
75002
75585
75586
75587
75588
75589
75590
75591
76174
76175
76176
76177
76178
76741
76742
76743
76744
76745
77298
77299
77300
77879
77880
77881
77882
78453
78454
78455
78456
78457
79057
79058
79059
79060
79061
79644
79645
79646
79647
79648
79649
79650
80237
80240
80241
80242
80243