185020
185022
185653
185654
185655
185656
185664
185665
186304
186305
186306
186307
186310
186311
186312
186313
186314
186315
186316
186943
186944
186945
186946
186947
186948
186949
186950
186951
186953
186954
187560
187561
187562
187563
187564
187565
187566
187568
187570
187571
187572
188168
188169
188170
188171
188172
188173
188174
188175
188176
188177
188178
188179
188180
188181
188785
188786
188787
188788
188789
188790
188791
188792
188793
188794
188795
188796
189388
189389
189390
189391
189392
189393
189398
189399
189988
189989
189996
189997
190581
190582
190583
190584
190591
190592
190593
190594
191155
191156
191157
191158
191164
191165
191166
191167
191719
191720
191721
191722
191723
191728
191729
191730
191731
191732
191733
192281
192282
192283
192284
192285
192286
192287
192288
192289
192290
192291
192292
192293
192294
192295
192830
192831
192832
192833
192834
192835
192836
192837
192838
192839
192840
192841
192842
192843
192844
192845
193385
193386
193387
193388
193389
193390
193391
193392
193393
193394
193395
193396
193397
193398
193399
193400
193401
193922
193923
193924
193925
193926
193927
193928
193929
193930
193931
193932
193933
193935
193936
193937
193938
193939
193940
193941
194491
194492
194493
194494
194495
194496
194497
194498
194499
194500
194501
194502
194503
194504
194505
194506
194507
194508
194509
194510
195059
195060
195061
195062
195063
195064
195065
195066
195067
195069
195070
195071
195072
195073
195074
195590
195591
195592
195593
195594
195595
195596
195597
195602
195603
195604
195605
195606
196130
196131
196132
196133
196134
196135
196136
196142
196143
196144
196145
196146
196649
196650
196651
196652
196653
196654
196663
196664
196665
196666
196667
197164
197165
197166
197167
197168
197169
197174
197175
197176
197177
197178
197179
197180
197181
197687
197688
197689
197690
197691
197692
197693
197699
197700
197701
197702
197703
197704
197705
197706
198244
198245
198246
198247
198248
198249
198250
198251
198255
198256
198257
198258
198259
198260
198261
198262
198814
198815
198816
198817
198818
198819
198820
198821
198822
198823
198824
198827
198828
198829
198830
198831
198832
198833
198834
198835
198836
199401
199402
199403
199404
199405
199406
199407
199408
199409
199413
199414
199415
199416
199418
199419
199420
199421
199422
199997
199998
199999
200000
200001
200002
200003
200012
200014
200585
200586
200587
200588
200589
200590
200591
200592
200601
200602
200603
201136
201137
201138
201139
201140
201141
201142
201143
201144
201145
201146
201147
201154
201155
201705
201706
201707
201708
201709
201710
201711
201712
202275
202276
202277
202278
202279
202280
202281
202862
202863
202864
202865
202866
202867
202868
202869
202870
203441
203443
203444
203445
203446
203447
204007
204008
204009
204010
204011
204013
204014
204560
204561
204562
204563
204564
204565
204566
204567
204569
205107
205108
205111
205112
205669
205670
205671
206219
206220
206221
206773
206775
207310
207311
207312
207313
207320
207321
207846
207847
207848
207849
207850
207857
207858
208355
208356
208357
208366
208861
208862
208863
208864
208872
209342
209343
209344
209345
209346
209347
209348
209350
209351
209352
209840
209841
209842
209843
209844
209845
209846
209847
209848
209849
209850
209851
209852
209853
210331
210332
210333
210334
210335
210336
210337
210338
210339
210340
210341
210342
210345
210831
210832
210833
210834
210835
210836
210837
210838
210839
210840
210841
210842
210843
210844
210846
210847
211363
211364
211365
211366
211367
211368
211369
211370
211371
211372
211373
211889
211891
211892
211893
211894
211895
212412
212413
212414
212915
212916
212917
212918
212919
213427
213428
213429
213430
213431
213432
213433
213434
213437
213438
213956
213957
213958
213959
213960
213961
213962
213963
213971
213972
213973
213974
214522
214523
214524
214525
214526
214527
214540
214541
215114
215115
215116
215117
215118
215121
215132
215133
215134
215684
215685
215686
215688
215689
215690
215691
215692
215697
215698
215703
215704
215705
216253
216254
216256
216257
216258
216261
216262
216263
216264
216265
216266
216270
216271
216272
216273
216820
216822
216823
216824
216826
216827
216828
216830
216831
216832
216835
216836
216837
216838
216839
216840
216841
216842
216843
217391
217392
217393
217394
217396
217397
217398
217401
217402
217404
217405
217406
217407
217408
217409
217410
217411
217412
217413
217414
217957
217959
217960
217961
217962
217967
217970
217971
217974
217975
217976
217977
217978
217979
217980
217981
217982
217983
217984
218521
218522
218523
218529
218530
218531
218532
218533
218534
218536
218537
218538
218539
218540
218541
218542
219078
219083
219084
219085
219086
219087
219088
219587
219588
219589
219597
219598
219599
219600
219601
220120
220121
220128
220129
220130
220131
220132
220133
220134
220135
220136
220137
220138
220687
220688
220689
220690
220691
220692
220694
220695
220696
220697
220698
220699
220700
220701
220702
220703
220704
220705
220706
221249
221250
221251
221252
221253
221254
221255
221256
221257
221258
221259
221260
221261
221262
221263
221264
221265
221266
221267
221268
221269
221800
221801
221802
221803
221804
221805
221806
221807
221808
221809
221810
221811
221812
221813
221815
221816
221817
221818
221819
221820
221821
222326
222327
222328
222329
222330
222331
222332
222333
222334
222335
222336
222337
222338
222339
222340
222341
222342
222343
222344
222852
222853
222854
222855
222856
222857
222858
222859
222860
222861
222862
222864
222865
222866
222867
222868
222869
222870
222871
222872
222873
223361
223362
223363
223364
223365
223366
223367
223368
223369
223370
223371
223372
223373
223374
223375
223376
223377
223378
223379
223380
223381
223382
223383
223895
223896
223897
223898
223899
223900
223901
223902
223903
223904
223905
223906
223907
223908
223909
223910
223911
223912
223913
223914
223915
224418
224420
224421
224422
224423
224424
224425
224426
224427
224428
224429
224430
224431
224432
224433
224434
224924
224925
224926
224927
224928
224929
224930
224931
224932
224933
224934
224935
224936
225430
225431
225433
225434
225435
225436
225437
225438
225439
225928
225930
225931
225932
225933
225934
226445
226446
226447
226448
226449
226450
226451
226452
226953
226954
226955
226956
226957
226958
226959
226960
227450
227451
227452
227453
227454
227455
227456
227457
227458
227459
227460
227461
227462
227463
227971
227972
227973
227974
227975
227976
227977
227978
227979
227980
227981
227982
228506
228507
228508
228509
228510
228511
228512
228513
228514
228515
228516
228517
229026
229027
229028
229029
229030
229031
229032
229033
229539
229540
229541
229542
229543
229544
229545
229546
230069
230070
230071
230072
230073
230074
230075
230076
230603
230604
230605
230606
230607
230608
230609
230610
230612
231140
231141
231142
231143
231144
231145
231146
231147
231148
231149
231687
231688
231689
231690
231691
231692
231693
231694
232268
232269
232270
232271
232272
232835
232836
232837
232838
232839
232840
233420
233421
233422
233423
233424
233425