222902
222903
222905
222906
223413
223414
223415
223416
223417
223418
223947
223948
223949
223950
223951
223952
223953
224466
224467
224469
224470
224471
224472
224473
224975
224976
224977
224978
224979
224980
224981
225474
225487
225975
225976
225988
225989
226490
226491
226492
226493
226502
226504
226505
226997
226998
227000
227006
227007
227008
227009
227010
227011
227012
227016
227019
227498
227499
227500
227501
227506
227507
227508
227509
227510
227511
227512
227514
227515
227516
227517
228018
228019
228020
228021
228025
228026
228027
228028
228029
228030
228031
228032
228033
228034
228035
228548
228549
228550
228551
228552
228555
228557
228558
228559
228560
228561
228562
228563
228564
228565
228566
228569
229065
229066
229067
229068
229069
229070
229071
229072
229073
229074
229075
229076
229077
229078
229079
229080
229081
229082
229083
229084
229085
229087
229088
229089
229090
229091
229579
229580
229581
229582
229583
229584
229585
229586
229587
229588
229589
229590
229591
229592
229593
229594
229597
229598
229599
229600
229601
229602
229603
229604
229605
229606
230110
230111
230112
230113
230114
230115
230116
230117
230118
230119
230120
230121
230127
230128
230129
230130
230131
230132
230133
230648
230649
230650
230651
230652
230653
230654
230655
230656
230657
230658
230661
230662
230664
230665
230666
230667
230668
230669
230670
230671
230672
231182
231183
231184
231185
231186
231187
231188
231189
231190
231191
231192
231193
231194
231195
231196
231197
231198
231199
231200
231201
231202
231203
231730
231731
231732
231733
231734
231735
231736
231737
231738
231739
231740
231741
231742
231743
231744
231745
231746
231747
231748
231749
231750
231751
231752
231753
232308
232309
232310
232311
232312
232313
232314
232315
232316
232317
232318
232319
232320
232321
232322
232323
232324
232325
232326
232327
232328
232329
232873
232874
232875
232876
232877
232878
232879
232880
232881
232882
232883
232884
232885
232886
232887
232888
232889
232890
232891
232892
232893
232894
232895
232896
232897
232898
233458
233459
233460
233461
233462
233463
233464
233465
233466
233467
233468
233469
233470
233471
233472
233473
233474
233475
233476
233477
233478
233479
233480
233481
233482
234042
234043
234044
234045
234046
234047
234048
234049
234050
234051
234052
234053
234054
234055
234056
234057
234058
234059
234060
234061
234062
234063
234064
234596
234597
234598
234599
234600
234601
234602
234603
234604
234605
234606
234607
234608
234609
234610
234611
234612
234613
234614
234615
234616
234617
234618
234619
234620
235149
235150
235151
235152
235153
235154
235155
235156
235157
235158
235159
235160
235161
235162
235163
235164
235165
235166
235167
235168
235169
235706
235707
235708
235709
235710
235711
235712
235713
235714
235715
235716
235717
235718
235719
235720
235721
235722
235723
235724
235725
235726
235727
235728
235729
235730
235733
235734
236294
236295
236296
236297
236298
236299
236300
236301
236302
236303
236304
236305
236306
236307
236308
236309
236310
236311
236312
236313
236314
236315
236316
236320
236321
236911
236912
236913
236914
236915
236916
236917
236918
236919
236920
236921
236922
236923
236924
236925
236926
236927
236928
236929
236930
236931
236932
237537
237538
237539
237540
237541
237542
237543
237544
237545
237546
237547
237548
237549
237550
237551
237552
237553
237554
237555
238164
238165
238166
238167
238170
238171
238172
238173
238174
238175
238176
238756
238761
238762
238763
239373
239376
239380
239381
239382
239383
239384
240012
240013
240014
240015
240026
240027
240028
240029
240030
240611
240613
240624
240625
240626
241175
241176
241184
241185
241186
241187
241188
241189
241746
241747
241748
241749
241756
241757
241758
241759
241760
241761
241762
242333
242334
242335
242336
242337
242344
242345
242346
242347
242348
242922
242923
242924
242925
242926
242927
242929
242930
242933
242934
242935
242936
243532
243533
243534
243535
243536
243537
243538
243539
243540
243541
243542
243543
244134
244135
244136
244137
244138
244140
244141
244724
244725
244726
244727
244728
244729
244730
244731
244732
244733
244734
244735
245335
245336
245337
245338
245339
245340
245341
245342
245343
245344
245927
245928
245929
245930
245931
245932
245933
245934
245935
246511
246512
246513
246514
246515
246516
247098
247099
247100
247101
247102
247103
247104
247105
247106
247107
247665
247666
247667
247668
247669
247670
247671
247672
247673
247674
248229
248230
248231
248232
248233
248234
248235
248236
248237
248238
248239
248795
248796
248797
248798
248799
248800
248801
248802
248803
248804
249350
249351
249352
249353
249354
249355
249356
249357
249909
249910
249911
249912
249913
250454
250455
250456
250457
250458
250993
250994
250995
250996
250997
250998
250999
251000
251532
251533
251534
251535
251536
251537
251538
251539
251540
251541
252102
252103
252104
252105
252106
252107
252108
252109
252110
252111
252112
252113
252696
252697
252698
252699
252700
252701
252702
252703
252704
252705
252706
252707
252708
252709
252710
253276
253277
253278
253279
253280
253281
253282
253283
253284
253285
253286
253287
253288
253856
253857
253858
253859
253860
253861
253862
253863
253864
253865
253866
253867
253868
253869
253870
254439
254440
254441
254442
254443
254444
254448
254449
254450
254451
254452
254453
255058
255060
255061
255062
255063
255064
255065
255066
255067
255068
255072
255073
255074
255075
255076
255663
255664
255665
255666
255667
255668
255669
255670
255671
255672
255673
255674
255675
255676
255677
255678
255679
255680
255681
256280
256281
256283
256284
256285
256286
256287
256288
256289
256290
256291
256292
256293
256294
256295
256296
256297
256876
256877
256878
256879
256880
256883
256884
256885
256886
256887
256888
256889
256890
256891
256892
256893
256894
256895
256896
256897
257494
257495
257496
257497
257498
257499
257501
257502
257503
257504
257505
257506
257507
257508
257509
257510
257511
257512
257513
258111
258112
258113
258114
258115
258117
258118
258119
258120
258121
258122
258123
258124
258125
258734
258736
258737
258738
258739
258740
258741
258742
259367
259368
259369
259370
259371
259372
259373
259374
259375
259376
259377
259378
259379
259380
259381
260026
260027
260028
260029
260030
260033
260034
260035
260036
260037
260038
260039
260040
260041
260676
260677
260679
260680
260681
260682
260683
260684
260685
260686
260687
260688
260689
260690
261300
261301
261303
261304
261305
261306
261307
261308
261309
261310
261311
261312
261313
261314
261315
261316
261918
261919
261920
261921
261922
261923
261924
261925
261926
261927
261928
262521
262522
262523
262524
262525
262526
262527
262528
262529
262530
262531
263131
263132
263133
263134
263135
263136
263137
263138
263139
263730
263731
263732
263733
263734
263735
263736
263737
263738
263739
264332
264333
264334
264335
264336
264337
264338
264339
264966
264967
264968
264969
264970
264971
264972
264973
264974
265603
265604
265605
266233
266234
266235
266827
266828
266829
266830
266831
267435
267436
267437
267438
267439
268067