55045
55537
55538
55539
55540
55541
56029
56030
56031
56032
56033
56034
56523
56524
56525
56526
56527
56535
57025
57026
57027
57028
57029
57035
57585
57586
57587
57588
57589
57590
57593
57594
57595
57596
57597
57598
57599
58122
58123
58124
58125
58126
58127
58128
58129
58130
58131
58132
58133
58134
58135
58136
58137
58138
58139
58140
58142
58143
58144
58165
58166
58167
58168
58686
58687
58688
58689
58690
58691
58692
58693
58694
58695
58696
58697
58698
58699
58700
58701
58702
58703
58704
58705
58706
58707
58708
58709
58710
58711
58731
58732
58733
58734
58735
59245
59246
59247
59248
59249
59250
59251
59252
59253
59254
59255
59256
59257
59258
59259
59260
59261
59262
59263
59264
59265
59266
59267
59268
59269
59288
59289
59290
59291
59292
59293
59294
59845
59846
59847
59848
59849
59850
59851
59852
59853
59854
59855
59856
59857
59858
59859
59860
59861
59862
59863
59864
59865
59866
59884
59885
59886
59887
59888
59889
59890
60465
60466
60467
60468
60469
60470
60471
60472
60473
60474
60475
60476
60477
60478
60479
60480
60481
60482
60483
60491
60492
60493
60494
60495
60496
60498
60499
60500
60501
61065
61066
61067
61068
61069
61070
61071
61072
61073
61074
61075
61076
61077
61078
61079
61080
61081
61082
61083
61084
61085
61086
61087
61092
61093
61095
61096
61097
61098
61099
61653
61654
61655
61656
61657
61658
61659
61660
61661
61662
61663
61664
61665
61666
61667
61668
61669
61670
61671
61672
61673
61677
61678
61679
61680
61681
61682
61683
61684
61685
62254
62255
62256
62257
62258
62259
62260
62261
62262
62263
62264
62265
62266
62267
62268
62269
62270
62271
62272
62273
62274
62275
62276
62277
62278
62285
62286
62287
62288
62289
62290
62829
62830
62831
62832
62833
62834
62835
62836
62837
62838
62839
62840
62841
62842
62843
62844
62845
62846
62848
62849
62850
62851
62852
62853
62862
62863
62864
62865
62866
62867
62868
62869
62870
62871
63396
63397
63398
63399
63400
63401
63402
63405
63406
63407
63408
63409
63410
63411
63412
63413
63414
63415
63416
63417
63418
63419
63420
63421
63426
63427
63428
63429
63430
63431
63432
63996
63997
63998
63999
64000
64001
64002
64003
64005
64006
64007
64008
64009
64010
64014
64015
64016
64017
64018
64019
64020
64021
64028
64029
64030
64031
64032
64033
64034
64593
64594
64595
64596
64597
64598
64599
64600
64602
64603
64604
64605
64606
64607
64608
64611
64612
64613
64614
64615
64616
64617
64625
64626
64627
64628
64629
64630
64631
64632
64633
65172
65173
65174
65175
65176
65177
65178
65179
65180
65183
65184
65185
65187
65188
65189
65190
65191
65192
65193
65194
65195
65196
65197
65204
65205
65206
65207
65208
65209
65210
65211
65212
65213
65214
65736
65737
65738
65739
65740
65741
65742
65743
65744
65745
65746
65749
65750
65751
65752
65756
65757
65758
65759
65760
65764
65765
65766
65767
65768
65769
65770
65771
65772
65773
65774
65775
65776
65777
65778
65779
65780
65781
65782
65783
65784
65785
65786
65787
66288
66289
66290
66291
66292
66293
66294
66295
66296
66297
66298
66299
66300
66301
66302
66303
66304
66305
66309
66310
66311
66312
66313
66314
66315
66316
66317
66318
66319
66320
66321
66323
66324
66325
66326
66327
66328
66329
66330
66331
66332
66333
66334
66335
66336
66338
66339
66340
66344
66821
66822
66823
66824
66825
66826
66827
66828
66829
66830
66831
66832
66833
66834
66835
66836
66837
66838
66839
66840
66847
66848
66849
66850
66851
66852
66853
66854
66855
66856
66857
66858
66859
66860
66861
66862
66863
66864
66865
66866
66867
66868
66869
66870
66871
66872
66873
66874
66878
66879
67351
67352
67353
67354
67355
67356
67357
67358
67359
67360
67361
67362
67363
67364
67365
67366
67367
67368
67369
67376
67377
67378
67379
67380
67381
67382
67383
67384
67385
67386
67387
67388
67389
67390
67391
67392
67393
67394
67395
67396
67397
67398
67399
67400
67401
67403
67409
67914
67915
67916
67917
67918
67919
67920
67921
67922
67923
67924
67925
67926
67927
67928
67929
67930
67931
67938
67939
67940
67941
67942
67943
67944
67945
67946
67947
67948
67949
67950
67951
67952
67953
67954
67955
67956
67957
67958
67959
67960
67961
67962
67963
67964
67965
67966
67968
67969
68452
68453
68454
68455
68456
68457
68458
68459
68460
68461
68462
68463
68464
68472
68473
68474
68475
68476
68477
68478
68479
68480
68481
68482
68483
68484
68485
68486
68487
68488
68489
68490
68491
68492
68493
68494
68495
68496
68497
68498
68499
68501
68979
68980
68981
68982
68983
68984
68985
68986
68987
68988
68989
68990
68995
68996
68997
68998
68999
69000
69001
69002
69003
69004
69005
69006
69007
69008
69009
69010
69011
69012
69013
69014
69015
69016
69017
69018
69019
69020
69021
69022
69023
69025
69026
69027
69516
69517
69518
69519
69520
69521
69522
69536
69537
69538
69539
69540
69541
69542
69543
69544
69545
69546
69547
69548
69549
69550
69551
69552
69553
69554
69555
69556
69557
69558
69559
69560
69561
69562
69563
69564
69565
69566
69568
69570
69571
70056
70057
70058
70059
70060
70061
70062
70063
70081
70082
70083
70084
70085
70086
70087
70088
70089
70090
70091
70092
70093
70094
70095
70096
70097
70098
70099
70100
70101
70102
70103
70104
70105
70106
70107
70108
70608
70609
70610
70611
70612
70613
70614
70615
70632
70633
70634
70635
70636
70637
70638
70639
70640
70641
70642
70643
70644
70645
70646
70647
70648
70649
70650
71155
71156
71157
71158
71159
71175
71176
71177
71178
71179
71180
71181
71182
71183
71184
71185
71186
71187
71188
71189
71190
71191
71192
71193
71194
71720
71721
71722
71723
71724
71740
71741
71742
71743
71744
71745
71746
71747
71748
71749
71750
71751
71752
71753
71754
71755
71756
71757
71758
71759
71760
71761
72287
72305
72306
72307
72308
72309
72310
72311
72312
72313
72314
72315
72316
72317
72318
72319
72320
72321
72322
72323
72324
72325
72326
72327
72328
72329
72330
72875
72876
72877
72878
72879
72880
72881
72882
72883
72884
72885
72886
72887
72888
72889
72890
72891
72892
73433
73434
73435
73436
73437
73438
73439
73440
73441
73442
73443
73444
73445
73992
73993
73994
73995
73996
73997
73998
74000
74001
74002
74003
74004
74005
74549
74550
74551
74554
74555
74556
74557
75114
75115
75116
75117
75124
75125
75709