131469
131470
131988
131989
131990
132509
132510
132513
132514
132515
132516
133042
133043
133044
133045
133046
133047
133048
133049
133050
133051
133594
133595
133596
133597
133598
133599
133600
133601
133602
133603
133604
134171
134172
134173
134174
134175
134176
134177
134178
134179
134180
134757
134758
134759
134760
134761
134762
134763
134764
134765
134766
134767
135368
135369
135370
135371
135372
135373
135374
135375
135376
135377
135378
135379
135380
135967
135968
135969
135970
135971
135972
135973
135974
135975
135976
135977
135978
136577
136578
136579
136580
136581
136582
136583
136584
136585
137168
137169
137170
137171
137172
137173
137174
137175
137176
137177
137178
137745
137746
137747
137748
137749
137750
137751
137752
137753
138317
138323
138324
138325
138326
138334
138335
138336
138337
138338
138339
138340
138341
138342
138901
138902
138903
138904
138905
138906
138907
138908
138909
138910
138914
138915
138917
138918
138919
138920
138921
138922
138923
138924
138925
138926
138927
138928
138929
139507
139508
139510
139514
139515
139516
139517
139518
139520
139521
139522
139523
139524
139525
139526
139527
139528
139529
139530
139531
139532
139533
139534
139535
139536
139537
139538
139539
140114
140117
140118
140119
140120
140121
140122
140123
140124
140125
140126
140127
140128
140129
140130
140131
140132
140133
140134
140135
140136
140137
140138
140139
140140
140141
140142
140143
140144
140145
140146
140147
140148
140149
140150
140719
140720
140725
140726
140727
140728
140729
140730
140731
140732
140733
140734
140735
140736
140739
140740
140741
140742
140743
140744
140745
140746
140747
140748
140749
140750
140751
140752
140753
140754
141320
141321
141322
141323
141324
141325
141326
141328
141329
141330
141331
141332
141333
141334
141335
141336
141337
141338
141339
141340
141341
141342
141343
141344
141345
141904
141905
141906
141907
141908
141912
141913
141914
141915
141916
141917
141918
141919
141920
141921
141922
141923
141924
141925
141926
141927
141928
141929
142480
142481
142482
142483
142487
142488
142489
142490
142491
142492
142493
142494
142495
142496
142497
142498
142499
142500
142501
142502
142503
142504
142505
143041
143044
143045
143048
143049
143050
143051
143052
143053
143054
143055
143056
143057
143058
143059
143060
143061
143062
143063
143603
143605
143606
143607
143608
143609
143610
143611
143612
143613
143614
143615
143616
143617
143618
143619
144144
144147
144148
144149
144150
144151
144152
144153
144154
144155
144156
144687
144688
144691
144693
144695
144696
144697
144698
144699
144700
144701
144702
144703
144704
145249
145250
145251
145253
145254
145255
145256
145257
145258
145259
145260
145261
145262
145263
145264
145265
145266
145267
145268
145269
145270
145811
145812
145813
145814
145815
145816
145817
145818
145819
145820
145821
145822
145823
145824
145825
145826
145827
145828
145829
145830
145831
145832
145833
145834
145835
146370
146371
146372
146373
146374
146375
146377
146378
146379
146380
146381
146382
146383
146384
146385
146386
146387
146388
146389
146390
146391
146392
146929
146930
146931
146932
146933
146934
146935
146936
146937
146938
146939
146940
146941
146942
146943
146944
146945
146946
146947
146948
146949
146950
146951
146952
146953
146954
147475
147477
147478
147479
147480
147481
147482
147483
147484
147485
147486
147487
147488
147489
147490
147491
147492
147493
147494
147495
147496
147497
147498
147499
147500
148022
148023
148024
148025
148026
148027
148028
148029
148030
148031
148032
148033
148034
148035
148036
148037
148038
148039
148040
148041
148042
148043
148044
148045
148046
148571
148572
148573
148574
148575
148576
148577
148578
148579
148580
148581
148582
148583
148584
148585
148586
148587
148588
148589
148590
148591
148592
148593
148594
148595
148596
148597
148598
148599
149093
149094
149095
149096
149097
149098
149099
149100
149101
149103
149104
149105
149107
149108
149109
149110
149111
149112
149113
149114
149115
149116
149117
149118
149119
149636
149637
149639
149640
149641
149642
149643
149644
149645
149647
149648
149649
149650
149651
149652
149653
149654
149655
149656
149657
149658
149659
150167
150168
150169
150171
150172
150173
150174
150175
150176
150177
150178
150181
150182
150183
150184
150185
150186
150187
150188
150189
150190
150191
150192
150193
150705
150706
150707
150708
150711
150712
150713
150715
150716
150717
150718
150719
150720
150721
150722
150723
151252
151253
151256
151257
151258
151259
151260
151261
151262
151263
151264
151265
151803
151804
151805
151806
151810
151811
151812
151813
151814
151815
151816
151817
151818
151819
151820
151821
151822
151823
152361
152362
152363
152364
152365
152366
152367
152368
152369
152370
152371
152372
152373
152374
152375
152376
152377
152378
152379
152380
152381
152382
152906
152907
152908
152909
152910
152911
152912
152913
152914
152915
152916
152917
152918
152919
152920
152921
152922
152923
152924
152925
152926
152927
152928
153443
153444
153445
153446
153447
153448
153449
153450
153451
153452
153453
153454
153455
153456
153457
153458
153459
153460
153461
153462
153463
153464
153465
153953
153954
153955
153956
153957
153958
153959
153960
153961
153962
153963
153964
153965
153966
153967
153968
153969
153970
153971
153972
153973
153974
153975
153976
153977
153978
153979
153980
154472
154473
154474
154475
154476
154477
154478
154479
154480
154481
154482
154483
154484
154485
154486
154487
154488
154489
154490
154491
154492
154493
154970
154971
154972
154973
154974
154975
154976
154977
154978
154979
154980
154981
154982
154983
154984
154985
154986
154987
154988
154989
154990
154991
155448
155449
155450
155451
155452
155453
155454
155455
155456
155457
155458
155459
155460
155461
155462
155463
155464
155465
155466
155467
155468
155469
155470
155471
155472
155473
155474
155475
155476
155897
155898
155899
155900
155901
155902
155903
155904
155905
155906
155907
155908
155909
155910
155911
155912
155913
155914
155915
155916
155917
155918
155919
155920
155921
155922
155923
155924
155925
155926
156361
156362
156363
156364
156365
156366
156367
156368
156369
156370
156371
156372
156373
156374
156375
156376
156377
156378
156379
156380
156381
156382
156383
156384
156386
156387
156388
156389
156859
156860
156861
156862
156863
156864
156865
156866
156867
156868
156869
156870
156871
156872
156873
156874
156877
156878
156879
157364
157365
157366
157367
157368
157369
157370
157371
157372
157373
157374
157375
157376
157377
157383
157384
157846
157847
157848
157849
157850
157851
157852
157853
157854
157855
157856
157857
157864
157865
158354
158355
158356
158357
158358
158359
158360
158361
158362
158363
158364
158804
158805
158806
158807
158808
158809
158810
158811
158812
158813
158814
158815
158816
158817
158818
159260
159261
159262
159263
159264
159265
159266
159267
159268
159269
159270
159271
159272
159699
159700
159701
159702
159703
159704
159705
159706
159707
159708
159709
160140
160141
160142
160143
160144
160145
160146
160147
160148
160149
160576
160577
160578
161007