131682
131683
132200
132201
132202
132719
132720
132721
133264
133267
133268
133269
133827
133828
133829
133831
133832
133833
133834
134418
134419
134420
134421
134422
134423
134424
134425
134426
134427
134428
134429
134431
134433
134434
134435
134436
134994
134995
134996
134997
134998
134999
135000
135001
135002
135003
135004
135005
135006
135007
135008
135009
135010
135011
135012
135013
135601
135605
135606
135607
135608
135609
135610
135612
135613
135614
135615
135616
135617
135618
135619
136211
136216
136217
136218
136219
136220
136221
136222
136223
136823
136825
136826
136828
136829
136830
136831
137412
137414
137415
137416
137417
137418
137419
137980
137981
137982
137983
137984
137985
137991
137992
137993
138566
138567
138568
138571
138572
138573
138574
138575
138576
138577
138578
138579
138581
138582
138583
138584
138585
138586
139164
139165
139166
139167
139168
139169
139170
139171
139172
139173
139174
139175
139176
139177
139178
139179
139180
139181
139182
139183
139770
139771
139772
139773
139774
139775
139776
139777
139778
139779
139780
139781
139782
139783
139784
139785
139786
139787
139789
139791
139792
139793
139794
139795
140379
140380
140381
140382
140383
140384
140385
140386
140387
140388
140389
140390
140391
140392
140393
140396
140397
140399
140400
140401
140402
140403
140404
140405
140993
140994
140995
140996
140997
140998
140999
141000
141001
141002
141003
141004
141005
141009
141010
141011
141012
141013
141014
141015
141016
141017
141018
141574
141575
141576
141577
141578
141579
141580
141581
141582
141583
141584
141588
141589
141590
141591
141592
141593
141594
141595
141596
141597
141599
141600
141601
141602
141603
141604
142142
142143
142144
142145
142146
142147
142148
142149
142150
142151
142152
142153
142154
142155
142156
142157
142158
142159
142160
142161
142162
142163
142164
142165
142166
142702
142703
142704
142705
142706
142707
142708
142709
142710
142711
142712
142713
142714
142715
142716
142717
142718
142719
142720
142721
142722
142723
142724
142725
142726
142727
142728
143260
143261
143262
143263
143264
143265
143266
143267
143268
143269
143270
143271
143272
143273
143274
143275
143276
143277
143278
143279
143280
143281
143282
143283
143284
143285
143286
143811
143812
143813
143814
143815
143816
143817
143818
143819
143820
143821
143822
143823
143824
143825
143826
143827
143828
143829
143830
143831
143832
143833
143834
143835
144323
144324
144325
144326
144327
144328
144329
144330
144331
144332
144333
144334
144335
144336
144337
144338
144339
144340
144341
144342
144343
144344
144345
144346
144347
144348
144349
144350
144351
144352
144353
144354
144355
144356
144357
144869
144870
144871
144872
144873
144874
144875
144876
144877
144878
144879
144880
144881
144882
144883
144884
144885
144887
144889
144890
144891
144892
144893
144894
144895
144896
144897
144898
144899
144900
144901
144902
144903
144904
144905
144906
144907
145430
145431
145432
145433
145434
145435
145436
145437
145438
145439
145440
145441
145442
145443
145444
145448
145449
145450
145451
145452
145453
145454
145455
145456
145457
145458
145459
145460
145461
145462
145463
145464
145465
145996
145997
145998
145999
146000
146001
146002
146003
146004
146005
146006
146007
146008
146009
146010
146011
146012
146014
146015
146016
146017
146018
146019
146020
146021
146022
146023
146024
146025
146026
146027
146028
146555
146557
146558
146559
146560
146561
146562
146563
146564
146565
146566
146567
146568
146569
146570
146571
146572
146573
146574
146576
146577
146578
146579
146580
146581
146582
146583
146584
146585
146586
146587
146588
146589
146590
146591
146592
147097
147098
147099
147100
147101
147102
147103
147104
147105
147106
147107
147108
147109
147110
147111
147112
147113
147114
147115
147116
147117
147118
147119
147120
147121
147122
147123
147124
147125
147126
147127
147128
147129
147130
147131
147132
147133
147134
147135
147136
147137
147646
147647
147648
147649
147650
147651
147652
147653
147654
147655
147656
147657
147658
147659
147660
147661
147662
147663
147664
147665
147666
147667
147668
147669
147670
147671
147672
147673
147674
147675
147676
147677
147678
147679
147680
147681
147682
147683
147684
147685
148176
148177
148178
148179
148180
148181
148182
148183
148184
148185
148186
148187
148188
148189
148190
148191
148192
148193
148194
148195
148196
148197
148198
148199
148200
148201
148202
148203
148206
148208
148209
148210
148211
148212
148213
148214
148734
148735
148736
148737
148738
148739
148740
148741
148742
148743
148744
148745
148746
148747
148748
148749
148750
148751
148752
148753
148754
148755
148756
148757
148758
148759
148760
148761
148763
148764
148765
148766
148767
149257
149258
149259
149260
149261
149263
149264
149265
149266
149267
149268
149269
149270
149271
149272
149273
149274
149275
149276
149277
149278
149279
149280
149281
149282
149283
149284
149285
149286
149287
149288
149289
149290
149291
149292
149293
149790
149791
149792
149793
149794
149795
149800
149801
149802
149803
149804
149805
149806
149807
149808
149809
149810
149811
149812
149813
149814
149815
149816
149817
149818
149819
149820
149822
149823
149824
149825
149826
149827
149828
150332
150333
150334
150335
150336
150337
150340
150341
150342
150343
150344
150345
150346
150347
150348
150349
150350
150351
150352
150353
150354
150355
150356
150357
150358
150360
150361
150362
150363
150869
150871
150872
150873
150874
150875
150876
150877
150878
150879
150880
150881
150882
150883
150884
150885
150886
150887
150888
150889
150891
150892
151411
151412
151413
151414
151415
151416
151417
151418
151419
151420
151421
151422
151423
151424
151425
151426
151427
151429
151432
151980
151981
151982
151983
151984
151985
151986
151987
151988
151989
151990
151995
152547
152548
152549
152550
152551
152552
152553
152554
152555
152556
152557
152558
152559
153081
153082
153083
153084
153085
153086
153087
153088
153089
153090
153091
153092
153093
153094
153618
153619
153620
153621
153622
153623
153624
153625
153626
153627
153628
154137
154138
154139
154140
154141
154142
154143
154144
154145
154146
154147
154652
154653
154654
154655
154656
154657
154658
154659
154660
155141
155142
155143
155144
155145
155146
155147
155148
155149
155150
155151
155152
155620
155621
155622
155623
155624
155625
155626
155627
155628
155629
155630
155631
155632
155633
155634
156081
156082
156083
156084
156085
156086
156087
156088
156089
156090
156091
156092
156093
156094
156095
156096
156550
156551
156552
156553
156554
156555
156556
156557
156558
156559
156560
156561
156562
156563
156564
156565
156566
157038
157039
157040
157041
157042
157043
157044
157045
157046
157047
157048
157049
157525
157526
157527
157528
157529
157530
157531
157532
157533
157534
158007
158008
158009
158010
158011
158012
158013
158014
158015
158499
158500
158501
158502
158503
158504
158505
158506
158507
158966
158967
158968
158969
158970
158971
158972
158973
158974
159408
159409
159410
159411
159412
159413
159414
159840
159841
159842
159843
159844
160275
160276
160705