406565
406566
406568
406569
406570
407010
407011
407012
407013
407014
407015
407448
407449
407450
407451
407452
407882
407883
407884
407885
407886
408338
408339
408340
408341
408342
408343
408786
408787
408788
408789
408790
408791
409227
409228
409229
409230
409231
409232
409233
409234
409699
409700
409701
409702
409703
409704
409705
409706
409707
410170
410171
410174
410175
410620
410621
410622
410623
410624
411070
411071
411072
411073
411074
411075
411076
411537
411538
411539
411540
411541
411542
412000
412001
412002
412003
412004
412005
412483
412484
412485
412486
412487
412488
412489
412490
412491
412492
412493
412968
412969
412970
412971
412972
412973
412974
412975
412976
412977
412978
412979
412980
412981
412982
413458
413459
413460
413461
413462
413463
413464
413465
413466
413467
413469
413470
413471
413472
413937
413938
413939
413940
413941
413942
413943
413944
413947
413948
414428
414429
414430
414431
414432
414433
414434
414435
414436
414437
414438
414439
414931
414932
414937
414938
414939
414940
414941
414942
414943
414944
414945
415464
415465
415466
415467
415469
415470
415471
415472
415473
415474
415475
415476
415477
415478
415479
415480
415481
415482
415992
415993
415994
415995
415996
415997
415998
415999
416000
416001
416002
416003
416004
416005
416006
416007
416008
416507
416508
416509
416510
416511
416512
416513
416514
416515
416516
416517
416518
416519
416520
416521
416522
416523
416524
416525
416526
416527
417004
417005
417006
417007
417008
417009
417010
417011
417012
417013
417014
417015
417016
417017
417018
417019
417020
417470
417471
417472
417473
417474
417475
417476
417477
417478
417479
417480
417481
417482
417483
417484
417485
417486
417487
417961
417962
417964
417965
417966
417967
417968
417970
417971
417972
418441
418446
418450
418451
418452
418453
418454
418934
418935
418948
418949
418950
418951
418952
418953
418954
418955
418956
418957
419430
419431
419432
419433
419434
419435
419436
419437
419451
419453
419454
419457
419458
419459
419460
419920
419921
419922
419923
419924
419925
419926
419927
419938
419941
419942
419943
420420
420421
420422
420423
420424
420425
420426
420427
420439
420440
420441
420442
420443
420909
420910
420911
420912
420913
420914
420915
420916
420917
420924
420925
420926
420927
420928
420929
420930
421379
421380
421381
421382
421383
421384
421385
421386
421387
421388
421389
421395
421396
421397
421398
421399
421400
421401
421847
421848
421849
421850
421851
421852
421853
421854
421863
421865
421866
422308
422309
422310
422311
422312
422313
422314
422315
422325
422326
422327
422764
422765
422766
422767
422768
422769
422770
422771
422772
422773
422774
422775
422778
422779
422782
422783
423234
423235
423236
423237
423238
423239
423240
423241
423242
423243
423244
423245
423246
423247
423248
423249
423251
423252
423254
423255
423257
423258
423712
423713
423714
423715
423716
423717
423718
423719
423720
423721
423722
423723
423724
423725
423726
423727
423728
423730
423731
423732
423733
423734
423736
423737
423738
423739
424187
424188
424189
424190
424191
424192
424193
424194
424195
424196
424197
424198
424199
424200
424201
424202
424203
424204
424205
424206
424207
424208
424209
424210
424212
424213
424214
424215
424216
424678
424679
424680
424681
424682
424683
424684
424685
424686
424687
424688
424689
424690
424692
424693
424694
424695
424696
424697
424698
424699
424700
424702
424704
424705
424706
424707
424708
425169
425170
425172
425173
425174
425175
425176
425177
425178
425181
425182
425183
425184
425185
425186
425187
425188
425189
425190
425191
425192
425193
425194
425197
425198
425199
425200
425648
425649
425650
425651
425652
425653
425654
425657
425658
425659
425660
425661
425662
425663
425664
425665
425666
425667
425668
425669
425670
425671
425674
425675
425676
425677
425678
425679
426132
426133
426134
426135
426136
426137
426138
426143
426144
426145
426146
426147
426148
426149
426150
426151
426152
426153
426154
426155
426156
426157
426158
426159
426160
426161
426162
426163
426164
426165
426166
426167
426643
426644
426645
426646
426647
426648
426649
426650
426651
426653
426654
426655
426656
426657
426658
426659
426660
426661
426662
426663
426664
426665
426666
426667
426668
426669
426670
426671
426672
426673
426674
426675
426676
426677
426678
426679
426680
427168
427169
427170
427171
427172
427173
427174
427175
427176
427177
427178
427179
427180
427181
427182
427183
427184
427185
427186
427187
427188
427189
427190
427191
427192
427193
427194
427195
427196
427197
427198
427199
427200
427201
427202
427203
427204
427205
427693
427694
427695
427696
427697
427698
427699
427700
427702
427704
427705
427706
427707
427708
427709
427710
427711
427712
427713
427714
427715
427716
427717
427718
427719
427720
427721
427722
427723
427724
427725
427726
427727
427728
427729
428204
428205
428206
428207
428208
428209
428210
428211
428213
428214
428215
428216
428217
428218
428219
428220
428221
428222
428223
428224
428225
428226
428227
428228
428229
428230
428231
428232
428233
428234
428235
428236
428237
428238
428239
428240
428726
428727
428728
428729
428730
428731
428732
428733
428734
428735
428736
428737
428738
428739
428740
428741
428742
428743
428744
428745
428746
428747
428748
428749
428750
428751
428752
428753
428754
428755
428756
429250
429251
429252
429253
429254
429255
429256
429257
429258
429259
429260
429261
429262
429263
429264
429265
429266
429267
429268
429269
429270
429271
429272
429273
429274
429275
429276
429277
429278
429279
429280
429281
429282
429283
429793
429794
429795
429796
429797
429798
429799
429800
429801
429802
429803
429804
429805
429806
429807
429808
429809
429810
429811
429812
429813
429814
429815
429816
429817
429818
429819
429820
429821
429822
429823
429824
429825
430336
430337
430338
430339
430340
430341
430342
430343
430344
430345
430346
430347
430348
430349
430350
430351
430352
430353
430354
430355
430356
430357
430358
430359
430360
430361
430362
430363
430364
430365
430366
430865
430866
430867
430868
430869
430870
430871
430872
430873
430874
430875
430876
430877
430878
430879
430880
430881
430882
430883
430884
430885
430886
430887
430888
430889
431398
431399
431400
431401
431402
431403
431404
431405
431406
431407
431408
431409
431410
431411
431412
431413
431414
431415
431416
431417
431418
431419
431420
431421
431910
431912
431913
431914
431915
431916
431917
431918
431919
431920
431921
431922
431923
431924
431925
431926
431927
431928
431929
431930
431931
431932
431933
431934
431935
431936
431937
432427
432428
432429
432430
432431
432432
432433
432434
432435
432436
432437
432438
432439
432440
432441
432442
432443
432444
432445
432446
432447
432448
432449
432450
432451
432452
432959
432960
432961
432962
432963
432964
432965
432966
432967
432968
432969
432970
432971
432972
432973
432974
432975
432976
432977
432978
433481
433482
433483
433484
433485
433486
433487
433488
433489
433490
433491
433492
433493
433494
433985
433986
433987
433988
433989
433990
433991
433992
433993
434486
434487
434488
434489
434490