75005
75006
75593
75594
75595
75596
75597
75598
75599
76182
76183
76184
76185
76186
76187
76188
76189
76190
76191
76751
76752
76753
76754
76755
76756
76757
76758
76759
76760
76761
76762
76763
76764
76765
76766
76767
77304
77305
77306
77307
77308
77309
77310
77311
77312
77313
77314
77315
77316
77317
77318
77319
77320
77321
77883
77884
77885
77886
77887
77888
77889
77890
77891
77892
77893
77894
77895
77896
77897
77898
77899
77900
77901
77902
78458
78459
78460
78461
78462
78463
78464
78465
78466
78467
78468
78469
78470
78471
78472
78473
78474
78475
78476
78477
78478
78479
79062
79063
79064
79065
79066
79067
79068
79069
79070
79071
79072
79073
79074
79075
79076
79077
79078
79079
79080
79081
79082
79083
79084
79085
79086
79651
79652
79653
79654
79655
79656
79657
79658
79659
79660
79661
79662
79663
79664
79665
79666
79667
79668
79669
79670
80244
80245
80246
80247
80248
80249
80250
80251
80252
80253
80254
80255
80256
80257
80258
80259
80260
80261
80262
80263
80264
80265
80836
80837
80838
80839
80840
80841
80842
80843
80844
80845
80846
80847
80848
80849
80850
80851
80852
80853
80854
80855
80856
80857
80858
81397
81398
81399
81400
81401
81402
81403
81404
81405
81406
81407
81408
81409
81410
81411
81412
81413
81414
81415
81949
81950
81951
81952
81953
81954
81955
81956
81957
81958
81959
81960
81961
81962
81963
81964
81965
81966
81967
81968
81969
81970
81971
81972
81973
81974
81975
81976
81978
81979
82540
82541
82542
82543
82544
82545
82546
82547
82548
82549
82550
82551
82552
82553
82554
82555
82556
82557
82558
82559
82560
82561
82562
82563
82564
82565
82566
83141
83142
83143
83144
83145
83146
83147
83148
83149
83150
83151
83152
83153
83154
83155
83156
83157
83158
83159
83160
83161
83162
83163
83164
83165
83166
83167
83712
83713
83714
83715
83716
83717
83718
83719
83720
83721
83722
83723
83724
83725
83726
83727
83728
83729
83730
83731
83732
83733
84267
84269
84270
84271
84272
84273
84274
84275
84276
84277
84278
84279
84280
84281
84282
84283
84284
84285
84286
84287
84288
84289
84839
84840
84841
84842
84843
84844
84845
84846
84847
84848
84849
84850
84851
84852
84853
84854
84855
84856
84857
84858
84859
84860
84861
84862
84863
84864
84865
84866
85403
85404
85405
85406
85407
85408
85409
85410
85411
85412
85413
85414
85415
85416
85417
85418
85419
85420
85421
85422
85423
85424
85425
85426
85427
85428
85429
85974
85975
85976
85977
85978
85979
85980
85981
85982
85983
85984
85985
85986
85987
85988
85989
85990
85991
85992
85993
85994
85995
85996
85997
86533
86534
86535
86536
86537
86538
86539
86542
86543
86544
86545
86546
86547
86548
86549
86550
86551
86552
87098
87099
87103
87104
87105
87106
87107
87108
87109
87110
87111
87112
87113
87114
87624
87625
87626
87630
87631
87632
87633
87634
87635
87636
87637
87638
87639
87640
87641
87642
87643
88138
88139
88140
88141
88146
88147
88148
88149
88150
88151
88153
88154
88155
88156
88157
88158
88159
88160
88161
88162
88163
88164
88666
88667
88668
88669
88670
88674
88675
88677
88679
88680
88681
88682
88683
88684
88685
88686
88687
88688
88689
88690
88691
88692
88693
89188
89189
89190
89191
89192
89193
89194
89196
89197
89198
89199
89200
89201
89202
89203
89204
89205
89206
89207
89208
89209
89705
89706
89707
89708
89709
89710
89711
89712
89713
89714
89715
89716
89717
89718
89719
89720
89721
89722
89723
89724
90230
90231
90232
90233
90234
90235
90236
90237
90238
90240
90241
90242
90243
90244
90245
90246
90247
90248
90249
90250
90761
90762
90763
90764
90765
90766
90767
90768
90769
90770
90771
90772
90773
90774
90775
90776
90777
90778
90779
90780
90781
90782
90783
90784
90785
90786
90787
90788
90789
91316
91317
91318
91319
91320
91321
91322
91323
91324
91325
91326
91327
91328
91329
91330
91331
91332
91333
91334
91335
91336
91337
91338
91339
91340
91341
91342
91343
91344
91345
91346
91347
91348
91881
91882
91883
91884
91885
91886
91887
91888
91889
91890
91891
91892
91893
91894
91895
91896
91897
91898
91902
91903
91904
91905
91906
91907
91908
91909
91910
91911
92458
92459
92460
92461
92462
92463
92464
92465
92466
92467
92468
92469
92470
92471
92472
92473
92474
92475
92476
92477
92478
92479
92480
92481
92482
93041
93042
93043
93044
93045
93046
93047
93048
93049
93050
93051
93052
93053
93054
93055
93056
93057
93058
93059
93060
93061
93062
93063
93064
93065
93066
93067
93068
93069
93070
93071
93663
93664
93666
93667
93668
93669
93670
93671
93672
93673
93674
93675
93676
93677
93678
93679
93680
93681
93682
93683
93684
93685
93686
93688
93689
93690
93691
93692
93693
93694
93695
94292
94293
94294
94295
94296
94297
94298
94299
94300
94301
94302
94303
94304
94305
94306
94307
94308
94309
94310
94312
94316
94317
94318
94319
94320
94321
94912
94916
94917
94918
94919
94920
94921
94922
94923
94924
94925
94926
94927
94928
94929
94934
94935
94936
94937
95540
95541
95542
95543
95544
95545
95546
95547
95548
95549
95562
95563
96178
96179
96180
96181
96182
96183
96184
96185
96186
96187
96188
96817
96818
96819
96820
96821
96822
96823
96824
96825
96826
96827
96828
96829
96832
96834
97469
97470
97471
97472
97473
97474
97475
97476
97477
97478
97479
97483
97484
97485
98087
98088
98089
98090
98091
98092
98093
98094
98095
98096
98097
98098
98100
98101
98699
98700
98701
98702
98703
98704
98706
98707
98708
98709
98710
98711
98712
98713
98714
98715
98718
98719
98721
99306
99307
99308
99309
99310
99311
99312
99313
99314
99315
99316
99317
99318
99319
99320
99321
99322
99323
99325
99326
99327
99328
99964
99965
99966
99967
99968
99969
99970
99971
99972
99974
99975
99976
99977
99978
99981
99982
100619
100620
100621
100622
100623
100624
100625
100627
100628
100629
100630
100631
100632
100633
100634
100635
100636
101292
101293
101294
101295
101297
101298
101299
101300
101301
101305
101306
101307
101308
101309
101947
101948
101949
101950
101951
101952
101954
101956
101957
101958
101960
101961
101962
101963
101964
101965
102584
102585
102586
102587
102588
102589
102590
102591
102592
103206
103207
103208
103209
103210
103211
103819
103820
103821
103822
103823
103824
103825
103826
103827
103828
103829
103830
104446
104447
104448
104449
104450
104451
104452
104453
105071
105072
105073
105076
105693
105694