307320
307858
307859
307860
307861
307862
307863
307864
307865
307866
307867
308408
308409
308410
308411
308412
308413
308414
308415
308416
308417
308955
308956
308957
308958
308959
308960
308961
308962
308963
308964
309497
309498
309499
309500
309501
310031
310032
310033
310043
310044
310585
310586
310587
310588
310596
310597
310598
310599
311115
311116
311117
311118
311119
311121
311127
311128
311129
311130
311656
311657
311658
311659
311660
311661
311662
311663
311666
311667
311668
312182
312183
312184
312185
312186
312187
312188
312189
312190
312191
312192
312193
312194
312195
312684
312685
312686
312687
312688
312689
312690
312691
312692
312693
312694
312695
312696
312697
312698
312699
313152
313153
313154
313155
313156
313157
313158
313159
313160
313161
313162
313163
313164
313165
313166
313169
313170
313626
313627
313628
313629
313630
313631
313632
313633
313634
313635
313636
313637
313638
313639
313640
313643
313644
313645
313646
313647
314096
314097
314098
314099
314100
314101
314102
314103
314104
314105
314106
314107
314108
314109
314110
314558
314559
314560
314561
314562
314563
314564
314565
314566
314567
314568
314569
314570
314572
314573
314574
314575
315005
315006
315007
315008
315009
315010
315011
315012
315013
315014
315015
315016
315017
315018
315020
315021
315022
315023
315024
315025
315453
315454
315455
315456
315457
315458
315459
315460
315461
315462
315463
315464
315465
315466
315467
315468
315469
315470
315471
315917
315918
315919
315920
315921
315922
315923
315924
315925
315926
315927
315928
315929
315930
315931
315932
315933
315934
315935
316378
316379
316380
316381
316382
316383
316384
316385
316386
316387
316388
316389
316390
316391
316392
316393
316394
316395
316396
316397
316839
316840
316841
316842
316843
316844
316845
316846
316847
316848
316849
316850
316851
316852
316853
316854
316855
316856
317325
317326
317327
317328
317329
317330
317331
317332
317333
317334
317335
317811
317812
317813
317814
317815
317816
317817
317818
317819
317820
317821
317822
317824
318307
318308
318309
318310
318311
318312
318313
318314
318315
318316
318317
318821
318822
318823
318824
318825
318826
318827
318828
319298
319299
319300
319301
319302
319303
319304
319305
319306
319307
319308
319309
319310
319311
319312
319313
319314
319315
319791
319792
319793
319794
319795
319796
319797
319798
319799
319800
319801
319802
319803
319804
319805
319806
319807
319808
319809
319810
320283
320284
320285
320286
320287
320288
320289
320290
320291
320292
320293
320294
320295
320296
320297
320298
320299
320300
320301
320302
320761
320762
320763
320764
320765
320766
320767
320768
320769
320770
320771
320772
320773
320774
320775
320776
320777
320778
320779
320780
321226
321227
321228
321229
321230
321231
321232
321233
321234
321235
321236
321237
321238
321239
321240
321241
321242
321243
321244
321694
321695
321696
321697
321698
321699
321700
321701
321702
321703
321704
321705
321706
321707
321708
321709
321710
321711
321712
322159
322160
322161
322162
322163
322164
322165
322166
322167
322168
322169
322170
322171
322172
322173
322179
322180
322634
322635
322636
322637
322638
322639
322640
322641
322642
322643
322644
322645
322646
322647
322654
322655
322656
323134
323135
323136
323137
323138
323139
323140
323141
323142
323143
323144
323145
323146
323147
323148
323149
323150
323151
323156
323610
323611
323612
323613
323614
323615
323616
323617
323618
323619
323620
323621
323622
323623
323624
323625
323626
323628
323629
323630
323631
324104
324105
324106
324107
324108
324109
324110
324111
324112
324113
324114
324115
324118
324119
324120
324122
324123
324124
324125
324126
324614
324616
324618
324619
324620
324621
324622
324623
324624
324625
324626
324627
324628
324629
324630
324631
324632
324634
324635
324636
324637
324638
324639
324640
324641
324642
324643
325133
325134
325135
325136
325137
325138
325139
325140
325141
325142
325143
325144
325145
325146
325147
325148
325152
325153
325154
325155
325156
325157
325158
325159
325660
325661
325662
325663
325664
325665
325666
325667
325668
325669
325670
325671
325672
325673
325674
325675
325676
325681
325682
325683
325684
325685
325686
325687
325688
326174
326175
326176
326177
326178
326179
326180
326181
326182
326183
326184
326185
326186
326187
326188
326189
326190
326196
326197
326198
326199
326200
326201
326202
326203
326681
326682
326683
326685
326686
326687
326688
326689
326690
326691
326692
326693
326694
326695
326696
326697
326698
326700
326701
326702
326703
326704
326705
326706
326707
326708
327200
327201
327202
327203
327204
327205
327206
327207
327208
327209
327210
327211
327212
327213
327214
327215
327216
327217
327218
327219
327220
327736
327737
327738
327739
327740
327741
327742
327744
327745
327746
327747
327748
327749
327750
327751
327752
327753
327754
327755
327756
327757
327758
327759
327760
328266
328267
328268
328269
328270
328271
328272
328273
328274
328275
328276
328277
328278
328279
328280
328281
328282
328283
328284
328285
328286
328287
328765
328766
328767
328768
328769
328770
328771
328772
328773
328774
328775
328776
328777
328778
328779
328780
328781
328782
328783
328784
328785
328786
328787
328788
328789
329245
329246
329247
329248
329249
329250
329251
329252
329253
329254
329255
329256
329257
329258
329259
329260
329261
329262
329263
329264
329265
329266
329700
329701
329702
329703
329704
329705
329706
329707
329708
329709
329710
329711
329712
329713
329714
329715
329716
329717
330154
330155
330156
330157
330158
330159
330160
330161
330162
330163
330164
330165
330166
330167
330168
330169
330170
330171
330172
330173
330174
330611
330612
330613
330614
330615
330616
330617
330618
330619
330620
330621
330622
330623
330624
330625
330626
330627
330628
330629
330630
330631
330632
330633
330634
330635
331084
331085
331086
331087
331088
331089
331090
331091
331092
331093
331094
331095
331096
331097
331098
331099
331100
331101
331102
331103
331104
331105
331106
331560
331561
331562
331563
331564
331565
331566
331567
331568
331569
331570
331571
331572
331573
331574
331575
331576
331577
331578
331579
331580
331581
331582
332036
332037
332038
332039
332040
332041
332042
332043
332044
332045
332046
332047
332048
332049
332050
332051
332052
332053
332054
332055
332056
332057
332058
332059
332522
332523
332524
332525
332526
332527
332528
332529
332530
332531
332532
332533
332534
332535
332536
332537
332538
332539
332540
332541
332542
332543
332544
333005
333006
333007
333008
333009
333012
333013
333014
333015
333019
333020
333021
333022
333023
333024
333025
333026
333027
333500
333501
333502
333503
333504
333505
333506
333507
333508
333509
333510
333515
333516
333517
333518
333519
333520
333521
333522
333523
333953
333954
333955
333956
333957
333958
333961
333962
333963
333964
333965
333966
334409
334410
334411
334412
334413
334414
334415
334419
334420
334421
334422
334423
334871
334872
334873
334874
334875
334881
335323
335329
335330
335786
335787
335790
335791
336245
336246
336248
336249
336735
336736
336737
336738
337242