472194
472195
472196
472489
472490
472491
472492
472493
472787
472788
472789
472790
472791
472792
472806
472807
473086
473087
473088
473089
473090
473091
473092
473093
473107
473108
473385
473386
473387
473388
473389
473390
473406
473407
473408
473409
473410
473411
473412
473413
473414
473689
473690
473691
473692
473706
473707
473708
473709
473710
473711
473712
474010
474011
474012
474013
474028
474029
474030
474031
474032
474033
474034
474035
474036
474037
474323
474324
474325
474326
474330
474338
474339
474340
474341
474342
474343
474344
474345
474346
474347
474348
474349
474350
474351
474649
474650
474651
474652
474653
474654
474655
474656
474661
474662
474663
474664
474665
474666
474667
474668
474669
474670
474671
474672
474673
474970
474971
474972
474973
474974
474975
474976
474977
474978
474979
474982
474983
474984
474985
474986
474987
474988
474989
474990
474991
474994
474995
475305
475306
475307
475308
475309
475310
475311
475312
475313
475314
475315
475316
475317
475318
475319
475320
475321
475322
475642
475643
475644
475645
475646
475647
475648
475649
475650
475651
475652
475653
475654
475655
475656
475657
475658
475659
475660
475661
475972
475973
475974
475975
475976
475977
475978
475979
475980
475981
475982
475983
475984
475985
475986
475987
475988
475989
475990
475991
476300
476301
476302
476303
476304
476305
476306
476307
476308
476309
476310
476311
476312
476313
476314
476315
476316
476317
476318
476648
476649
476650
476651
476652
476653
476654
476655
476656
476657
476658
476659
476660
476661
476662
476663
476664
477007
477008
477009
477010
477011
477012
477013
477014
477015
477016
477017
477018
477019
477020
477357
477358
477359
477360
477361
477362
477363
477364
477365
477366
477367
477368
477369
477370
477371
477372
477725
477726
477727
477728
477729
477730
477731
477732
477733
477734
477735
477736
477737
477738
477739
477742
477743
477744
477745
477746
477747
478093
478094
478095
478096
478097
478098
478099
478100
478101
478102
478103
478104
478105
478106
478107
478108
478109
478110
478111
478116
478117
478118
478119
478120
478455
478456
478457
478458
478459
478460
478461
478462
478463
478464
478465
478466
478467
478468
478469
478470
478471
478472
478473
478478
478479
478480
478481
478482
478801
478802
478803
478804
478806
478807
478808
478809
478810
478811
478812
478813
478814
478815
478816
478817
478818
478819
478820
478821
478822
478823
478824
478829
478830
478831
478832
479143
479144
479145
479146
479147
479148
479149
479150
479151
479152
479153
479154
479155
479156
479157
479158
479159
479160
479161
479162
479163
479164
479165
479166
479167
479168
479169
479170
479171
479173
479175
479176
479177
479459
479460
479461
479462
479465
479466
479467
479468
479477
479478
479479
479480
479481
479482
479483
479484
479485
479486
479487
479488
479489
479490
479491
479492
479773
479774
479775
479776
479777
479778
479779
479780
479781
479782
479791
479792
479793
479794
479795
479796
479797
479798
479799
479800
479801
479802
479803
479804
479805
480090
480091
480092
480093
480094
480095
480096
480097
480108
480109
480110
480111
480112
480113
480114
480115
480116
480117
480118
480119
480120
480121
480122
480408
480409
480410
480411
480412
480413
480414
480415
480416
480423
480425
480426
480427
480428
480429
480430
480431
480433
480434
480435
480436
480437
480438
480439
480440
480714
480715
480716
480730
480732
480733
480734
480735
480736
480737
480738
480739
480740
480741
480742
480743
480744
480745
481026
481027
481042
481043
481044
481045
481048
481049
481050
481051
481052
481053
481054
481331
481332
481345
481346
481347
481348
481349
481350
481351
481352
481353
481354
481355
481356
481357
481358
481359
481360
481361
481362
481363
481364
481365
481675
481676
481690
481692
481693
481694
481695
481696
481697
481698
481699
481700
481701
481702
481703
481704
481705
481706
482026
482043
482044
482045
482046
482047
482048
482049
482050
482051
482052
482053
482054
482380
482381
482382
482383
482385
482386
482387
482388
482389
482390
482391
482392
482393
482394
482712
482713
482714
482715
482716
482717
482718
482719
482720
482721
482722
482723
482724
482725
482726
482727
482728
483057
483058
483059
483060
483061
483062
483063
483064
483065
483066
483067
483068
483069
483070
483071
483072
483073
483074
483075
483076
483424
483425
483426
483427
483428
483429
483430
483431
483432
483433
483434
483435
483436
483437
483438
483439
483440
483441
483442
483782
483783
483784
483785
483786
483787
483788
483789
483790
483791
483792
483793
483794
483795
483797
483798
484116
484117
484118
484119
484120
484121
484122
484123
484124
484125
484126
484127
484128
484129
484130
484131
484132
484133
484447
484448
484449
484450
484451
484452
484453
484454
484455
484456
484457
484458
484459
484460
484461
484462
484768
484769
484770
484772
484773
484774
484775
484776
484777
484778
484779
484780
484781
484782
484783
485092
485093
485094
485095
485096
485097
485098
485099
485100
485101
485102
485103
485104
485106
485107
485108
485109
485110
485429
485430
485431
485432
485433
485434
485435
485436
485437
485438
485442
485443
485444
485445
485446
485764
485765
485766
485767
485769
485770
485771
485772
485773
485779
486078
486079
486080
486081
486082
486083
486084
486085
486086
486399
486400
486401
486402
486403
486404
486723
486724
486725
486726
486727
486728
486729
486730
487087
487088
487089
487090
487091
487092
487093
487094
487097
487098
487453
487454
487455
487456
487457
487458
487459
487460
487461
487835
487836
487837
487838
487839
487840
487841
487842
487843
487844
487845
487846
487857
487858
488209
488210
488211
488212
488213
488214
488215
488216
488217
488218
488219
488227
488228
488229
488230
488231
488232
488233
488234
488235
488236
488237
488238
488239
488610
488611
488612
488613
488614
488615
488616
488617
488618
488619
488620
488626
488627
488628
488629
488630
488631
488632
488633
488634
488635
488636
489014
489016
489017
489018
489019
489020
489021
489022
489023
489029
489030
489031
489032
489033
489034
489035
489036
489037
489038
489039
489421
489422
489424
489425
489426
489427
489432
489433
489434
489435
489436
489437
489438
489439
489440
489441
489442
489853
489854
489855
489860
489861
489862
489863
489864
489865
489866
489867
489868
489869
489870
490272
490273
490274
490276
490277
490278
490279
490280
490281
490283
490284
490285
490676
490677
490678
490679
490680
490681
490682
490683
490684
490685
490686
490690
490691
491066
491067
491068
491069
491070
491071
491072
491073
491074
491075
491076
491077
491078
491079
491467
491468
491472
491473
491474
491475
491476
491477
491478
491479
491480
491481
491876
491877
491878
491880
491881
491882
491883
491884
491885
491887
491889
492297
492298
492299
492300
492301
492302
492303
492304
492305
492306
492307
492308
492309
492310
492311
492712
492714
492715
492716
492717
492718
492719
492720
492721
492722
492723
492725
492726
493146
493147
493150
493151
493152
493153
493154
493155
493568
493569
493572
493573
493574
493575
493999
494000