58242
58243
58807
58808
58809
59369
59370
59371
59372
59373
59374
59375
59963
59964
59965
59966
59967
59968
59969
59970
60580
60581
60582
60583
60584
60585
60586
60587
60588
60589
60590
61177
61178
61179
61180
61181
61182
61183
61184
61185
61186
61187
61188
61189
61190
61191
61192
61761
61762
61763
61764
61765
61766
61767
61768
61769
61770
61771
61772
61773
61774
61775
61776
61777
61778
61779
61780
62357
62358
62359
62360
62361
62362
62363
62364
62365
62366
62367
62368
62369
62370
62371
62372
62373
62374
62375
62927
62928
62929
62930
62931
62932
62933
62934
62935
62936
62937
62938
62939
62941
62942
63491
63492
63493
63494
63495
63496
63497
63498
63499
63500
63502
63503
63504
63505
63506
63507
63508
64088
64089
64090
64091
64092
64093
64094
64095
64096
64097
64098
64099
64100
64101
64102
64103
64104
64684
64685
64686
64687
64688
64689
64690
64691
64692
64693
64694
64695
64696
65270
65271
65272
65273
65274
65275
65276
65277
65278
65280
65281
65282
65841
65842
65843
65844
65845
65846
65852
66393
66394
66395
66396
66397
66398
66405
66932
66933
66934
66935
66936
66937
66938
67465
67466
67467
67468
67469
67470
67471
67472
68032
68033
68034
68035
68036
68037
68038
68039
68040
68566
68567
68568
68569
68570
68571
69088
69089
69090
69091
69092
69093
69094
69095
69638
69639
69640
69641
69642
69643
69644
69645
70167
70168
70169
70171
70172
70715
70716
70717
70719
70720
71263
71264
71265
71266
71267
71268
71269
71270
71827
71828
71829
71830
71831
71832
71833
71834
71835
71836
72393
72394
72395
72396
72397
72398
72399
72400
72401
72402
72403
72404
72951
72952
72953
72954
72955
72956
72957
72958
72959
72960
72961
73513
73514
73515
73516
73517
73518
73519
73520
73521
73522
73523
73524
74080
74083
74084
74085
74634
74637
75203
75204
75205
75206
75207
75208
75804
75805
75806
75807
75808
75809
75810
75811
75863
76384
76385
76386
76387
76388
76389
76440
76441
76442
76443
76444
76445
76446
76955
76956
76957
76958
76959
76960
76961
76962
76963
77012
77013
77014
77015
77018
77019
77020
77021
77022
77512
77513
77514
77515
77516
77517
77518
77519
77520
77564
77567
77568
77569
77570
77571
77574
77575
77576
77577
77578
77579
77580
77581
78092
78093
78094
78095
78096
78097
78098
78100
78135
78136
78137
78138
78139
78140
78141
78142
78143
78144
78145
78146
78147
78148
78149
78150
78151
78152
78153
78669
78670
78671
78672
78673
78674
78675
78676
78677
78678
78679
78680
78710
78711
78715
78716
78717
78718
78719
78720
78721
78722
78723
78724
78725
78726
78727
78728
78729
78730
78731
78732
78733
79265
79266
79267
79268
79269
79270
79271
79272
79273
79274
79286
79296
79298
79303
79304
79306
79307
79308
79309
79310
79311
79312
79313
79314
79315
79316
79317
79318
79319
79320
79321
79322
79852
79853
79854
79855
79856
79857
79858
79859
79860
79861
79862
79863
79864
79866
79867
79868
79869
79870
79871
79872
79873
79883
79884
79885
79886
79891
79892
79893
79894
79897
79898
79899
79900
79901
79902
79903
79904
79905
79908
79909
79910
79911
79912
80444
80445
80446
80447
80448
80449
80450
80451
80452
80453
80454
80455
80456
80457
80458
80459
80460
80461
80463
80464
80472
80473
80479
80480
80481
80482
80485
80486
80487
80488
80489
80490
80491
80492
80493
80494
80495
80496
80497
80498
81031
81032
81033
81034
81035
81036
81039
81040
81041
81042
81043
81044
81045
81046
81047
81048
81049
81050
81056
81057
81058
81059
81060
81066
81067
81068
81070
81071
81072
81073
81074
81075
81076
81077
81078
81079
81080
81081
81588
81589
81590
81591
81592
81593
81594
81596
81597
81598
81603
81604
81605
81606
81607
81612
81613
81614
81615
81616
81617
81618
81619
81620
81621
81622
81623
81624
81625
81626
81627
81628
82172
82173
82174
82175
82176
82177
82178
82179
82180
82181
82182
82183
82184
82190
82191
82192
82193
82197
82198
82199
82200
82201
82202
82203
82204
82205
82206
82207
82208
82209
82210
82214
82766
82767
82768
82771
82772
82773
82774
82775
82776
82777
82778
82779
82780
82781
82782
82787
82788
82789
82790
82791
82794
82797
82798
82799
82800
82801
82802
82803
82804
82805
82806
82807
82808
82809
82810
83354
83355
83359
83360
83361
83362
83363
83364
83365
83366
83367
83368
83369
83370
83371
83372
83374
83375
83376
83377
83378
83379
83380
83381
83383
83384
83385
83386
83387
83388
83389
83390
83391
83392
83393
83394
83395
83928
83929
83930
83931
83932
83933
83934
83935
83936
83937
83938
83939
83940
83941
83942
83943
83944
83945
83946
83947
83948
83949
83950
83951
83952
83953
83954
83955
83956
83957
83958
83959
83960
83961
83962
83963
83965
84494
84495
84496
84497
84498
84499
84500
84501
84502
84503
84504
84505
84506
84507
84508
84509
84510
84511
84512
84513
84514
84515
84516
84517
84518
84519
84520
84521
84522
84523
84524
84525
84526
84527
84528
84529
84530
84531
85063
85064
85065
85066
85067
85068
85069
85070
85071
85072
85073
85074
85075
85076
85077
85078
85079
85080
85081
85082
85083
85084
85085
85086
85087
85088
85089
85090
85091
85092
85093
85094
85095
85096
85097
85098
85099
85100
85101
85102
85103
85645
85646
85647
85648
85649
85650
85651
85652
85653
85654
85655
85657
85658
85663
85664
85665
85666
85667
85668
85669
85670
85671
85672
85673
85674
85675
85676
85677
85678
85679
86203
86204
86205
86206
86207
86208
86209
86210
86211
86219
86220
86221
86222
86223
86224
86225
86226
86227
86228
86229
86230
86231
86232
86233
86234
86235
86236
86238
86763
86764
86765
86766
86767
86768
86769
86770
86776
86777
86778
86779
86780
86781
86782
86783
86784
86785
86786
86787
86788
86789
86790
86791
86792
86794
86795
86796
87308
87309
87310
87322
87329
87330
87331
87333
87334
87335
87336
87341
87831
87832
87833
87834
87844
87845
87849
87851
87852
87853
87854
87855
88347
88348
88349
88350
88361
88365
88366
88367
88368
88369
88370
88870
88871
88872
88885
88886
88889
88890
88891
89376
89377
89391
89392
89393
89396
89399
89400
89924
89925
89926
89927
89928
89929
89930
89931
89932
89933
89934
90454
90455
90456
90457
90458
90459
90460
90461
90462
91002
91003
91004
91005
91006
91007
91008
91009
91010
91572
91574
91575
91576
91579
92139
92140
92141
92716
92717
92718