250490
250491
251029
251569
251570
251571
251572
251573
251576
252151
252152
252153
252154
252155
252156
252157
252158
252159
252744
252745
252746
252747
252748
252749
252750
252751
252752
252753
252754
252755
252756
252757
253327
253328
253329
253331
253332
253333
253334
253335
253336
253337
253338
253903
253904
253905
253906
253907
253908
253909
253910
253911
253912
253913
253914
253915
253916
253917
253918
253919
253920
253921
253922
253925
253926
253927
253928
254485
254486
254487
254488
254489
254490
254491
254492
254493
254494
254495
254496
254497
254498
254499
254500
254501
254502
254503
254504
254505
254506
254507
254508
254509
254510
255107
255108
255109
255110
255111
255112
255113
255114
255115
255116
255117
255118
255119
255120
255121
255122
255123
255124
255125
255126
255127
255128
255129
255713
255714
255715
255716
255717
255718
255719
255720
255721
255722
255723
255724
255725
255726
255727
255728
255729
255730
255731
255732
255733
255734
255735
255736
255737
255738
255739
255740
255741
256325
256326
256327
256328
256329
256330
256331
256332
256333
256334
256335
256336
256337
256338
256339
256340
256341
256342
256343
256344
256345
256346
256347
256348
256349
256350
256351
256352
256353
256354
256932
256933
256934
256935
256936
256937
256938
256939
256940
256941
256942
256943
256944
256945
256946
256947
256948
256949
256950
256951
256952
256953
256954
256955
256956
256957
256958
256959
256960
257547
257548
257549
257550
257551
257552
257553
257554
257555
257556
257557
257558
257559
257560
257561
257562
257563
257564
257565
257566
257567
257568
257569
257570
257571
257572
257573
257574
257575
258160
258161
258162
258163
258164
258165
258166
258167
258168
258169
258170
258171
258172
258173
258174
258175
258176
258177
258178
258179
258180
258181
258182
258183
258184
258185
258781
258782
258783
258784
258785
258786
258787
258788
258789
258790
258791
258792
258793
258794
258795
258796
258797
258798
258799
258800
258801
258802
258803
258804
259424
259425
259426
259427
259428
259429
259430
259431
259432
259433
259434
259435
259436
259437
259438
259439
259440
259441
259442
259443
259444
259445
259446
259447
259448
259449
260078
260079
260080
260081
260082
260083
260084
260085
260086
260087
260088
260089
260090
260091
260092
260093
260094
260095
260723
260724
260725
260726
260727
260728
260729
260730
260731
260732
260733
260734
260735
260736
260737
260738
260739
260740
260741
260742
260743
261347
261348
261349
261350
261351
261352
261353
261354
261355
261356
261357
261358
261359
261360
261361
261362
261363
261364
261365
261366
261367
261368
261960
261961
261962
261963
261964
261965
261966
261967
261968
261969
261970
261971
261972
261973
261974
261975
261976
261977
261978
262565
262566
262567
262568
262569
262570
262571
262572
262573
262574
262575
262576
262577
262578
262579
262580
262581
262582
262583
262584
262585
262586
263169
263170
263171
263172
263173
263174
263175
263176
263177
263178
263179
263180
263181
263182
263183
263184
263185
263186
263187
263188
263189
263190
263191
263192
263193
263200
263201
263755
263770
263771
263772
263773
263774
263775
263776
263777
263778
263779
263780
263781
263782
263783
263784
263785
263786
263787
263788
263789
263790
263791
263792
263800
263801
264362
264363
264364
264365
264380
264381
264382
264383
264384
264385
264386
264387
264388
264389
264390
264391
264392
264393
264394
264395
264396
264397
264398
264399
264400
264401
264402
264403
264404
264405
264412
264413
264414
264415
264416
264417
264989
264990
264991
264992
264995
264996
264997
264998
265005
265006
265007
265008
265009
265010
265011
265012
265013
265014
265015
265016
265017
265018
265019
265020
265021
265022
265023
265024
265025
265026
265027
265028
265029
265030
265031
265037
265038
265039
265040
265041
265042
265628
265629
265630
265631
265632
265633
265634
265635
265636
265643
265644
265645
265646
265647
265648
265649
265650
265651
265652
265653
265654
265655
265656
265657
265658
265659
265660
265661
265662
265663
265664
265665
265666
265667
265672
265673
265674
265675
265676
265677
265678
266259
266260
266261
266262
266263
266264
266265
266266
266267
266273
266274
266275
266276
266277
266278
266279
266280
266281
266282
266283
266284
266285
266286
266287
266288
266289
266290
266291
266292
266296
266297
266301
266302
266303
266304
266305
266306
266307
266854
266855
266856
266857
266858
266860
266861
266862
266863
266869
266870
266871
266872
266873
266874
266875
266876
266877
266878
266879
266880
266881
266882
266883
266884
266885
266886
266887
266888
266896
266897
266898
266899
266901
266902
266903
266904
266905
266906
266907
267469
267470
267475
267476
267477
267478
267485
267486
267487
267488
267489
267490
267491
267492
267493
267494
267495
267496
267497
267498
267499
267500
267501
267502
267503
267509
267510
267511
267512
267513
267514
267515
267516
267517
267518
268100
268104
268106
268107
268113
268114
268115
268116
268117
268118
268119
268120
268121
268122
268123
268124
268125
268126
268127
268128
268129
268130
268131
268132
268133
268134
268140
268141
268142
268143
268144
268145
268146
268147
268723
268724
268725
268726
268733
268734
268735
268736
268737
268738
268739
268740
268741
268742
268743
268744
268745
268746
268747
268748
268749
268750
268751
268752
268753
268754
268764
268765
268766
268767
269355
269356
269357
269358
269359
269362
269363
269364
269365
269366
269367
269368
269369
269370
269371
269372
269373
269374
269375
269376
269377
269378
269379
269380
269381
269382
269383
269392
269393
269394
269395
269996
269997
269998
269999
270000
270001
270002
270003
270004
270005
270006
270007
270008
270009
270010
270011
270012
270013
270014
270015
270016
270017
270018
270019
270020
270021
270022
270023
270024
270031
270032
270637
270638
270639
270640
270641
270642
270643
270644
270645
270646
270647
270648
270649
270650
270651
270652
270653
270654
270655
270656
270657
270658
270659
270660
270661
270662
270663
271292
271293
271294
271295
271296
271297
271298
271299
271300
271301
271302
271303
271304
271305
271306
271307
271308
271309
271310
271311
271312
271313
271314
271315
271316
271317
271318
271319
271320
271321
271322
271323
271949
271950
271951
271952
271953
271954
271955
271956
271957
271958
271959
271960
271961
271962
271963
271964
271965
271966
271967
271968
271969
271970
271971
271972
271973
271974
271975
271976
272599
272600
272601
272602
272603
272604
272605
272606
272607
272608
272609
272610
272611
272612
272613
272614
272615
272616
272617
272618
272619
272620
272621
272622
272623
272624
272625
272626
273244
273245
273246
273247
273248
273249
273250
273251
273252
273253
273254
273255
273256
273257
273258
273259
273260
273261
273262
273263
273264
273265
273266
273267
273268
273269
273906
273907
273909
273910
273911
273912
273913
273914
273915
273916
273917
273918
273919
273920
273921
273922
273923
274555
274562
274563
274564
274565
274566
274567
274568
275189
275190
275191
275192
275193
275828
275829
275830
275831
275832
276475
276476
276477