392126
392680
392681
392682
393208
393209
393210
393211
393744
393745
393746
393747
393748
393749
394290
394291
394292
394293
394294
394295
394296
394297
394298
394299
394300
394808
394809
394810
394811
394812
394813
394814
394815
394816
394817
394818
394819
394820
394821
394822
395336
395337
395338
395339
395340
395341
395342
395343
395344
395345
395346
395347
395348
395349
395350
395351
395352
395888
395889
395890
395891
395892
395893
395894
395895
395896
395897
395898
395899
395900
395901
395902
395903
395904
396426
396427
396428
396429
396430
396431
396432
396433
396434
396435
396436
396437
396438
396439
396440
396441
396442
396443
396444
396954
396955
396956
396957
396958
396959
396960
396961
396962
396963
396964
396965
396966
396967
396968
396969
396970
396971
397469
397470
397471
397472
397473
397474
397475
397476
397477
397478
397479
397480
397481
397482
397483
398001
398002
398003
398005
398006
398008
398009
398010
398011
398012
398013
398014
398015
398016
398017
398550
398551
398554
398555
398556
398557
398559
398560
398561
398562
398563
398564
398565
398566
398567
398568
399116
399117
399118
399121
399122
399123
399124
399125
399126
399127
399128
399129
399130
399648
399649
399650
399651
399652
399653
399654
399655
399656
399657
399658
399659
399660
399661
399662
399663
400165
400166
400167
400168
400169
400170
400171
400172
400173
400174
400175
400176
400177
400178
400179
400180
400181
400657
400658
400659
400660
400661
400662
400663
400664
400665
400666
400667
400668
400669
400670
400671
400672
401156
401157
401158
401159
401160
401161
401162
401163
401164
401165
401166
401167
401168
401169
401170
401171
401661
401662
401663
401664
401665
401666
401667
401668
401669
401670
401671
401672
401673
401674
401675
402161
402162
402163
402164
402165
402166
402167
402168
402169
402170
402171
402666
402667
402668
402669
402670
402671
402672
402673
402674
402675
402676
403157
403158
403159
403160
403161
403162
403163
403164
403165
403166
403167
403168
403633
403634
403635
403636
403637
403638
404112
404113
404114
404115
404116
404117
404118
404119
404120
404576
404577
404578
404579
404580
404581
404582
404583
404584
405036
405037
405038
405039
405040
405041
405042
405043
405044
405486
405487
405488
405489
405490
405491
405492
405493
405494
405495
405496
405948
405949
405950
405951
405952
405953
405954
405955
405956
405957
405958
406403
406404
406405
406406
406407
406408
406409
406410
406411
406844
406845
406846
406847
406848
406849
406850
406851
406852
406853
406854
406855
406856
406857
406858
407291
407292
407293
407294
407295
407296
407297
407298
407299
407300
407726
407727
407728
407729
407730
407731
407732
407733
407734
408166
408167
408168
408169
408170
408171
408172
408173
408174
408175
408176
408177
408178
408179
408180
408181
408609
408610
408611
408612
408613
408614
408615
408616
408617
408618
408619
408620
408621
408622
408623
408624
409045
409046
409047
409048
409049
409050
409051
409052
409053
409054
409055
409056
409057
409058
409059
409060
409506
409507
409508
409509
409510
409511
409512
409513
409514
409515
409516
409517
409518
409519
409976
409977
409979
409980
409981
409982
409983
409984
409985
409986
409987
409988
410429
410430
410431
410432
410433
410434
410435
410436
410437
410438
410439
410440
410877
410878
410880
410883
410884
410885
411330
411337
411338
411339
411340
411789
411790
411791
411796
411797
411798
411799
411800
412268
412269
412275
412276
412277
412278
412279
412280
412749
412750
412751
412752
412756
412757
412758
412759
412760
412761
412762
412763
413227
413228
413229
413230
413231
413232
413233
413234
413235
413236
413237
413238
413239
413722
413723
413724
413725
413726
413727
413728
413729
413730
413731
413732
413733
413734
413735
414226
414227
414228
414229
414230
414231
414232
414233
414234
414235
414236
414237
414238
414240
414241
414726
414727
414728
414729
414730
414731
414732
414733
414734
414735
414736
414737
414738
414739
414741
414742
414743
414744
415255
415256
415257
415258
415259
415260
415261
415262
415263
415264
415265
415266
415267
415270
415271
415272
415273
415788
415789
415790
415791
415792
415793
415794
415795
415796
415797
415798
415799
415800
415801
415802
416327
416328
416329
416330
416331
416332
416333
416334
416335
416336
416337
416338
416845
416846
416847
416848
416849
416850
416851
416852
416853
416854
417310
417311
417312
417316
417317
417318
417319
417320
417321
417322
417323
417324
417325
417783
417784
417785
417786
417787
417788
417789
417790
417791
417792
417793
417794
417795
417796
418252
418253
418254
418255
418256
418257
418258
418259
418260
418261
418262
418263
418264
418265
418266
418267
418268
418269
418270
418271
418746
418747
418748
418749
418750
418751
418752
418753
418754
418755
418756
418757
418758
418759
418760
418761
418762
418763
419248
419253
419254
419255
419256
419257
419258
419259
419260
419261
419262
419263
419264
419265
419266
419267
419268
419269
419270
419271
419272
419727
419728
419729
419733
419734
419735
419736
419737
419738
419739
419740
419741
419742
419743
419744
419745
419746
420225
420226
420227
420228
420229
420232
420233
420234
420235
420236
420237
420238
420239
420240
420241
420242
420243
420244
420245
420246
420247
420248
420711
420712
420713
420714
420715
420716
420717
420722
420723
420724
420725
420726
420727
420728
420729
420730
420731
420732
420733
420734
420735
420736
420737
420738
420739
420740
420741
421200
421201
421202
421203
421207
421208
421209
421210
421211
421212
421213
421214
421215
421216
421217
421218
421219
421220
421665
421666
421667
421668
421669
421670
421671
421673
421674
421675
421676
421677
421678
421679
421680
421681
421682
421683
421684
421685
421686
421687
422132
422133
422134
422135
422136
422137
422138
422139
422140
422141
422142
422143
422144
422145
422146
422147
422148
422149
422583
422584
422585
422586
422587
422588
422589
422590
422591
422592
422593
422594
422595
422596
422597
422598
422599
422600
423063
423064
423065
423066
423067
423068
423069
423070
423071
423072
423073
423074
423075
423076
423077
423078
423079
423537
423538
423539
423540
423541
423542
423543
423544
423545
423546
423547
423548
423549
423550
423551
423552
423553
423554
423555
424007
424008
424009
424010
424011
424012
424013
424014
424015
424016
424017
424018
424019
424020
424021
424022
424023
424024
424491
424492
424493
424494
424495
424496
424497
424498
424499
424500
424501
424502
424503
424504
424505
424506
424968
424969
424970
424971
424972
424973
424974
424975
424976
424977
424978
424979
424980
424981
424982
425449
425450
425451
425452
425453
425454
425455
425456
425457
425458
425459
425460
425461
425462
425463
425464
425465
425466
425467
425928
425929
425930
425931
425932
425933
425934
425935
425936
425937
425938
425939
425940
425941
425942
425943
425944
425945
425946
426430
426431
426432
426433
426434
426435
426436
426437
426438
426439
426440
426441
426442
426443
426958
426959
426960
426961
426965
426966
426967
426968
426969
427501
427502
427503
427504
427505