25165
25666
25667
25668
25669
25670
25671
26151
26152
26153
26154
26155
26156
26157
26158
26159
26654
26655
26656
26657
26658
26659
26660
26661
26662
26663
26664
27135
27136
27137
27138
27139
27140
27141
27142
27143
27144
27145
27146
27147
27637
27638
27639
27640
27641
27642
27643
27644
27646
27647
28142
28143
28144
28145
28146
28147
28148
28149
28150
28151
28152
28153
28154
28155
28156
28159
28161
28627
28628
28629
28630
28631
28632
28633
28634
28635
28636
28639
28640
28641
28642
29086
29087
29088
29089
29094
29095
29096
29097
29098
29104
29105
29106
29552
29553
29554
29555
29556
29558
29559
29560
29561
29562
29563
29564
29565
29566
29573
29574
29575
29576
30027
30028
30029
30030
30031
30032
30033
30034
30035
30036
30037
30038
30039
30040
30041
30049
30050
30523
30524
30525
30526
30527
30528
30529
30530
30531
30532
30533
30534
30535
30536
30537
30543
30544
31023
31025
31026
31027
31028
31029
31030
31031
31032
31033
31034
31035
31036
31043
31044
31520
31521
31522
31523
31524
31525
31526
31527
31528
31529
31530
31531
31532
31533
31534
32049
32050
32051
32052
32053
32054
32055
32056
32057
32058
32059
32060
32065
32563
32564
32565
32566
32567
32568
32569
32570
32571
32572
32573
32578
32579
32580
33065
33066
33067
33068
33069
33070
33071
33072
33073
33077
33078
33079
33576
33577
33578
33579
33580
33581
33582
33583
33584
33585
33586
33587
33588
34076
34077
34078
34079
34080
34081
34082
34083
34084
34085
34086
34087
34592
34593
34594
34595
34596
34597
34598
34599
34600
34601
35120
35121
35122
35123
35124
35125
35126
35127
35128
35129
35130
35131
35132
35629
35630
35631
35632
35633
35634
35635
35636
35637
35638
35639
35640
36123
36124
36125
36126
36127
36128
36129
36130
36131
36132
36133
36136
36600
36601
36602
36603
36604
36605
36606
36607
36608
36609
36610
36611
36612
37065
37066
37067
37068
37069
37070
37071
37072
37073
37074
37075
37529
37530
37531
37532
37533
37534
37535
37536
37537
37538
37539
37540
37541
37542
37543
37544
37545
37546
37547
37548
38016
38017
38018
38019
38020
38021
38022
38023
38024
38025
38026
38027
38028
38029
38030
38031
38032
38033
38516
38517
38518
38519
38520
38521
38522
38523
38524
38525
38526
38527
38528
38529
38530
38531
38532
38533
38534
38535
38536
38537
38538
38539
39027
39028
39029
39030
39031
39032
39033
39034
39035
39036
39037
39038
39039
39040
39041
39042
39043
39044
39045
39550
39551
39552
39553
39554
39555
39556
39557
39558
39559
39560
39561
39562
39563
39564
39565
39566
39567
39568
39569
39570
39571
39573
40077
40078
40081
40082
40083
40084
40085
40086
40087
40088
40089
40090
40091
40092
40093
40094
40095
40096
40097
40098
40099
40100
40101
40102
40103
40605
40606
40607
40608
40609
40610
40611
40612
40613
40614
40615
40616
40617
40618
40619
40620
40621
40622
40623
40624
40625
40626
40627
40628
40629
40630
40631
40632
40633
40634
41132
41133
41134
41135
41136
41137
41138
41139
41140
41141
41142
41143
41144
41145
41146
41147
41148
41149
41150
41151
41152
41153
41154
41155
41156
41157
41158
41159
41160
41161
41162
41163
41164
41700
41701
41702
41703
41704
41705
41706
41707
41708
41709
41710
41711
41712
41713
41714
41715
41716
41717
41718
41719
41720
41721
41722
41723
41724
41725
41726
41727
41728
41729
41730
41731
42275
42276
42277
42278
42279
42280
42281
42282
42283
42285
42286
42287
42288
42289
42290
42291
42292
42293
42294
42295
42296
42297
42298
42299
42300
42301
42302
42303
42304
42305
42306
42307
42308
42309
42310
42848
42849
42850
42851
42852
42853
42854
42855
42856
42857
42858
42859
42860
42861
42862
42863
42864
42865
42866
42867
42868
42869
42870
42871
42872
42873
42874
42875
42876
42877
42878
42879
42880
42881
42882
42883
42884
42885
43412
43413
43414
43415
43416
43417
43418
43420
43421
43422
43423
43424
43425
43426
43427
43428
43429
43430
43431
43432
43433
43434
43435
43436
43437
43438
43439
43440
43441
43442
43443
43444
43445
43446
43447
43448
43449
43978
43979
43980
43983
43984
43985
43986
43987
43988
43989
43992
43993
43994
43995
43996
43997
43998
43999
44000
44001
44002
44003
44004
44005
44006
44007
44008
44009
44011
44533
44534
44535
44536
44537
44540
44541
44542
44543
44544
44545
44546
44547
44548
44549
44550
44551
44552
44553
44554
44555
44556
44557
45054
45057
45058
45059
45060
45061
45062
45063
45065
45066
45067
45068
45069
45070
45071
45072
45073
45074
45075
45076
45077
45589
45590
45591
45592
45593
45594
45595
45596
45597
45598
45599
45600
45601
45604
45605
45606
45607
45610
45611
45612
45613
45614
45615
46093
46094
46095
46096
46097
46098
46099
46100
46101
46102
46103
46104
46105
46106
46107
46109
46110
46111
46118
46119
46120
46121
46122
46123
46124
46125
46607
46608
46609
46610
46611
46612
46613
46614
46615
46616
46617
46618
46622
46631
46632
46633
46634
46635
47070
47071
47072
47073
47074
47075
47076
47094
47095
47096
47097
47098
47099
47100
47532
47533
47534
47535
47536
47537
47554
47555
47556
47557
47558
47559
47974
47975
47976
47977
47978
47992
47993
47994
47997
47998
47999
48000
48001
48447
48448
48449
48470
48471
48472
48473
48948
48949
49419
49420
49421
49899
49900
49901
49902
49903
50367
50368
50369
50370
50371
50372
50373
50374
50375
50846
50847
50848
50849
50850
50851
50852
50853
50854
50855
51307
51308
51309
51310
51311
51312
51313
51314
51315
51316
51317
51318
51319
51320
51321
51776
51777
51778
51779
51780
51781
51782
51783
51784
51785
51786
51787
51788
51789
52241
52242
52243
52244
52245
52246
52247
52248
52249
52250
52714
52715
52716
52717
52718
52719
53178
53179
53180
53181
53182
53627
53628
53629
53630
53631
53632
53633
53634
53635
53636
53637
53638
54089
54090
54091
54092
54093
54094
54095
54096
54097
54098
54099
54100
54101
54102
54566
54567
54568
54569
54570
54571
54572
54573
55042
55043
55044
55530
55531
55532
55533
55534
55535
56020
56021
56022
56023
56024
56025
56509
56510
56511
56512
56513
56514
56515
56516
56517
57012
57013
57014
57015
57016
57017
57018
57019
57571
57572
57573
57574
57575
57576
57577
57578
58115
58116
58117
58118
58119
58679
58680
58681
58682
58683
58684
59235
59236
59237
59238
59239
59835