370866
371363
371364
371365
371366
371367
371369
371870
371871
371872
371873
371874
371875
371876
371877
371878
372380
372381
372382
372383
372384
372385
372890
372891
372892
372893
372894
372895
372896
372897
373419
373420
373421
373422
373423
373424
373425
373426
373959
373960
373961
373962
373963
373964
373965
374528
374529
374530
374531
374532
374533
374534
374535
375112
375113
375114
375115
375116
375117
375118
375119
375120
375703
375704
375705
375706
375707
375708
375709
375710
376301
376302
376303
376304
376305
376306
376307
376308
376309
376310
376311
376312
376313
376314
376315
376910
376911
376912
376913
376916
376917
376918
376919
376920
376921
376922
376923
377507
377508
377509
377510
377511
377512
377513
377516
377517
377518
377519
377520
377521
377522
377523
377524
377527
378068
378069
378070
378071
378072
378073
378074
378075
378076
378077
378078
378079
378080
378081
378082
378083
378084
378087
378088
378089
378619
378622
378623
378624
378625
378626
378627
378628
378629
378630
378631
378632
378633
378634
378635
378636
379159
379160
379161
379162
379163
379164
379165
379166
379167
379168
379169
379170
379171
379172
379173
379713
379714
379715
379716
379717
379718
379719
379720
379721
379722
379723
379724
379725
379726
379727
379728
379729
380280
380281
380282
380283
380284
380285
380286
380287
380288
380289
380290
380291
380292
380293
380294
380295
380297
380298
380856
380857
380858
380859
380860
380861
380862
380863
380864
380865
380866
380867
380868
380869
380870
380871
380872
380873
380874
380875
381442
381443
381444
381445
381446
381447
381448
381449
381450
381451
381452
381453
381454
381455
381456
381457
381458
381459
381460
381461
381462
381463
381464
382001
382002
382003
382004
382005
382006
382007
382008
382009
382010
382011
382012
382013
382014
382015
382016
382017
382018
382019
382020
382021
382022
382023
382024
382025
382542
382543
382544
382545
382546
382547
382548
382549
382550
382551
382552
382553
382554
382555
382556
382557
382558
382559
382560
382561
382562
382563
382564
382565
382566
383111
383112
383113
383114
383118
383119
383120
383121
383122
383123
383124
383125
383126
383127
383128
383129
383130
383131
383132
383133
383135
383677
383678
383679
383680
383681
383682
383683
383684
383685
383686
383687
383688
383689
383690
383691
383692
383693
383694
383695
384258
384259
384260
384261
384262
384263
384264
384265
384266
384267
384268
384269
384270
384271
384272
384826
384827
384828
384829
384830
384831
384832
384833
384834
384835
384836
384839
384840
385371
385372
385373
385374
385377
385380
385381
385382
385383
385384
385385
385386
385387
385388
385389
385934
385935
385936
385937
385938
385939
385940
385941
385942
385943
385944
385945
385946
385947
385948
385949
385950
385951
385952
385953
386480
386481
386485
386486
386487
386488
386489
386490
386491
386492
386493
386494
386495
386496
386497
386498
387029
387034
387035
387036
387037
387038
387039
387040
387041
387042
387043
387044
387045
387046
387047
387048
387049
387050
387051
387052
387582
387583
387588
387589
387590
387591
387592
387593
387594
387595
387596
387597
387598
387599
387600
387601
387602
387603
387604
387605
387606
388137
388143
388144
388145
388146
388147
388151
388152
388153
388154
388155
388156
388157
388158
388159
388160
388161
388162
388163
388164
388165
388166
388167
388168
388169
388170
388171
388172
388696
388697
388698
388699
388700
388706
388707
388708
388709
388712
388713
388714
388715
388716
388717
388718
388719
388720
388721
388722
388723
388724
388727
388728
388729
388730
388731
388732
388733
389237
389238
389239
389240
389247
389248
389249
389250
389251
389252
389253
389254
389255
389256
389257
389258
389259
389260
389261
389262
389263
389264
389265
389268
389269
389270
389271
389272
389273
389274
389275
389276
389277
389789
389790
389795
389796
389797
389798
389799
389801
389802
389803
389804
389805
389806
389807
389809
389810
389811
389812
389813
389814
389815
389816
389817
389818
389819
389820
389821
389822
389823
389824
389825
389826
389827
389828
389829
390337
390338
390339
390345
390346
390347
390348
390349
390352
390356
390358
390359
390360
390361
390362
390363
390364
390365
390366
390367
390368
390369
390370
390371
390372
390373
390374
390375
390376
390377
390889
390891
390892
390893
390895
390896
390897
390898
390911
390912
390913
390914
390915
390916
390919
390920
390921
390922
390923
390924
390925
390926
390927
390928
390929
390930
390932
390933
391443
391444
391445
391446
391447
391448
391449
391450
391462
391464
391465
391470
391471
391472
391473
391474
391475
391476
391477
391478
391479
391486
391487
392002
392004
392005
392017
392018
392019
392020
392021
392022
392027
392028
392029
392030
392031
392032
392034
392035
392036
392037
392043
392044
392554
392578
392579
392580
392585
392586
392587
392588
392589
392590
392591
392592
392593
392594
392595
392596
392598
392599
392600
392601
393104
393109
393110
393112
393113
393114
393115
393116
393117
393118
393119
393120
393121
393122
393123
393124
393125
393126
393127
393128
393129
393637
393638
393639
393640
393641
393642
393643
393644
393645
393646
393647
393648
393649
393650
393651
393652
393653
393654
393655
393656
394174
394175
394176
394177
394178
394179
394180
394181
394182
394183
394184
394185
394186
394187
394188
394189
394190
394191
394192
394193
394194
394195
394695
394698
394702
394703
394704
394705
394706
394707
394708
394709
394710
394711
394712
394713
394714
394715
394716
395232
395233
395234
395235
395236
395237
395238
395239
395240
395241
395242
395243
395244
395245
395246
395247
395248
395775
395776
395777
395778
395779
395780
395781
395782
395783
395784
395785
395786
395787
395788
395789
395790
395791
395792
395793
396337
396338
396339
396340
396341
396342
396343
396344
396345
396346
396347
396348
396349
396350
396351
396352
396353
396863
396864
396865
396866
396867
396868
396869
396870
396871
396872
396873
396874
396875
396876
396877
396878
396879
397382
397383
397384
397385
397386
397387
397388
397389
397390
397391
397392
397393
397394
397395
397396
397397
397398
397908
397909
397910
397911
397912
397913
397914
397915
397916
397917
397918
397919
397920
397921
397922
397923
397924
398448
398449
398450
398451
398452
398453
398454
398455
398456
398457
398458
398459
398460
398461
398462
398463
399016
399017
399018
399019
399020
399023
399024
399025
399026
399027
399028
399029
399030
399031
399556
399557
399558
399559
399560
399564
399565
399566
399567
399568
399569
399570
399571
400075
400083
400084
400085
400086
400087
400088
400089
400090
400574
400575
400576
400577
400578
400579
400580
400581
401060
401063
401064
401065
401066
401067
401068
401069
401070
401071
401072
401073
401074
401569
401570
401571
401572
401573
401574
401575
401576
401577
401578
401579
401580
401581
401582
401583
401584
402065
402066
402067
402068
402069
402072
402073
402074
402075
402076
402077
402078
402578
402579
402582
402583
402585
402586
402588
402589
403066
403067
403068
403077
403078
403555
403557