318163
318677
318678
318679
318680
318681
319166
319167
319168
319169
319658
319659
319661
319662
319663
320155
320157
320158
320160
320628
320633
320637
320638
320639
320640
320641
320642
320643
320644
320653
321104
321105
321106
321107
321108
321109
321112
321113
321114
321115
321116
321117
321118
321119
321120
321121
321122
321123
321124
321127
321128
321129
321130
321131
321132
321573
321574
321575
321576
321577
321578
321579
321580
321581
321582
321583
321584
321585
321586
321588
321589
321590
321591
321592
321593
321594
321595
321597
321598
321599
321600
321601
322025
322026
322027
322028
322029
322030
322031
322032
322033
322034
322035
322036
322037
322038
322039
322040
322041
322045
322046
322047
322048
322049
322050
322051
322052
322053
322054
322055
322493
322494
322495
322496
322497
322498
322499
322500
322501
322502
322503
322504
322505
322506
322507
322508
322509
322511
322514
322517
322518
322519
322520
322521
322522
322524
322525
322989
322990
322991
322992
322993
322994
322995
322997
322998
322999
323000
323001
323002
323003
323004
323005
323007
323008
323009
323010
323011
323012
323013
323014
323015
323016
323018
323019
323021
323022
323455
323456
323457
323458
323459
323460
323461
323463
323464
323465
323466
323467
323468
323469
323470
323471
323472
323473
323474
323475
323476
323477
323478
323479
323480
323481
323482
323483
323484
323485
323486
323487
323488
323489
323490
323491
323492
323493
323494
323935
323936
323937
323938
323939
323940
323941
323945
323946
323947
323948
323949
323950
323951
323952
323953
323954
323955
323956
323958
323959
323960
323961
323962
323963
323964
323965
323966
323968
323969
323970
323971
323972
323973
323975
324445
324446
324447
324448
324454
324455
324456
324457
324458
324459
324460
324461
324462
324463
324464
324465
324466
324467
324468
324469
324470
324471
324472
324473
324475
324476
324477
324478
324479
324480
324481
324482
324483
324484
324485
324957
324958
324959
324960
324961
324962
324963
324964
324965
324966
324967
324968
324969
324970
324971
324972
324973
324974
324975
324976
324977
324978
324980
324981
324982
324983
324984
324985
324986
324987
324988
324989
324990
324991
324992
324993
324994
324995
324996
324997
324998
324999
325000
325001
325002
325481
325482
325483
325484
325485
325486
325487
325488
325489
325490
325491
325492
325493
325494
325495
325496
325497
325498
325499
325500
325501
325502
325503
325504
325505
325506
325508
325509
325510
325511
325512
325513
325514
325515
325516
325517
325518
325519
325520
325521
325522
325523
325524
325525
325526
325527
325528
325529
325530
325531
326002
326003
326004
326005
326006
326007
326008
326009
326010
326011
326012
326013
326014
326015
326016
326017
326018
326019
326020
326021
326022
326023
326024
326025
326026
326027
326028
326029
326030
326031
326032
326033
326034
326035
326036
326037
326038
326042
326043
326044
326045
326046
326047
326048
326049
326050
326051
326518
326519
326520
326521
326522
326523
326524
326525
326526
326527
326528
326529
326530
326531
326532
326533
326534
326535
326536
326537
326538
326539
326540
326542
326543
326544
326545
326546
326547
326548
326556
326557
326558
326559
326560
326561
326562
326563
326564
326567
327035
327036
327037
327038
327039
327040
327041
327042
327043
327044
327045
327046
327047
327048
327049
327050
327051
327052
327053
327054
327055
327056
327057
327060
327061
327062
327071
327072
327073
327074
327075
327076
327077
327078
327079
327080
327081
327549
327550
327551
327552
327553
327554
327555
327556
327557
327558
327559
327560
327561
327562
327563
327564
327565
327566
327567
327568
327569
327570
327575
327585
327586
327587
327588
327589
327592
327593
327594
327595
327596
327597
327598
328079
328080
328081
328082
328083
328084
328085
328086
328087
328088
328089
328090
328091
328092
328093
328094
328095
328096
328097
328099
328100
328101
328102
328103
328104
328119
328122
328123
328124
328125
328126
328580
328581
328582
328583
328584
328585
328586
328587
328588
328589
328590
328591
328592
328593
328594
328595
328596
328603
328604
328605
328621
328622
328623
328624
328625
329049
329050
329051
329052
329053
329054
329055
329056
329057
329058
329059
329060
329061
329062
329063
329064
329065
329066
329067
329068
329069
329075
329076
329077
329078
329098
329099
329100
329101
329102
329103
329104
329513
329514
329516
329517
329518
329519
329520
329521
329522
329523
329524
329525
329526
329527
329528
329529
329530
329531
329532
329535
329537
329538
329539
329540
329561
329562
329563
329564
329565
329566
329567
329568
329967
329968
329969
329970
329971
329972
329973
329974
329975
329976
329977
329978
329979
329980
329981
329982
329983
329984
329986
329987
329988
329989
329990
329991
329992
330012
330013
330014
330015
330016
330017
330436
330437
330438
330439
330440
330441
330442
330443
330444
330445
330446
330447
330448
330449
330450
330451
330452
330453
330474
330475
330476
330477
330907
330908
330909
330910
330911
330912
330913
330914
330915
330916
330917
330918
330919
330920
330921
330947
330948
330949
331381
331382
331383
331384
331385
331386
331387
331388
331389
331390
331391
331850
331851
331852
331853
331854
331855
331856
331857
331858
331859
331860
331861
331862
332325
332326
332327
332328
332329
332330
332331
332332
332333
332334
332335
332336
332337
332338
332339
332340
332342
332343
332344
332345
332346
332347
332808
332809
332810
332811
332812
332813
332814
332815
332816
332817
332818
332819
332820
332821
332822
332823
332824
332825
332826
332827
332828
332829
332830
332831
332832
332833
332834
333308
333309
333310
333311
333312
333313
333314
333315
333316
333317
333318
333319
333320
333321
333322
333323
333324
333325
333326
333327
333328
333329
333330
333331
333332
333333
333334
333335
333783
333784
333785
333786
333787
333788
333789
333790
333791
333792
333793
333794
333795
333796
333797
333798
333799
333800
333801
333802
333803
333804
333805
333806
333807
333808
333809
334237
334238
334239
334240
334241
334242
334243
334244
334245
334246
334247
334248
334249
334250
334251
334252
334253
334254
334255
334256
334257
334258
334259
334260
334706
334707
334708
334709
334710
334711
334712
334713
334714
334715
334717
334718
334720
334721
334722
334723
334724
334725
335165
335166
335167
335168
335169
335170
335171
335173
335174
335175
335176
335177
335178
335179
335180
335181
335182
335183
335619
335620
335621
335622
335623
335624
335625
335626
335627
335628
335629
335630
335631
335632
335633
335634
336080
336081
336082
336083
336084
336088
336089
336093
336094
336095
336096
336554
336555
336556
336557
336558
336559
336560
336561
336562
336565
336566
336571
336572
337043
337044
337045
337046
337047
337048
337049
337050
337051
337054
337055
337059
337562
337563
337564
337565
337566
337567
337568
337570
337571
337576
337577
338096
338097
338098
338101
338102
338103
338104
338105
338106
338107
338108
338112
338640
338644
338645
338646
338647
338648
338649
338650
338651
339178
339179
339180
339181
339703
339704
340230