82787
82788
83374
83375
83376
83943
83944
83945
83946
83947
83948
83949
83950
83951
84510
84511
84512
84513
84514
84515
84516
84517
84518
85082
85083
85084
85085
85086
85087
85088
85089
85090
85091
85092
85634
85662
85663
85664
85665
85666
85667
85668
85669
85670
86191
86192
86193
86219
86220
86221
86222
86223
86224
86225
86226
86227
86228
86750
86751
86752
86753
86754
86755
86758
86759
86760
86761
86763
86764
86765
86776
86777
86778
86779
86780
86781
86782
86783
86784
86785
87294
87295
87296
87297
87298
87299
87300
87301
87302
87303
87304
87305
87306
87307
87308
87312
87313
87314
87315
87316
87317
87318
87320
87322
87323
87324
87325
87326
87327
87328
87329
87330
87331
87816
87817
87818
87819
87820
87821
87822
87823
87824
87825
87826
87827
87828
87829
87830
87835
87836
87837
87838
87839
87840
87841
87842
87843
87844
87845
87846
87847
87848
87849
87850
87851
88333
88334
88335
88336
88337
88338
88339
88340
88341
88342
88343
88344
88345
88351
88352
88353
88354
88355
88356
88357
88358
88359
88360
88361
88362
88363
88364
88365
88366
88367
88368
88369
88370
88371
88853
88854
88855
88856
88857
88858
88859
88860
88861
88862
88863
88864
88865
88873
88874
88875
88876
88877
88878
88879
88880
88881
88882
88883
88884
88885
88886
88887
88888
88889
88890
88891
88892
88893
88894
88895
89353
89354
89357
89358
89359
89360
89361
89362
89363
89364
89365
89366
89367
89368
89369
89370
89378
89379
89380
89381
89382
89383
89384
89385
89386
89387
89388
89389
89390
89391
89392
89393
89394
89395
89396
89397
89398
89399
89400
89420
89421
89422
89423
89424
89887
89888
89889
89890
89891
89892
89893
89895
89896
89897
89898
89899
89900
89901
89902
89903
89904
89915
89916
89917
89918
89919
89920
89921
89922
89923
89924
89925
89926
89927
89928
89929
89930
89931
89932
89933
89934
89935
89936
89950
89951
89952
89953
89954
89955
89956
89957
89958
89959
90415
90416
90417
90418
90419
90422
90423
90424
90425
90426
90427
90428
90429
90430
90431
90432
90433
90434
90444
90445
90446
90447
90448
90449
90450
90451
90452
90453
90454
90455
90456
90457
90458
90459
90460
90461
90462
90463
90464
90465
90480
90481
90482
90483
90484
90485
90486
90487
90975
90976
90977
90978
90979
90980
90981
90982
90983
90984
90985
90986
90989
90990
90996
90997
90998
90999
91000
91001
91002
91003
91004
91005
91006
91007
91008
91009
91010
91011
91012
91013
91014
91015
91016
91017
91018
91032
91033
91034
91035
91036
91037
91038
91039
91040
91542
91543
91544
91545
91546
91547
91548
91549
91550
91551
91552
91554
91555
91556
91565
91571
91572
91573
91574
91575
91576
91577
91578
91579
91580
91581
91582
91583
91584
91585
91586
91587
91588
91601
91602
91603
91604
91605
91606
91607
91608
91609
92109
92110
92111
92112
92113
92114
92115
92116
92117
92118
92119
92120
92121
92122
92123
92138
92139
92140
92141
92142
92143
92144
92145
92146
92147
92148
92149
92150
92151
92152
92153
92154
92155
92167
92168
92169
92170
92171
92172
92173
92174
92175
92176
92177
92689
92690
92691
92692
92693
92694
92695
92696
92697
92698
92699
92700
92701
92715
92716
92717
92718
92719
92720
92721
92722
92723
92724
92725
92726
92727
92728
92729
92740
92741
92742
92743
92744
92745
92746
92747
92748
92749
92750
92751
92752
92753
92754
92755
92756
93271
93272
93273
93274
93275
93276
93277
93278
93279
93280
93281
93282
93283
93284
93285
93297
93298
93299
93300
93301
93302
93303
93304
93305
93306
93307
93308
93309
93310
93311
93312
93313
93314
93316
93317
93318
93324
93325
93326
93327
93328
93329
93330
93331
93332
93333
93334
93335
93336
93337
93338
93339
93340
93896
93897
93898
93899
93900
93901
93902
93903
93904
93905
93906
93907
93908
93909
93910
93911
93912
93922
93923
93924
93925
93926
93927
93928
93929
93930
93931
93932
93933
93934
93935
93936
93937
93938
93939
93940
93941
93942
93943
93944
93945
93946
93947
93953
93954
93955
93956
93957
93958
93959
93960
93961
93962
93963
93964
93965
93966
93967
93968
93969
93970
93971
94509
94510
94511
94513
94514
94515
94516
94517
94518
94519
94520
94521
94522
94523
94524
94525
94526
94531
94532
94533
94534
94535
94536
94537
94538
94539
94540
94543
94544
94545
94546
94547
94551
94558
94559
94560
94561
94562
94563
94565
94566
94567
94568
94569
94570
94571
94572
94573
94574
94575
94576
95138
95139
95140
95141
95142
95143
95144
95145
95146
95147
95148
95153
95154
95155
95156
95157
95158
95159
95160
95161
95162
95165
95166
95167
95168
95169
95170
95171
95172
95173
95175
95176
95177
95179
95180
95181
95182
95183
95184
95185
95186
95188
95189
95190
95191
95192
95193
95194
95195
95196
95197
95198
95199
95801
95802
95803
95804
95805
95806
95807
95808
95809
95810
95811
95812
95813
95814
95815
95816
95817
95818
95819
95820
95821
95822
95823
95824
95825
95826
95827
95828
95829
95832
95833
95836
95837
95838
95839
95840
95841
95842
95843
95844
95852
95853
95854
95855
95856
95858
95859
95860
95861
95862
95863
96436
96437
96438
96439
96440
96441
96442
96443
96444
96445
96446
96447
96448
96449
96450
96451
96452
96453
96454
96455
96456
96457
96458
96459
96460
96461
96462
96463
96466
96467
96473
96474
96475
96477
96478
96496
96497
96498
96499
97086
97087
97088
97089
97090
97091
97092
97093
97094
97095
97096
97097
97098
97099
97100
97101
97102
97103
97104
97105
97106
97107
97108
97109
97110
97111
97112
97113
97123
97124
97128
97715
97716
97717
97718
97719
97720
97721
97722
97723
97724
97725
97726
97727
97728
97729
97730
97732
97733
97738
97739
98328
98329
98330
98331
98332
98333
98334
98335
98336
98337
98338
98339
98340
98341
98344
98345
98351
98352
98353
98954
98955
98956
98957
98958
98959
98960
98961
98962
98963
98964
98965
98966
98967
98968
98969
98970
98971
98975
98983
99598
99600
99601
99602
99603
99604
99605
99606
99607
99608
99609
99610
99611
99612
99613
99619
99620
100249
100251
100252
100253
100254
100255
100256
100257
100258
100259
100260
100261
100911
100912
100913
100914
100915
100916
100917
100918
100919
100920
100921
100922
100923
100924
100925
101592
101594
101595
101596
101597
101598
101599
101600
101601
101602
101603
101604
102250
102251
102252
102857
102858
102859
103478
104111
104112
104113
104736
104737