20471
20472
20473
20474
21029
21030
21031
21032
21571
21572
21573
21574
21575
21576
22107
22108
22639
22640
22641
23164
23165
23166
23167
23168
23169
23690
23691
23692
23693
23694
23695
23696
23697
23698
23699
23700
24209
24210
24211
24212
24213
24214
24215
24216
24217
24218
24219
24220
24687
24688
24689
24690
24691
24692
24693
24694
24695
24696
24697
24698
24699
24700
24701
24702
24703
24704
24705
24706
24707
25176
25177
25178
25179
25180
25181
25182
25183
25184
25185
25186
25187
25188
25189
25190
25191
25192
25193
25194
25195
25680
25681
25682
25683
25684
25685
25686
25687
25688
25689
25690
25691
25692
25693
25694
25695
25696
25697
25698
25699
26167
26168
26169
26170
26171
26172
26173
26174
26175
26176
26177
26178
26179
26180
26181
26182
26183
26184
26185
26186
26187
26675
26676
26677
26678
26679
26680
26681
26682
26683
26684
26685
26686
26687
26688
26689
26690
27155
27156
27157
27158
27159
27160
27161
27162
27163
27164
27165
27166
27167
27168
27169
27655
27656
27657
27658
27659
27660
27661
27662
27663
27664
27665
27666
27667
27668
27669
27670
27671
27672
28171
28172
28173
28174
28175
28176
28177
28178
28179
28180
28181
28182
28183
28184
28185
28186
28187
28650
28651
28652
28653
28654
28655
28656
28657
28658
28659
28660
28661
28662
28663
28664
29120
29121
29122
29123
29124
29125
29126
29127
29128
29129
29130
29131
29132
29133
29134
29135
29596
29597
29598
29599
29600
29601
29602
29603
29604
29605
29606
29607
29608
29609
29610
29611
30068
30069
30070
30071
30072
30073
30074
30075
30076
30077
30078
30079
30080
30081
30082
30562
30563
30564
30565
30566
30567
30568
30569
30570
30571
30572
30573
31062
31063
31064
31065
31066
31071
31555
31556
31557
31558
31559
31560
31561
31562
31563
31564
31565
31566
31567
32079
32080
32081
32082
32083
32084
32085
32086
32087
32088
32582
32583
32584
32585
32586
32587
32597
32598
32600
32601
32602
32603
32604
32605
32606
32607
32608
32609
32610
32611
32612
33082
33083
33084
33085
33086
33087
33096
33097
33098
33099
33100
33101
33102
33104
33105
33106
33107
33589
33590
33591
33592
33593
33594
33595
33598
33599
33600
33601
33602
33603
33604
33605
33606
33607
33608
33609
33610
33611
34088
34089
34090
34091
34092
34093
34094
34095
34096
34097
34098
34099
34100
34101
34102
34103
34104
34105
34106
34107
34108
34109
34110
34111
34602
34603
34604
34605
34606
34607
34608
34609
34610
34611
34612
34613
34614
34615
34616
34617
34618
34619
34620
34621
34622
34623
34625
34626
34627
34628
35133
35134
35135
35136
35137
35138
35139
35140
35141
35142
35143
35144
35145
35146
35147
35148
35149
35154
35155
35156
35157
35641
35642
35643
35644
35645
35646
35647
35648
35649
35650
35651
35652
35653
35654
35655
35656
35657
35658
35659
35666
35667
35668
35669
35670
36137
36138
36139
36140
36141
36142
36143
36144
36145
36146
36147
36148
36149
36150
36151
36152
36153
36154
36155
36161
36162
36163
36164
36165
36166
36613
36614
36615
36616
36617
36618
36619
36620
36621
36622
36623
36624
36625
36626
36627
36628
36629
36630
36631
36632
36633
36634
36641
36642
36643
36644
37083
37084
37085
37086
37087
37088
37089
37090
37091
37092
37093
37094
37095
37096
37097
37098
37106
37107
37108
37109
37110
37112
37556
37557
37558
37559
37560
37561
37562
37563
37564
37565
37566
37567
37568
37569
37570
37571
37572
37573
37574
37581
37582
37583
37584
37585
37586
37587
37588
38043
38044
38045
38046
38047
38048
38049
38050
38051
38052
38053
38054
38055
38056
38057
38058
38059
38060
38062
38064
38065
38066
38552
38553
38554
38555
38556
38557
38558
38559
38560
38561
38562
38563
38564
38565
38566
38567
38568
38569
38570
38571
38572
38573
38579
39058
39059
39060
39061
39062
39063
39064
39065
39066
39067
39068
39069
39070
39071
39072
39073
39074
39075
39076
39077
39078
39079
39581
39582
39583
39584
39585
39586
39587
39588
39589
39590
39591
39592
39593
39594
39596
39597
39598
39599
39600
39601
39602
39603
39604
39605
39606
39607
39608
40115
40116
40117
40118
40119
40120
40121
40122
40123
40124
40125
40126
40127
40128
40129
40130
40133
40134
40135
40136
40137
40138
40139
40140
40646
40647
40648
40649
40650
40651
40652
40653
40654
40655
40656
40657
40658
40659
40660
40661
40665
40666
40667
40668
40669
40670
40671
40672
40673
41172
41173
41174
41175
41176
41177
41178
41179
41180
41181
41182
41183
41184
41185
41186
41187
41188
41189
41190
41191
41195
41196
41197
41198
41199
41200
41201
41738
41739
41740
41741
41742
41743
41744
41745
41746
41747
41748
41749
41750
41751
41752
41753
41754
41755
41756
41757
41758
41759
41760
41761
41762
41763
41764
41765
41766
41767
42319
42320
42321
42322
42323
42324
42325
42326
42327
42328
42329
42330
42331
42332
42333
42334
42335
42336
42337
42338
42339
42340
42341
42343
42895
42896
42897
42898
42899
42900
42901
42902
42903
42904
42905
42906
42907
42908
42909
42910
42911
42912
42913
42914
42915
42916
42917
42918
42919
43459
43460
43461
43462
43463
43465
43466
43467
43468
43469
43470
43471
43472
43473
43474
43475
43476
43477
43478
43479
44021
44022
44023
44024
44028
44029
44030
44031
44032
44033
44034
44035
44036
44037
44038
44039
44040
44043
44044
44045
44051
44052
44573
44574
44575
44578
44579
44580
44581
44582
44583
44584
44585
44586
44587
44588
44589
44590
44591
44592
44593
44594
44595
44596
44597
45097
45098
45099
45100
45101
45110
45111
45112
45113
45114
45115
45116
45117
45118
45119
45120
45121
45628
45629
45632
45641
45642
45643
45644
45645
45648
45649
45650
45651
45652
46139
46140
46141
46142
46143
46152
46153
46154
46155
46156
46157
46158
46159
46160
46161
46162
46163
46164
46643
46644
46645
46646
46647
46648
46656
46657
46658
46659
46660
46661
46662
46664
46665
47108
47109
47110
47111
47112
47122
47123
47124
47125
47126
47127
47128
47129
47130
47131
47568
47569
47570
47571
47582
47583
47584
47585
47586
47587
47588
47589
47590
47591
48012
48027
48028
48029
48030
48031
48032
48033
48034
48035
48036
48037
48497
48498
48499
48500
48501
48502
48503
48504
48505
48506
48507
48508
48509
48971
48972
48973
48974
48975
48976
48977
48978
48979
48980
48981
48982
48983
49446
49447
49448