192995
192997
192998
192999
193000
193001
193535
193551
193552
193553
193554
193555
193556
193557
193558
193559
193560
193561
194086
194087
194091
194092
194094
194095
194103
194104
194105
194106
194107
194108
194109
194110
194111
194112
194113
194114
194115
194649
194650
194651
194655
194659
194660
194661
194662
194672
194673
194674
194675
194676
194677
194678
194679
194680
194681
194682
194683
194684
194685
194686
195205
195206
195207
195211
195212
195213
195214
195215
195216
195217
195218
195219
195220
195228
195229
195230
195231
195232
195233
195234
195235
195236
195237
195238
195239
195240
195241
195744
195745
195746
195747
195748
195749
195750
195751
195752
195753
195754
195755
195756
195757
195758
195759
195767
195768
195769
195770
195771
195772
195773
195774
195775
195776
195777
195778
195779
195780
195781
195782
195783
196271
196272
196273
196274
196275
196276
196277
196278
196279
196280
196281
196282
196283
196284
196285
196294
196295
196296
196297
196298
196299
196300
196301
196302
196303
196304
196305
196306
196307
196308
196309
196310
196791
196794
196795
196796
196797
196798
196799
196800
196801
196802
196803
196804
196805
196806
196807
196808
196809
196816
196817
196818
196819
196820
196821
196822
196823
196824
196825
196826
196827
196828
196829
196830
196831
196832
196833
196834
196835
197309
197310
197311
197312
197314
197315
197316
197317
197320
197321
197322
197323
197324
197325
197331
197332
197333
197334
197335
197336
197337
197338
197339
197340
197341
197342
197343
197344
197345
197346
197347
197348
197349
197855
197856
197857
197858
197859
197862
197863
197865
197869
197870
197872
197878
197879
197880
197881
197882
197883
197884
197885
197886
197887
197888
197889
197890
197891
197892
197893
197894
197895
197896
197897
198408
198409
198410
198411
198412
198418
198432
198434
198435
198436
198437
198438
198439
198440
198441
198442
198443
198444
198445
198446
198447
198448
198449
198450
198451
198452
198453
198454
198978
198979
198980
198982
198988
198989
198992
199001
199002
199003
199004
199005
199006
199007
199008
199009
199010
199011
199012
199013
199014
199015
199016
199017
199018
199019
199020
199574
199580
199581
199582
199583
199584
199585
199586
199587
199588
199597
199598
199599
199600
199601
199602
199603
199604
199605
199606
199607
199608
199609
200178
200179
200180
200181
200182
200183
200184
200185
200186
200187
200188
200193
200194
200195
200196
200197
200198
200199
200200
200201
200759
200760
200761
200762
200763
200764
200767
200768
200769
200770
200772
200773
200774
200775
200776
200777
200778
201310
201311
201312
201313
201314
201315
201316
201320
201321
201322
201323
201324
201325
201326
201327
201328
201882
201883
201884
201885
201886
201887
201888
201889
201890
201891
201892
201893
201894
201895
201896
201897
201900
201901
202449
202450
202451
202452
202453
202454
202455
202456
202457
202458
202459
202460
202461
202462
202463
202464
202465
203031
203032
203033
203034
203035
203036
203037
203038
203039
203040
203041
203042
203043
203044
203045
203046
203612
203613
203614
203615
203616
203617
203618
203619
203620
203621
203622
203623
203624
203625
203626
204177
204178
204179
204180
204181
204182
204183
204184
204185
204186
204187
204188
204189
204190
204191
204737
204738
204739
204740
204741
204742
204743
204744
204745
204746
204747
204748
204749
205281
205282
205283
205284
205285
205286
205287
205288
205289
205290
205291
205835
205836
205837
205838
205839
205840
205841
205842
205843
205844
206385
206386
206387
206388
206389
206390
206391
206392
206393
206394
206934
206935
206936
206937
206938
206939
206940
206941
206942
207472
207473
207474
207475
207476
207995
207996
207997
207998
207999
208000
208001
208002
208003
208004
208005
208006
208007
208008
208500
208501
208502
208503
208504
208505
208506
208507
208508
208509
208510
208511
208512
209003
209004
209005
209006
209007
209008
209009
209010
209011
209012
209013
209014
209015
209476
209477
209478
209479
209480
209481
209482
209483
209484
209485
209486
209487
209488
209489
209980
209981
209982
209983
209984
209985
209986
209987
209988
209989
209990
209991
209992
209993
209994
209995
209996
210464
210465
210466
210467
210468
210469
210470
210471
210472
210473
210474
210475
210476
210477
210478
210479
210480
210481
210482
210971
210972
210973
210974
210975
210976
210977
210978
210979
210980
210981
210982
210983
210984
210985
210986
210987
210988
210989
210990
210991
210992
211491
211493
211494
211495
211496
211497
211498
211499
211500
211501
211502
211503
211504
211505
211506
211507
211508
211509
211510
211511
212022
212027
212028
212029
212030
212031
212032
212033
212034
212035
212036
212037
212038
212039
212040
212534
212536
212537
212538
212539
212540
212541
212542
212543
212544
212545
212546
212547
212548
212549
212550
212551
212552
213056
213058
213059
213060
213061
213062
213063
213064
213065
213066
213067
213068
213069
213070
213071
213587
213588
213589
213590
213591
213592
213593
213594
213595
213596
213597
213598
213599
213600
213601
213602
213603
213604
213605
214144
214146
214147
214148
214149
214150
214151
214152
214153
214154
214155
214156
214157
214158
214159
214160
214161
214162
214163
214164
214724
214725
214726
214727
214728
214729
214730
214731
214732
214733
214734
214735
214736
214737
214738
214739
214740
214741
214742
215306
215307
215308
215309
215310
215311
215312
215313
215314
215315
215316
215317
215318
215319
215320
215321
215322
215323
215877
215878
215879
215880
215881
215882
215883
215884
215885
215886
215887
215888
215889
215890
215891
215892
215893
216442
216443
216444
216445
216446
216447
216448
216450
216452
216453
216454
216455
216456
216457
216458
216459
216460
217008
217009
217010
217011
217012
217013
217014
217015
217016
217017
217018
217019
217020
217021
217022
217023
217024
217025
217026
217027
217028
217029
217030
217031
217578
217579
217580
217581
217582
217583
217584
217585
217586
217587
217588
217589
217590
217591
217592
217594
217595
217596
217597
217598
217599
217600
217601
217602
217603
218134
218135
218136
218137
218138
218139
218140
218141
218142
218143
218144
218145
218146
218148
218149
218150
218151
218152
218153
218154
218686
218687
218688
218689
218690
218693
218694
218695
218697
218698
218699
218700
218701
218702
218703
218704
219207
219209
219210
219212
219213
219214
219215
219216
219217
219218
219219
219220
219221
219222
219223
219224
219225
219738
219739
219741
219742
219743
219744
219745
219746
219747
219748
219749
219750
219751
220282
220283
220284
220285
220286
220287
220288
220289
220290
220291
220292
220859
220860
220861
220862
220863
220864
220865
220866
220867
220868
220869
220870
220871
220872
220873
221424
221425
221426
221427
221428
221429
221430
221431
221432
221433
221434
221435
221966
221967
221968
221969
221970
221971
221972
221973
221974
221975
222487
222488
222489
222490
222491
222492
222493
222494
222495
222496
222497
222498
223007
223008
223009
223010
223011
223012
223013
223514
223515
223516
223517
224055