125316
125348
125349
125872
125902
125903
125904
125905
125906
126426
126427
126429
126436
126453
126454
126455
126456
126457
126458
126459
126460
126461
126462
126981
126982
126983
126984
126985
126989
126996
126997
126998
126999
127000
127002
127003
127004
127005
127006
127007
127008
127518
127519
127520
127521
127522
127523
127524
127525
127526
127527
127528
127529
127530
127534
127535
127536
127537
127538
127539
127540
127541
127542
127543
127544
127545
127546
128056
128057
128058
128059
128061
128062
128063
128064
128065
128066
128071
128072
128073
128074
128075
128076
128077
128078
128570
128571
128572
128574
128575
128577
128578
128583
128584
128585
128586
128587
128588
129061
129062
129063
129064
129065
129068
129069
129070
129071
129072
129073
129074
129077
129078
129079
129080
129081
129082
129083
129084
129085
129086
129087
129088
129089
129090
129091
129582
129585
129586
129587
129588
129589
129590
129592
129593
129594
129595
129596
129597
129598
129599
129600
129601
129602
129603
129604
129605
129606
130113
130114
130115
130116
130117
130118
130119
130120
130121
130122
130123
130124
130125
130126
130127
130128
130129
130130
130131
130132
130133
130629
130630
130631
130632
130633
130634
130635
130636
130637
130638
130639
130640
130641
130642
130643
130644
130645
130646
130647
130648
130649
130650
130651
130652
130653
130654
130655
130656
130657
130658
131134
131135
131136
131137
131138
131139
131140
131141
131142
131143
131144
131145
131146
131147
131148
131149
131150
131151
131152
131153
131154
131155
131156
131157
131158
131159
131160
131161
131162
131163
131649
131650
131651
131652
131653
131654
131655
131656
131657
131658
131659
131660
131661
131662
131663
131664
131665
131666
131667
131668
131669
131670
131671
131672
131673
131674
131675
131676
131677
131678
131679
131680
131681
131682
131683
132168
132169
132170
132171
132172
132173
132174
132175
132176
132177
132178
132179
132180
132181
132182
132183
132184
132185
132186
132187
132188
132189
132190
132191
132192
132193
132194
132195
132196
132197
132198
132199
132200
132201
132202
132203
132204
132692
132693
132694
132695
132696
132697
132698
132699
132700
132701
132702
132703
132704
132705
132706
132707
132708
132709
132710
132711
132712
132713
132714
132715
132716
132717
132718
132719
132720
132721
132722
132723
133236
133237
133238
133239
133240
133241
133242
133243
133244
133245
133246
133247
133248
133249
133250
133251
133252
133253
133254
133255
133256
133257
133258
133259
133260
133261
133262
133263
133264
133265
133266
133267
133268
133269
133270
133271
133272
133273
133274
133275
133801
133802
133803
133804
133805
133806
133807
133808
133809
133810
133811
133812
133813
133814
133815
133816
133817
133818
133819
133820
133821
133822
133823
133824
133825
133826
133827
133828
133829
133830
133831
133832
133833
133834
133835
133836
133837
133838
133839
134392
134393
134394
134395
134396
134397
134398
134399
134400
134401
134402
134403
134404
134405
134406
134407
134408
134409
134410
134411
134412
134413
134414
134415
134416
134417
134418
134419
134420
134421
134422
134423
134424
134425
134426
134427
134428
134429
134430
134431
134432
134433
134434
134435
134436
134972
134973
134974
134975
134976
134977
134978
134979
134980
134981
134982
134983
134984
134985
134986
134987
134988
134989
134990
134991
134992
134993
134994
134995
134996
134997
134998
134999
135000
135001
135002
135003
135004
135005
135006
135007
135008
135009
135010
135011
135012
135013
135584
135585
135586
135587
135588
135589
135590
135591
135592
135593
135594
135595
135596
135597
135598
135599
135600
135601
135602
135603
135604
135605
135606
135607
135608
135609
135610
135611
135612
135613
135614
135615
135616
135617
135618
135619
136187
136188
136189
136190
136191
136192
136193
136194
136195
136196
136197
136198
136199
136200
136201
136202
136203
136204
136205
136206
136207
136208
136209
136210
136211
136212
136213
136214
136215
136216
136217
136218
136219
136220
136221
136222
136223
136791
136792
136793
136794
136795
136796
136797
136798
136799
136800
136801
136802
136803
136804
136805
136806
136807
136808
136809
136810
136811
136812
136813
136814
136815
136816
136817
136818
136819
136820
136821
136822
136823
136824
136825
136826
136827
136828
136829
136830
136831
137385
137386
137387
137388
137389
137390
137391
137392
137393
137394
137395
137396
137397
137398
137399
137400
137401
137402
137403
137404
137405
137406
137407
137408
137409
137410
137411
137412
137413
137414
137415
137416
137417
137418
137419
137955
137956
137957
137958
137959
137960
137961
137962
137963
137964
137965
137966
137967
137968
137969
137970
137971
137972
137973
137974
137975
137976
137977
137978
137979
137980
137981
137982
137983
137984
137985
138552
138553
138554
138555
138556
138557
138558
138559
138560
138561
138562
138563
138564
138565
138566
138567
138568
138569
138570
138571
138572
138573
138574
138575
138576
138577
138578
139148
139149
139150
139151
139152
139153
139154
139155
139156
139157
139158
139159
139160
139161
139162
139163
139164
139165
139166
139167
139168
139169
139170
139171
139172
139173
139174
139175
139176
139754
139755
139756
139757
139758
139759
139760
139761
139762
139763
139764
139765
139766
139767
139768
139769
139770
139771
139772
139773
139774
139775
139776
139777
139778
139779
139780
139781
139782
139783
139784
140360
140361
140362
140363
140364
140365
140366
140367
140368
140369
140370
140371
140372
140373
140374
140375
140376
140377
140378
140379
140380
140381
140382
140383
140384
140385
140386
140387
140388
140389
140390
140391
140392
140393
140977
140978
140979
140980
140981
140982
140983
140984
140985
140986
140987
140988
140989
140990
140991
140992
140993
140994
140995
140996
140997
140998
140999
141000
141001
141002
141003
141004
141005
141560
141561
141562
141563
141564
141565
141566
141567
141568
141569
141570
141571
141572
141573
141574
141575
141576
141577
141578
141579
141580
141581
141582
141583
141584
142130
142131
142132
142133
142134
142135
142136
142137
142138
142139
142140
142141
142142
142143
142144
142145
142146
142147
142148
142149
142691
142692
142693
142694
142695
142696
142697
142698
142699
142700
142701
142702
142703
142704
142705
142706
142707
142708
142709
143249
143250
143251
143252
143253
143254
143255
143256
143257
143258
143259
143260
143261
143262
143263
143264
143265
143266
143267
143268
143802
143803
143804
143805
143806
143807
143809
143810
143811
143812
143813
143814
143815
143816
143817
143818
144317
144318
144319
144320
144321
144322
144326
144327
144328
144329
144330
144331
144332
144333
144334
144335
144336
144337
144338
144864
144865
144866
144867
144868
144871
144872
144873
144874
144875
144876
144877
144878
144879
144880
144881
144882
144883
144884
144885
145432
145433
145434
145435
145436
145437
145438
145439
145440
145441
145442
145443
145444
146001
146002
146003
146004
146005
146006
146008
146010
146563
146564
146565
146566
146572
146573
147105
147106
147107
147108
147113
147114