59349
59350
59939
59940
59941
60553
60554
60556
60557
60558
60559
60560
61144
61151
61152
61153
61154
61155
61156
61157
61158
61728
61736
61737
61738
61739
61740
61741
61742
61743
61744
61745
61746
61747
62322
62323
62324
62325
62329
62330
62331
62332
62333
62334
62335
62336
62337
62338
62339
62340
62341
62342
62897
62898
62905
62906
62907
62908
62909
62910
62911
62912
62913
62914
62915
62916
62917
62918
63460
63461
63462
63463
63464
63465
63468
63469
63470
63471
63472
63473
63475
63476
63477
63478
63479
64052
64053
64054
64055
64056
64057
64061
64062
64063
64064
64065
64066
64068
64069
64070
64071
64072
64651
64652
64653
64654
64655
64656
64657
64659
64660
64661
64662
64663
64664
64665
64666
64667
64668
64669
65236
65239
65240
65241
65242
65243
65244
65245
65246
65247
65248
65250
65252
65253
65254
65255
65809
65810
65811
65812
65813
65814
65815
65816
65817
65820
65821
65822
65823
65829
65830
65831
65832
66361
66362
66363
66364
66365
66366
66371
66372
66373
66374
66375
66381
66382
66383
66384
66899
66900
66901
66902
66903
66904
66910
66911
66912
66913
66914
66917
66920
66921
66922
66923
67436
67437
67438
67439
67440
67445
67446
67447
67448
67449
67450
67451
67452
67453
67455
67456
67457
68006
68007
68008
68011
68012
68013
68014
68015
68016
68017
68018
68019
68020
68021
68022
68023
68024
68025
68026
68541
68542
68543
68544
68545
68546
68547
68548
68549
68550
68551
68552
68553
68554
68555
68556
68557
68558
68559
68560
68561
68562
69057
69059
69060
69061
69062
69063
69064
69065
69066
69067
69068
69069
69070
69071
69072
69073
69074
69075
69076
69077
69078
69079
69080
69607
69608
69609
69610
69611
69612
69613
69614
69615
69616
69617
69618
69619
69620
69621
69622
69623
69624
69625
69627
69628
70140
70141
70142
70143
70144
70145
70146
70147
70148
70149
70150
70151
70152
70153
70155
70156
70674
70675
70676
70688
70689
70690
70691
70692
70693
70694
70695
70696
70697
70698
70699
70700
71218
71219
71220
71231
71232
71233
71234
71235
71236
71237
71238
71239
71240
71241
71242
71243
71244
71245
71783
71795
71796
71797
71798
71799
71800
71801
71802
71803
71804
71805
71806
71807
71808
71809
72351
72352
72363
72364
72365
72366
72367
72368
72369
72370
72372
72373
72374
72375
72909
72910
72911
72912
72913
72914
72919
72920
72921
72922
72923
72924
72925
72926
72927
72928
72929
72930
72932
72933
73465
73466
73467
73468
73469
73470
73475
73476
73477
73479
73480
73481
73482
73483
73484
73485
73486
73487
73488
73489
73490
73491
73492
74032
74033
74034
74035
74036
74037
74038
74039
74042
74043
74046
74047
74048
74049
74050
74051
74052
74053
74054
74055
74056
74057
74058
74059
74587
74588
74589
74590
74591
74592
74593
74594
74595
74596
74597
74600
74601
74602
74603
74604
74605
74606
74607
74608
74609
74610
74611
74612
74613
75157
75158
75159
75160
75161
75162
75163
75164
75165
75166
75167
75168
75169
75170
75171
75172
75173
75174
75175
75176
75177
75178
75179
75180
75181
75182
75183
75184
75760
75761
75762
75763
75764
75765
75766
75767
75768
75769
75770
75771
75772
75773
75775
75776
75777
75778
75779
75780
76340
76341
76342
76343
76344
76345
76346
76347
76348
76349
76350
76351
76352
76353
76354
76357
76358
76912
76913
76914
76915
76916
76917
76918
76919
76920
76921
76922
76923
76928
77467
77470
77473
77474
77475
77476
77477
77478
77479
77484
78042
78045
78046
78047
78051
78052
78053
78054
78055
78056
78057
78058
78059
78625
78626
78627
78628
78629
78632
78633
78634
78635
78636
78637
78638
78639
78640
79221
79222
79223
79224
79225
79227
79808
79809
79810
79811
79812
79813
80400
80401
80402
80403
80404
80405
80406
80407
80408
80985
80986
80987
80988
80989
80990
80991
80993
80994
81526
81529
81537
81538
81539
81540
81541
81542
81543
82107
82108
82109
82110
82111
82117
82118
82119
82120
82121
82699
82700
82701
82702
82703
82704
82705
82706
82707
82713
82714
82715
82716
82717
83291
83292
83293
83294
83295
83296
83297
83298
83299
83300
83301
83302
83303
83304
83305
83309
83310
83311
83312
83858
83859
83860
83861
83862
83863
83864
83865
83866
83867
83868
83869
83870
83871
83872
83873
83874
83875
83876
83877
83878
83879
84413
84415
84416
84417
84418
84419
84420
84421
84422
84423
84424
84425
84426
84427
84428
84429
84430
84431
84432
84433
84434
84435
84436
84437
84438
84439
84987
84988
84989
84990
84991
84992
84993
84994
84995
84996
84997
84998
84999
85000
85001
85002
85003
85004
85005
85006
85007
85008
85009
85010
85011
85012
85562
85563
85564
85565
85566
85567
85568
85569
85570
85571
85572
85573
85574
85575
85576
85577
85578
85579
85580
85581
85582
85583
85584
85585
85586
85587
85588
86123
86124
86125
86126
86127
86128
86129
86130
86131
86132
86133
86134
86135
86136
86137
86138
86139
86140
86141
86142
86143
86144
86145
86146
86147
86674
86675
86676
86677
86678
86679
86680
86681
86682
86683
86684
86685
86686
86687
86688
86689
86690
86691
86692
86693
86696
86699
86700
87220
87221
87222
87223
87224
87225
87226
87227
87228
87229
87230
87232
87233
87234
87235
87236
87237
87238
87239
87240
87241
87747
87753
87754
87755
87756
87757
87758
87759
87760
87763
87764
87765
87766
87767
87768
87769
88275
88276
88277
88278
88279
88280
88281
88282
88283
88284
88285
88286
88287
88288
88289
88290
88803
88804
88806
88807
88808
88809
88810
88812
88813
88814
88815
88816
89322
89323
89324
89325
89326
89327
89328
89329
89330
89331
89855
89856
89857
89858
89859
89861
89862
89863
89864
90382
90383
90384
90385
90386
90387
90388
90389
90936
90937
90938
90939
90940
90942
90943
90944
91506
91507
91509
91510
91511
91512
92070
92072
92073
92074
92075
92076
92652
92653
92654
92655
92656
92657
92658
93235
93236
93237
93238
93239
93240
93241
93242
93243
93244
93857
93858
93859
93860
93861
93862
93863
93864
93865
94475
94476
94477
94478
94479
94480
94481
94482
94483
95090
95091
95092
95093
95094
95095
95096
95097
95098
95750
95751
95752
95753
95754
95755
96389
96390
96391
96392
96393
96394
97035
97036
97037
97038
97039
97668
97669
97670
97671
97672
97673
98283
98284
98285
98286
98287
98288
98914
98915
98916
98917
99547
99548
99549
99550
100200
100201
100862