132797
133344
133345
133914
133915
133916
134513
134514
134515
135096
135097
135098
135099
135100
135101
135697
135698
135699
135700
135701
135702
135703
135704
135705
135706
136307
136308
136309
136310
136311
136312
136313
136915
136916
136917
136918
136919
137505
137506
137507
137508
137509
137510
138073
138074
138076
138077
138078
138079
138080
138081
138659
138660
138663
138664
138665
138666
138667
138668
138669
139254
139255
139256
139257
139258
139259
139260
139261
139262
139263
139860
139861
139862
139863
139864
139865
139866
139867
140466
140467
140468
140469
140470
140471
140472
140473
140474
141072
141073
141075
141076
141077
141078
141655
141656
141657
141658
142214
142217
142218
142219
142220
142221
142774
142775
142777
142778
142779
142780
142781
142782
142783
142784
142785
142786
143335
143336
143337
143338
143339
143340
143341
143342
143343
143344
143345
143346
143347
143348
143884
143885
143886
143887
143888
143889
143890
143891
143892
143893
143894
143895
143896
143897
143898
143899
143900
143901
143902
143903
143904
144410
144411
144412
144413
144414
144415
144416
144417
144418
144419
144420
144421
144422
144423
144424
144425
144426
144427
144428
144429
144430
144431
144960
144961
144962
144963
144964
144965
144966
144967
144968
144969
144970
144971
144972
144973
144974
144975
144976
144977
145521
145522
145523
145524
145525
145526
145527
145528
145529
145530
145531
145532
145533
145534
145535
145536
145537
146087
146088
146089
146090
146091
146092
146093
146094
146095
146096
146097
146098
146099
146100
146101
146660
146661
146662
146663
146664
146665
146666
146667
146668
146669
146670
146671
146672
146673
146674
146675
146676
146677
147211
147212
147213
147214
147215
147216
147217
147218
147219
147220
147221
147222
147223
147224
147225
147226
147227
147228
147772
147777
147778
147779
147780
147781
147782
147783
147784
147785
147786
147787
147788
147789
147790
147791
148313
148314
148315
148316
148317
148318
148319
148320
148321
148322
148323
148324
148325
148326
148327
148328
148329
148330
148331
148332
148858
148859
148860
148861
148862
148863
148864
148865
148866
148867
148868
148869
148870
148871
148872
148873
148874
148875
148876
148877
148878
148879
148880
149394
149395
149396
149397
149398
149399
149400
149401
149402
149403
149404
149405
149406
149407
149408
149409
149410
149411
149412
149413
149414
149415
149416
149417
149418
149419
149420
149931
149932
149933
149934
149935
149936
149937
149938
149939
149940
149941
149942
149943
149944
149945
149946
149947
149948
149949
149950
149951
149952
149953
149954
149955
149956
149957
150467
150468
150469
150470
150471
150472
150473
150474
150475
150476
150477
150478
150479
150480
150481
150482
150483
150484
150485
150486
150487
150488
150489
150490
150491
150492
150493
150494
150495
150996
150997
150998
150999
151000
151001
151002
151003
151004
151005
151006
151007
151008
151009
151010
151011
151012
151013
151014
151015
151016
151017
151018
151019
151020
151021
151022
151026
151027
151032
151033
151034
151540
151541
151542
151543
151544
151545
151546
151547
151548
151549
151550
151552
151553
151554
151555
151556
151557
151558
151559
151560
151561
151562
151566
151567
151568
151569
151574
151575
151576
152104
152105
152106
152107
152108
152109
152110
152111
152112
152113
152114
152115
152116
152119
152120
152121
152122
152123
152124
152125
152126
152127
152128
152129
152130
152131
152132
152133
152134
152135
152136
152141
152142
152143
152144
152145
152663
152664
152665
152666
152667
152668
152669
152670
152671
152672
152673
152674
152675
152676
152677
152678
152684
152685
152686
152687
152688
152689
152690
152691
152692
152693
152697
152700
152701
152702
152703
152704
152705
152706
153195
153196
153197
153198
153199
153200
153201
153202
153203
153204
153205
153211
153212
153213
153214
153215
153216
153217
153218
153219
153220
153221
153222
153224
153225
153226
153230
153231
153232
153233
153234
153235
153236
153721
153722
153723
153724
153725
153726
153727
153728
153729
153735
153736
153737
153738
153739
153740
153741
153742
153743
153744
153745
153746
153747
153752
153753
153754
153755
153756
153757
153758
153759
153760
153761
153762
154242
154243
154244
154245
154246
154247
154248
154249
154250
154251
154252
154253
154259
154263
154264
154265
154266
154267
154268
154269
154270
154271
154272
154276
154277
154278
154279
154280
154281
154282
154283
154284
154285
154286
154287
154288
154755
154756
154757
154758
154759
154760
154761
154762
154763
154764
154765
154771
154772
154773
154774
154775
154776
154777
154778
154779
154780
154781
154783
154784
154786
154787
154788
154789
154790
154791
154792
154793
154794
154795
154796
154797
155239
155240
155241
155242
155243
155244
155245
155246
155247
155248
155249
155250
155251
155252
155253
155254
155255
155256
155257
155258
155259
155262
155263
155266
155267
155268
155269
155270
155271
155272
155273
155274
155275
155276
155277
155278
155279
155280
155281
155282
155715
155716
155717
155718
155719
155720
155721
155722
155723
155724
155725
155726
155727
155728
155729
155730
155731
155732
155733
155734
155737
155739
155740
155741
155742
155743
155744
155745
155746
155747
155748
155749
155750
155751
155752
156179
156181
156183
156184
156185
156187
156188
156189
156190
156191
156192
156196
156198
156200
156201
156202
156203
156204
156205
156206
156661
156662
156663
156664
156665
156666
156673
156674
156675
156676
156678
156679
156680
156681
156682
156683
156684
157154
157155
157156
157157
157158
157159
157160
157161
157166
157167
157168
157169
157170
157172
157173
157174
157175
157176
157177
157178
157633
157634
157635
157636
157637
157638
157639
157644
157645
157646
157647
157648
157649
157650
157651
157652
157653
157654
157655
158116
158117
158125
158126
158127
158128
158129
158130
158131
158132
158133
158134
158135
158136
158137
158138
158139
158140
158141
158610
158611
158612
158613
158614
158615
158616
158617
158619
158620
158621
158622
159066
159068
159069
159070
159071
159073
159074
159075
159076
159077
159496
159498
159499
159500
159501
159502
159503
159504
159505
159506
159939
159940
159941
159942
159943
159944
159945
159946
160371
160372
160373
160374
160375
160376
160788
160789
160790
160791
160792
160793
160800
160802
160803
160804
160805
160806
161236
161237
161238
161239
161240
161241
161242
161243
161244
161249
161250
161251
161252
161253
161254
161255
161696
161697
161698
161699
161700
161701
161702
161703
161704
161708
161709
161710
161711
161712
161713
162180
162181
162184
162185
162186
162187
162188
162189
162190
162191
162192
162193
162194
162195
162196
162197
162198
162658
162659
162660
162661
162662
162665
162666
162667
162668
162669
162670
162671
162672
162673
162674
162675
162676
162677
162678
162679
163102
163103
163104
163106
163114
163115
163116
163117
163118
163120
163121
163122
163123
163541
163542
163543
163544
163557
163558
163559
163560
163984
163985
163986
164001
164002
164003
164004
164453
164454
164455
164456
164945
164946
165424