125348
125349
125902
125903
125904
125905
125906
126453
126454
126455
126456
126457
126458
126459
126460
126461
126462
127003
127004
127005
127006
127007
127008
127541
127542
127543
127544
127545
127546
128077
128078
128588
129085
129086
129087
129088
129089
129090
129091
129599
129600
129601
129602
129603
129604
129605
129606
130128
130129
130130
130131
130132
130133
130637
130647
130648
130649
130650
130651
130652
130653
130654
130655
130656
131141
131142
131143
131144
131145
131146
131147
131149
131150
131151
131152
131153
131154
131155
131156
131157
131158
131159
131160
131161
131162
131660
131661
131662
131663
131664
131665
131666
131667
131668
131669
131670
131671
131672
131673
131674
131675
131676
131677
131678
131679
131680
131681
132179
132180
132181
132182
132183
132184
132185
132186
132187
132188
132189
132190
132191
132192
132193
132194
132195
132196
132197
132198
132199
132703
132704
132705
132706
132707
132708
132709
132711
132712
132713
132714
132715
132716
132717
132718
133251
133253
133254
133255
133258
133259
133260
133261
133262
133263
133264
133265
133266
133271
133272
133273
133274
133275
133812
133813
133814
133815
133816
133817
133818
133819
133820
133822
133823
133824
133825
133826
133827
133828
133829
133831
133833
133834
133835
133836
133837
133838
133839
134406
134409
134410
134411
134412
134413
134414
134416
134417
134418
134419
134420
134421
134422
134423
134424
134425
134426
134427
134428
134429
134430
134431
134432
134433
134434
134435
134436
134987
134990
134991
134992
134993
134994
134995
134996
134997
134998
134999
135000
135001
135002
135003
135004
135005
135006
135007
135008
135009
135010
135011
135012
135013
135597
135599
135600
135601
135602
135603
135604
135605
135606
135607
135608
135609
135610
135611
135612
135613
135614
135615
135616
135617
135618
135619
136196
136198
136199
136200
136201
136202
136203
136204
136205
136206
136207
136208
136209
136210
136211
136212
136213
136214
136215
136216
136217
136218
136219
136220
136221
136222
136223
136802
136803
136804
136805
136806
136807
136808
136809
136810
136811
136812
136813
136814
136815
136816
136817
136818
136819
136820
136821
136822
136823
136824
136825
136826
136827
136828
136829
136830
136831
137394
137395
137396
137397
137398
137399
137400
137401
137402
137403
137404
137405
137406
137407
137408
137409
137410
137411
137412
137413
137414
137415
137416
137417
137418
137419
137962
137963
137964
137965
137966
137967
137968
137969
137970
137971
137972
137973
137974
137975
137976
137977
137978
137979
137980
137981
137982
137983
137984
137985
138556
138557
138558
138559
138560
138561
138562
138563
138564
138565
138566
138567
138568
138569
138570
138571
138572
138573
138574
138575
138576
138577
138578
138582
138583
139150
139151
139152
139153
139154
139155
139156
139157
139158
139159
139160
139161
139162
139163
139164
139165
139166
139167
139168
139169
139170
139171
139172
139173
139174
139175
139176
139180
139754
139755
139756
139757
139758
139759
139760
139761
139762
139763
139764
139765
139766
139767
139768
139769
139770
139771
139772
139773
139774
139775
139777
139778
139779
139780
139781
139782
139783
139784
139791
139792
140360
140361
140362
140363
140364
140365
140366
140367
140368
140369
140370
140371
140372
140373
140374
140375
140376
140377
140378
140379
140380
140381
140382
140383
140384
140385
140386
140387
140388
140389
140390
140391
140392
140393
140401
140977
140978
140979
140980
140981
140982
140983
140984
140985
140986
140987
140988
140989
140990
140991
140992
140993
140994
140995
140996
140997
140998
140999
141000
141001
141002
141003
141004
141005
141015
141016
141017
141018
141560
141561
141562
141563
141564
141565
141566
141567
141568
141569
141570
141571
141572
141574
141575
141576
141577
141578
141579
141580
141581
141582
141583
141584
141593
141594
141595
141596
141597
141599
141600
141601
141602
141603
141604
141605
142130
142131
142132
142133
142134
142135
142136
142137
142138
142139
142140
142142
142143
142144
142145
142146
142147
142148
142149
142153
142154
142155
142156
142157
142158
142159
142160
142161
142162
142163
142164
142165
142166
142691
142692
142693
142694
142695
142696
142697
142698
142700
142702
142703
142704
142705
142706
142707
142708
142709
142710
142711
142712
142713
142714
142715
142716
142717
142718
142719
142720
142721
142722
142723
142724
142725
142726
142727
142728
143249
143250
143251
143252
143253
143254
143255
143257
143259
143260
143261
143262
143263
143264
143265
143266
143267
143268
143269
143270
143271
143272
143273
143274
143275
143276
143277
143278
143279
143280
143281
143282
143283
143284
143285
143802
143803
143804
143805
143806
143807
143809
143810
143811
143812
143813
143814
143815
143816
143817
143818
143819
143820
143821
143822
143823
143824
143825
143826
143827
143828
143829
143830
143831
143832
143833
143834
144317
144318
144319
144320
144321
144322
144326
144327
144328
144329
144330
144331
144332
144333
144334
144335
144336
144337
144338
144339
144340
144341
144342
144343
144344
144345
144346
144347
144348
144349
144350
144351
144352
144353
144354
144355
144864
144865
144866
144867
144868
144872
144873
144874
144875
144876
144877
144878
144879
144880
144881
144882
144883
144884
144885
144886
144887
144888
144889
144890
144891
144892
144893
144894
144895
144896
144899
144900
144901
144902
144903
145434
145435
145436
145437
145438
145439
145440
145441
145442
145443
145444
145445
145446
145447
145448
145449
145450
145451
145452
145453
145454
145455
145460
145461
145462
146004
146005
146006
146007
146008
146009
146010
146011
146012
146013
146014
146015
146016
146017
146018
146019
146020
146021
146564
146565
146566
146567
146568
146569
146570
146571
146572
146573
146574
146575
146576
146577
146578
146579
146580
146581
146582
147108
147109
147110
147111
147112
147113
147114
147115
147116
147117
147118
147119
147120
147121
147122
147123
147124
147125
147126
147127
147657
147658
147659
147660
147661
147662
147663
147664
147665
147666
147667
147668
147669
147670
147671
147672
147673
147674
147675
148184
148185
148186
148187
148188
148189
148190
148191
148192
148193
148194
148195
148196
148197
148198
148199
148200
148201
148202
148203
148739
148740
148741
148742
148743
148744
148745
148746
148747
148748
148749
148750
148751
148752
148753
148754
148755
148758
149264
149265
149266
149267
149268
149269
149270
149271
149272
149273
149274
149275
149276
149277
149278
149279
149800
149801
149802
149803
149804
149805
149806
149807
149808
149809
149810
149811
149812
149814
149815
149816
150340
150341
150342
150343
150344
150345
150346
150347
150348
150349
150350
150351
150352
150353
150871
150872
150873
150874
150875
150876
150877
150878
150879
150880
150881
150882
150883
150884
151411
151412
151413
151414
151415
151416
151417
151418
151419
151420
151421
151422
151423
151980
151981
151982
151983
151984
151985
151986
151987
151988
152547
152548
152549
152551
152552
152553
153081
153082
153083
153084
153085
153086
153087
153619
153620