328589
328590
328591
328592
328593
329060
329061
329062
329524
329525
329526
329973
329974
329975
329976
329977
329978
330440
330441
330442
330443
330910
330911
330912
330913
331386
331387
331853
331854
331855
331856
332331
332332
332333
332334
332335
332336
332337
332816
332817
332818
332819
332820
332821
332822
332823
332825
332827
332828
333315
333316
333317
333318
333319
333320
333321
333322
333324
333325
333326
333327
333786
333787
333788
333789
333790
333791
333792
333793
333794
333795
333796
333797
333798
333799
333800
333801
333802
333803
334240
334241
334242
334243
334244
334245
334246
334247
334248
334249
334250
334251
334252
334253
334254
334701
334702
334703
334704
334705
334707
334708
334709
334710
334711
334712
334713
334714
334715
334717
334718
335157
335158
335160
335161
335164
335165
335166
335167
335168
335169
335170
335171
335172
335173
335174
335175
335606
335609
335610
335611
335612
335616
335617
335618
335619
335620
335621
335622
335623
335624
335625
335626
335627
335628
336068
336069
336070
336072
336073
336074
336075
336076
336077
336078
336079
336080
336081
336082
336083
336084
336088
336089
336539
336540
336541
336542
336543
336544
336545
336546
336547
336548
336549
336550
336551
336552
336553
336554
336555
336556
336557
336558
336559
336560
336561
336565
336566
337025
337026
337027
337028
337029
337030
337031
337032
337033
337034
337036
337038
337039
337040
337041
337042
337043
337044
337045
337046
337047
337048
337049
337050
337054
337542
337543
337544
337545
337546
337547
337548
337549
337550
337551
337552
337553
337554
337555
337556
337557
337558
337559
337560
337561
337562
337563
337564
337565
337566
337567
337568
338077
338078
338079
338080
338081
338082
338083
338084
338085
338086
338087
338088
338089
338090
338093
338094
338095
338096
338097
338098
338099
338100
338101
338102
338103
338621
338622
338623
338624
338625
338626
338627
338628
338629
338630
338631
338632
338633
338636
338637
338638
338639
338640
338641
338642
338643
338644
338645
338646
338647
339153
339154
339155
339156
339157
339158
339159
339160
339161
339162
339163
339164
339165
339166
339167
339168
339169
339170
339171
339172
339173
339174
339175
339176
339177
339178
339179
339677
339678
339679
339680
339681
339682
339683
339684
339685
339686
339687
339688
339689
339690
339691
339692
339693
339694
339695
339696
339698
339699
339700
339701
339702
340203
340204
340205
340206
340207
340208
340209
340210
340211
340212
340213
340214
340215
340216
340217
340218
340219
340220
340221
340222
340223
340224
340225
340226
340227
340228
340229
340740
340741
340742
340743
340744
340745
340746
340747
340748
340749
340750
340751
340752
340753
340754
340755
340756
340757
340758
340759
340760
340761
340762
340763
340764
340765
340766
341287
341288
341289
341290
341291
341292
341293
341294
341295
341296
341297
341298
341299
341300
341301
341302
341303
341304
341305
341306
341307
341308
341309
341310
341311
341312
341796
341797
341798
341799
341800
341801
341802
341803
341804
341805
341806
341807
341808
341809
341810
341811
341812
341813
341814
341815
342323
342325
342326
342327
342328
342329
342330
342331
342332
342333
342334
342335
342336
342337
342338
342339
342340
342341
342342
342343
342344
342345
342346
342861
342862
342863
342864
342865
342866
342867
342868
342869
342870
342871
342872
342873
342874
342875
342876
342877
342878
342879
342880
342881
342882
342883
342884
342885
342886
342887
342888
343423
343424
343425
343426
343427
343428
343429
343430
343431
343432
343433
343434
343435
343436
343437
343438
343439
343440
343441
343442
343443
343444
343445
343446
343447
343448
343449
343987
343988
343989
343990
343991
343992
343993
343994
343995
343996
343997
343998
343999
344000
344001
344002
344003
344004
344005
344006
344007
344544
344545
344546
344547
344548
344549
344550
344551
344552
344553
344554
344555
344556
344557
344558
344559
344560
344561
344562
345078
345079
345080
345081
345082
345083
345084
345085
345086
345087
345088
345089
345090
345091
345092
345093
345094
345095
345096
345097
345640
345641
345642
345643
345644
345645
345646
345647
345648
345649
345650
345651
345652
345653
345654
345655
345656
345657
345658
345659
345660
346180
346181
346182
346183
346184
346185
346186
346187
346188
346189
346190
346191
346192
346193
346194
346195
346196
346197
346198
346199
346723
346724
346725
346726
346727
346728
346729
346730
346731
346732
346733
346734
346735
346736
346737
346738
346739
346740
346741
346742
346743
346744
347279
347280
347281
347282
347283
347284
347285
347286
347287
347288
347289
347290
347291
347292
347293
347294
347295
347296
347297
347298
347848
347849
347850
347851
347852
347853
347854
347855
347856
347857
347858
347859
347860
347861
347862
347863
347864
347865
348424
348425
348426
348427
348429
348430
348431
348432
348433
348434
348435
348436
348437
348438
348439
348440
348441
348442
349026
349027
349028
349029
349030
349031
349032
349033
349034
349035
349036
349037
349038
349039
349040
349647
349648
349650
349651
349652
349653
349654
349655
349656
349657
349658
350248
350249
350250
350251
350252
350253
350254
350255
350256
350823
350824
350825
350828
350829
350830
350831
350832
350833
351393
351394
351395
351396
351397
351398
351399
351400
351401
351402
351403
351404
351953
351955
351956
351957
351958
351959
351961
351962
351963
351964
351965
351966
351967
351968
352507
352509
352510
352511
352515
352516
352517
352518
352524
352525
352526
352527
352528
352529
352530
352531
353068
353069
353070
353071
353072
353078
353086
353087
353088
353089
353090
353091
353092
353093
353654
353655
353656
353657
353658
353659
353660
353665
353666
353668
353669
353670
353672
353673
353674
353675
353676
353677
353678
353679
353680
353684
354228
354229
354230
354231
354232
354239
354240
354241
354242
354246
354247
354248
354249
354250
354253
354254
354255
354256
354816
354817
354828
354829
354830
354831
354832
354833
354834
354835
354836
354837
354838
354839
354840
354841
354842
354843
354844
354845
354846
354847
354848
354849
355438
355439
355440
355441
355442
355443
355444
355445
355446
355447
355448
355449
355450
355451
355452
355453
355454
355455
355456
355457
355458
356031
356032
356033
356034
356035
356036
356037
356038
356039
356040
356041
356042
356043
356044
356045
356046
356047
356048
356049
356050
356620
356621
356622
356623
356624
356625
356626
356627
356628
356629
356630
356631
356632
357180
357181
357182
357183
357184
357185
357186
357187
357188
357189
357190
357191
357192
357193
357194
357195
357196
357197
357735
357738
357739
357740
357741
357742
357743
357744
357745
357746
357747
357748
357749
357750
357751
357752
357753
358282
358283
358284
358285
358286
358287
358288
358289
358290
358291
358292
358293
358294
358295
358296
358297
358298
358299
358819
358820
358821
358822
358823
358824
358825
358826
358827
358828
358829
358830
358831
358832
359353
359354
359355
359356
359357
359358
359360
359361
359362
359364
359365
359366
359887
359888
359889
359893
359896