232880
232881
232882
232883
232884
232885
233467
233468
233469
233470
233471
234051
234052
234053
234054
234055
234605
234606
234607
234608
235157
235158
235159
235170
235713
235714
235715
235716
235717
235718
235719
235720
235721
235722
235731
235732
235733
235734
235736
235737
236301
236303
236304
236305
236306
236307
236308
236309
236310
236313
236317
236318
236319
236320
236321
236322
236323
236916
236917
236918
236919
236920
236921
236922
236923
236924
236925
236926
236927
236928
236929
236930
236931
236932
236933
236934
236935
236936
236937
236938
236939
236940
236941
236942
236943
236944
237541
237542
237543
237544
237545
237546
237547
237548
237549
237550
237551
237552
237553
237554
237555
237556
237557
237558
237559
237560
237561
237562
237563
237564
237565
237566
238164
238165
238166
238167
238168
238169
238170
238171
238172
238173
238174
238175
238176
238177
238178
238179
238180
238181
238182
238183
238184
238185
238186
238756
238757
238758
238759
238760
238761
238762
238763
238764
238765
238766
238767
238768
238769
238770
238771
238772
238773
238774
239373
239374
239375
239376
239377
239378
239379
239380
239381
239382
239383
239384
239385
239386
239387
239388
239389
239390
239391
239392
239393
239394
240012
240013
240014
240015
240016
240017
240018
240019
240020
240021
240022
240023
240024
240025
240026
240027
240028
240029
240030
240031
240032
240033
240034
240035
240036
240611
240612
240613
240614
240615
240616
240617
240618
240619
240620
240621
240622
240623
240624
240625
240626
240627
240628
240629
241175
241176
241177
241178
241179
241180
241181
241182
241183
241184
241185
241186
241187
241188
241189
241190
241191
241192
241193
241194
241746
241747
241748
241749
241750
241751
241752
241753
241754
241755
241756
241757
241758
241759
241760
241761
241762
241763
241764
241765
242333
242334
242335
242336
242337
242338
242339
242340
242341
242342
242343
242344
242345
242346
242347
242348
242349
242350
242351
242352
242353
242922
242923
242924
242925
242926
242927
242928
242929
242930
242931
242932
242933
242934
242935
242936
242937
242938
242939
242940
242941
242942
242943
242944
243530
243531
243532
243533
243534
243535
243536
243537
243538
243539
243540
243541
243542
243543
243544
243545
243546
243547
243548
243549
243550
244130
244131
244132
244133
244134
244135
244136
244137
244138
244139
244140
244141
244142
244143
244144
244145
244146
244147
244148
244149
244724
244725
244726
244727
244728
244729
244730
244731
244732
244733
244734
244735
244736
244737
244738
244739
244740
244741
244742
245335
245336
245337
245338
245339
245340
245341
245342
245343
245344
245345
245346
245347
245348
245349
245350
245351
245927
245928
245929
245930
245931
245932
245933
245934
245935
245936
245937
245938
245939
245940
245941
245942
245943
245944
246511
246512
246513
246514
246515
246516
246517
246518
246519
246520
246521
246522
246523
246524
246525
246526
246527
247098
247099
247100
247101
247102
247103
247104
247105
247106
247107
247108
247109
247110
247111
247112
247113
247114
247115
247116
247117
247665
247666
247667
247668
247669
247670
247671
247672
247673
247674
247675
247676
247677
247678
247679
247680
248229
248230
248231
248232
248233
248234
248235
248236
248237
248238
248239
248240
248241
248795
248796
248797
248798
248799
248800
248801
248802
248803
248804
248805
248806
248807
249350
249351
249352
249353
249354
249355
249356
249357
249358
249359
249909
249910
249911
249912
249913
249914
250454
250455
250456
250457
250458
250993
250994
250995
250996
250997
250998
250999
251000
251532
251533
251534
251535
251536
251537
251538
251539
251540
251541
252102
252103
252104
252105
252106
252107
252108
252109
252110
252111
252112
252113
252696
252697
252698
252699
252700
252701
252702
252703
252704
252705
252706
252707
252708
252709
252710
253272
253273
253274
253275
253276
253277
253278
253279
253280
253281
253282
253283
253284
253285
253286
253287
253288
253289
253850
253851
253852
253853
253854
253855
253856
253857
253858
253859
253860
253861
253862
253863
253864
253865
253866
253867
253868
253869
253870
254434
254435
254436
254437
254438
254439
254440
254441
254442
254443
254444
254445
254446
254447
254448
254449
254450
254451
254452
254453
255053
255054
255055
255056
255057
255058
255059
255060
255061
255062
255063
255064
255065
255066
255067
255068
255069
255070
255071
255072
255073
255074
255075
255076
255656
255657
255658
255659
255660
255661
255662
255663
255664
255665
255666
255667
255668
255669
255670
255671
255672
255673
255674
255675
255676
255677
255678
255679
255680
255681
256269
256270
256271
256272
256273
256274
256275
256276
256277
256278
256279
256280
256281
256282
256283
256284
256285
256286
256287
256288
256289
256290
256291
256292
256293
256294
256295
256296
256297
256871
256872
256873
256874
256875
256876
256877
256878
256879
256880
256881
256882
256883
256884
256885
256886
256887
256888
256889
256890
256891
256892
256893
256894
256895
256896
256897
257490
257491
257492
257493
257494
257495
257496
257497
257498
257499
257500
257501
257502
257503
257504
257505
257506
257507
257508
257509
257510
257511
257512
257513
258106
258107
258108
258109
258110
258111
258112
258113
258114
258115
258116
258117
258118
258119
258120
258121
258122
258123
258124
258125
258726
258727
258728
258729
258730
258731
258732
258733
258734
258735
258736
258737
258738
258739
258740
258741
258742
259363
259364
259365
259366
259367
259368
259369
259370
259371
259372
259373
259374
259375
259376
259377
259378
259379
259380
259381
260025
260026
260027
260028
260029
260030
260031
260032
260033
260034
260035
260036
260037
260038
260039
260040
260041
260676
260677
260678
260679
260680
260681
260682
260683
260684
260685
260686
260687
260688
260689
260690
261300
261301
261302
261303
261304
261305
261306
261307
261308
261309
261310
261311
261312
261313
261314
261315
261316
261915
261916
261917
261918
261919
261920
261921
261922
261923
261924
261925
261926
261927
261928
262517
262518
262519
262520
262521
262522
262523
262524
262525
262526
262527
262528
262529
262530
262531
263128
263129
263130
263131
263132
263133
263134
263135
263136
263137
263138
263139
263727
263728
263729
263730
263731
263732
263733
263734
263735
263736
263737
263738
263739
264331
264332
264333
264334
264335
264336
264337
264338
264339
264965
264966
264967
264968
264969
264970
264971
264972
264973
264974
265602
265603
265604
265605
265606
266233
266234
266235
266827
266828
266829
266830
266831
266832
266833
267433
267434
267435
267436
267437
267438
267439
268063
268064
268065
268066
268067
268068
268069
268070
268071
268688
268689
268690
268691
268692
268693
268694
268695
268696
268697
269317
269318
269319
269320
269321
269322
269323
269324
269325
269956
269957
269958
269959
269960
269961
269962
269963
269964
270599
270600
270601
270602
270603
270604
270605
270606
270607
270608
271255
271256
271257
271258
271259
271260
271261
271262
271905
271906
271907
271908
271909
271910
271911
272554
272555
272556
272557
272558