332197
332198
332199
332200
332201
332202
332686
332687
332688
332689
332690
332691
332692
332693
333172
333173
333174
333175
333176
333177
333178
333661
333662
333663
333664
333665
334102
334103
334104
334105
334106
334107
334108
334110
334111
334552
334553
334554
334555
334556
334557
334558
334560
334561
335003
335004
335005
335006
335007
335008
335009
335010
335011
335012
335013
335448
335449
335450
335451
335452
335453
335454
335455
335456
335457
335458
335459
335460
335461
335911
335912
335913
335914
335915
335916
335917
335918
335919
335920
335921
335922
335923
335924
335925
335926
335927
335928
336373
336374
336375
336376
336377
336378
336379
336380
336381
336382
336383
336384
336385
336386
336387
336388
336848
336849
336850
336851
336852
336853
336854
336855
336856
336857
336858
336859
336860
336861
336862
336863
336864
336865
336866
337354
337355
337356
337357
337358
337359
337360
337361
337362
337363
337364
337365
337366
337367
337368
337369
337370
337371
337372
337876
337877
337878
337879
337880
337881
337882
337883
337884
337885
337886
337887
337888
337889
337890
337891
337892
337893
337894
337895
338420
338421
338422
338423
338424
338425
338426
338427
338428
338429
338430
338431
338432
338433
338434
338435
338438
338439
338440
338441
338442
338961
338962
338963
338964
338965
338966
338967
338968
338969
338970
338971
338972
338974
338975
338976
338977
338978
338979
338984
339481
339482
339483
339484
339485
339486
339487
339488
339489
339490
339491
339492
339493
339494
339495
339496
339497
339498
339499
339500
339501
339502
339503
339508
339509
339510
340013
340014
340015
340016
340017
340018
340019
340020
340021
340022
340023
340024
340025
340026
340027
340028
340029
340030
340031
340032
340034
340035
340036
340037
340038
340059
340553
340554
340555
340556
340557
340558
340559
340560
340561
340562
340563
340564
340565
340566
340567
340568
340569
340570
340571
340572
340573
340574
340575
340576
340577
340578
340579
340580
340581
340582
340583
340601
340602
341110
341111
341112
341113
341114
341115
341116
341117
341118
341119
341120
341121
341122
341123
341124
341125
341126
341127
341128
341129
341130
341131
341132
341133
341134
341135
341136
341137
341138
341139
341140
341141
341142
341156
341157
341158
341159
341634
341635
341636
341637
341638
341639
341640
341641
341642
341643
341644
341645
341646
341647
341648
341649
341650
341651
341652
341653
341654
341655
341656
341657
341658
341659
341660
341661
341662
341663
341674
341675
341676
341677
341678
342154
342155
342156
342157
342158
342159
342160
342161
342162
342163
342164
342165
342166
342167
342170
342171
342172
342173
342174
342175
342176
342177
342178
342179
342180
342181
342182
342183
342184
342185
342186
342187
342195
342196
342198
342199
342200
342201
342691
342692
342693
342694
342695
342696
342697
342698
342699
342700
342701
342702
342703
342704
342705
342707
342708
342709
342710
342711
342712
342713
342714
342715
342716
342717
342718
342719
342720
342721
342722
342728
342729
342730
342732
342733
342734
343253
343254
343255
343256
343257
343258
343259
343260
343261
343262
343263
343264
343265
343266
343267
343268
343269
343270
343271
343272
343273
343274
343275
343276
343277
343278
343283
343284
343285
343286
343287
343288
343829
343830
343831
343832
343833
343834
343835
343836
343837
343838
343839
343840
343841
343842
343843
343844
343845
343846
343847
343848
343849
343850
343851
343852
343853
343854
343855
343856
343857
343858
343860
343861
343862
343863
343864
343865
343866
343867
344387
344388
344389
344390
344391
344392
344393
344394
344395
344396
344397
344398
344399
344400
344401
344402
344403
344404
344405
344406
344407
344408
344409
344410
344411
344412
344413
344414
344415
344416
344417
344418
344419
344420
344421
344422
344423
344424
344425
344426
344427
344428
344429
344430
344431
344916
344917
344918
344919
344920
344921
344922
344923
344924
344925
344926
344927
344928
344929
344930
344931
344932
344933
344934
344935
344936
344937
344938
344939
344940
344941
344942
344943
344944
344945
344946
344947
344948
344949
344950
344951
344952
344953
344954
344955
344956
344957
344958
345478
345479
345480
345481
345482
345483
345484
345485
345486
345487
345488
345489
345490
345491
345492
345493
345494
345495
345496
345497
345498
345499
345500
345501
345502
345503
345504
345505
345506
345507
345508
345509
345510
345511
345512
345513
345514
345515
345516
345517
345518
346023
346024
346025
346026
346027
346028
346029
346030
346031
346032
346033
346034
346035
346036
346037
346038
346040
346041
346042
346043
346044
346045
346046
346047
346048
346049
346050
346051
346052
346053
346054
346055
346056
346057
346058
346059
346566
346567
346568
346569
346570
346571
346572
346573
346574
346575
346576
346577
346578
346579
346580
346581
346582
346583
346584
346585
346586
346587
346588
346589
346590
346591
346592
346593
346594
346595
346596
346597
346598
347111
347113
347114
347115
347116
347117
347118
347119
347120
347121
347122
347123
347124
347125
347126
347127
347128
347129
347130
347131
347132
347133
347134
347135
347136
347137
347138
347139
347140
347141
347142
347143
347144
347680
347681
347682
347683
347684
347686
347687
347688
347689
347690
347691
347692
347693
347694
347695
347696
347697
347698
347699
347700
347701
347702
347703
347704
347705
347706
347707
348262
348263
348264
348265
348266
348267
348268
348269
348270
348271
348272
348273
348274
348275
348276
348277
348278
348279
348280
348281
348282
348283
348284
348285
348286
348287
348288
348289
348290
348291
348847
348848
348849
348850
348851
348852
348853
348854
348855
348856
348857
348858
348859
348860
348861
348862
348863
348864
348865
348866
348867
348868
348869
348870
348871
348872
348873
348874
348875
348876
348877
349463
349464
349465
349466
349467
349468
349469
349470
349471
349472
349473
349474
349475
349476
349477
349478
349479
349480
349481
349482
349483
349484
349485
349486
349487
349488
349489
349490
350064
350065
350066
350067
350068
350069
350070
350071
350072
350073
350074
350075
350076
350077
350078
350079
350080
350081
350082
350083
350084
350085
350086
350087
350648
350649
350652
350653
350654
350655
350656
350657
350658
350659
350660
350661
350662
350663
350664
350665
350666
350667
351221
351222
351224
351225
351226
351227
351229
351230
351231
351232
351233
351786
351787
351788
351789
351790
351791
351794
351795
351796
352334
352335
352336
352337
352338
352341
352342
352343
352344
352900
352901
352902
352903
352904
352905
352906
352907
352910
352911
352912
352913
352914
352915
353482
353483
353484
353485
353486
353487
353488
353489
353490
353491
353492
353494
353495
353496
353497
353498
353499
354053
354054
354055
354056
354057
354058
354060
354061
354062
354063
354064
354639
354640
354641
354642
354643
354644
354645
354648
354649
354650
354651
354652
355256
355257
355259
355260
355261
355262
355263
355264
355848
355849
355850
355851
355852
355853
355854
355855
356433
356434
356435
356436
356437
356439
357002
357003
357004