415682
416215
416216
416217
416730
416731
417204
417675
417676
417677
417679
417680
417681
417682
417683
418151
418152
418155
418156
418637
418638
418639
418642
418643
418644
418656
419137
419138
419139
419140
419141
419142
419143
419144
419145
419146
419147
419148
419149
419153
419154
419157
419158
419159
419160
419161
419162
419622
419623
419624
419625
419627
419628
419629
419630
419631
419632
419633
419634
419635
419636
419637
419639
419640
419641
419642
419643
419644
419645
419646
419647
419648
420126
420127
420128
420129
420130
420133
420134
420135
420136
420137
420138
420139
420140
420141
420144
420145
420146
420147
420148
420149
420150
420151
420152
420153
420610
420611
420617
420618
420619
420620
420621
420622
420623
420624
420625
420628
420629
420630
420631
420632
420633
420634
420635
420636
421106
421107
421108
421109
421110
421111
421112
421113
421115
421116
421117
421118
421119
421120
421121
421122
421123
421124
421570
421571
421572
421573
421574
421575
421576
421577
421578
421579
421580
421581
421582
421583
421584
421585
421586
422035
422036
422037
422038
422039
422040
422041
422042
422043
422044
422045
422046
422047
422048
422049
422050
422051
422052
422491
422492
422493
422494
422495
422496
422497
422498
422499
422500
422501
422502
422503
422504
422505
422506
422507
422959
422960
422961
422962
422963
422964
422965
422966
422967
422968
422969
422970
422971
422972
422973
423432
423433
423434
423435
423436
423437
423438
423439
423440
423441
423442
423443
423444
423445
423446
423447
423917
423918
423919
423920
423921
423922
423923
423924
423925
423926
423927
423928
423929
423930
424409
424410
424411
424412
424413
424414
424415
424416
424417
424418
424419
424420
424421
424422
424423
424886
424887
424888
424889
424890
424891
424892
424893
424894
424895
424896
424897
424898
424899
424900
424901
424902
424903
424904
425372
425373
425374
425375
425376
425377
425378
425379
425380
425381
425382
425383
425384
425385
425386
425387
425388
425389
425390
425391
425392
425393
425854
425855
425856
425857
425858
425859
425860
425861
425862
425863
425864
425865
425866
425867
425868
425869
425870
425871
425872
425873
425874
426348
426349
426350
426351
426352
426353
426354
426355
426356
426357
426358
426359
426360
426361
426362
426363
426364
426365
426867
426868
426869
426870
426871
426872
426873
426874
426875
426876
426877
426878
426879
426880
426881
426882
426883
426884
427411
427414
427415
427416
427417
427418
427419
427420
427421
427422
427423
427424
427931
427934
427935
427936
427937
427938
427939
427940
427941
428451
428454
428455
428456
428457
428458
428459
428460
428957
428959
428960
428961
428962
428963
428964
428965
428966
429496
429497
429498
429499
429500
429501
429502
429503
429504
430053
430054
430055
430056
430057
430058
430059
430060
430061
430062
430063
430064
430590
430591
430592
430593
430594
430595
430596
430597
430598
430599
430600
430601
431127
431128
431129
431130
431131
431132
431133
431134
431135
431136
431654
431655
431656
431657
431658
431659
432154
432155
432156
432157
432158
432159
432160
432161
432162
432163
432665
432668
432669
432670
432671
432672
432673
432674
432675
433188
433189
433190
433191
433192
433193
433194
433195
433196
433197
433198
433199
433200
433201
433202
433203
433204
433699
433700
433701
433702
433703
433704
433705
433706
433707
433708
433709
433710
433711
433712
433713
433714
433715
433716
433717
434201
434202
434203
434204
434205
434206
434207
434208
434209
434210
434211
434212
434213
434214
434215
434216
434217
434218
434219
434220
434221
434222
434695
434696
434697
434698
434699
434700
434701
434702
434703
434704
434705
434706
434707
434708
434709
434710
434711
434712
434713
434714
435185
435186
435187
435188
435189
435190
435191
435192
435193
435194
435195
435196
435197
435198
435199
435200
435201
435202
435203
435204
435205
435206
435207
435208
435209
435210
435211
435681
435682
435683
435684
435685
435686
435687
435688
435689
435690
435691
435692
435693
435694
435695
435696
435697
435698
435699
435700
435701
435702
436155
436156
436157
436158
436159
436160
436161
436162
436163
436164
436165
436166
436167
436168
436169
436170
436171
436172
436173
436174
436613
436614
436615
436616
436617
436618
436619
436620
436621
436622
436623
436624
436625
436626
436627
436629
436630
436631
436632
437052
437053
437054
437055
437056
437057
437058
437059
437060
437510
437511
437512
437513
437514
437515
437516
437517
437518
437519
437954
437955
437956
437957
437958
437959
437960
437961
437962
437963
437964
438406
438407
438408
438409
438410
438411
438412
438413
438414
438415
438416
438417
438418
438850
438851
438852
438853
438854
438855
438856
438857
438858
438859
438860
438861
438862
438863
438864
438865
438866
439296
439297
439298
439299
439300
439301
439302
439303
439304
439305
439306
439307
439308
439309
439310
439311
439312
439313
439314
439713
439714
439715
439716
439717
439718
439719
439720
439721
439722
439723
439724
439725
439726
439727
439728
439729
439730
439731
439736
439741
439742
440105
440106
440107
440108
440109
440110
440111
440112
440113
440114
440115
440118
440119
440120
440121
440128
440129
440130
440131
440132
440133
440134
440488
440489
440490
440491
440492
440493
440494
440495
440496
440497
440498
440500
440501
440502
440503
440509
440510
440511
440512
440513
440514
440515
440516
440517
440518
440519
440876
440877
440878
440879
440880
440881
440882
440883
440884
440885
440887
440888
440889
440893
440894
440895
440896
440897
440898
440899
440900
440901
440902
440903
441259
441260
441261
441262
441263
441264
441265
441266
441267
441268
441269
441272
441273
441274
441275
441278
441279
441280
441281
441282
441283
441284
441285
441286
441287
441288
441289
441290
441642
441643
441644
441645
441646
441647
441648
441649
441650
441651
441652
441653
441654
441655
441656
441657
441658
441659
441660
441661
441662
441663
441664
441665
441666
441667
441668
441669
441670
441989
441990
441991
441992
441993
441994
441995
441998
441999
442000
442001
442002
442003
442004
442005
442006
442007
442008
442009
442010
442011
442012
442013
442014
442015
442016
442017
442351
442352
442353
442354
442355
442356
442359
442360
442361
442362
442363
442364
442365
442366
442367
442368
442369
442370
442371
442372
442373
442374
442375
442376
442377
442717
442718
442719
442720
442721
442722
442723
442724
442725
442726
442727
442728
442729
442730
442731
443080
443081
443082
443083
443084
443085
443086
443087
443088
443089
443090
443091
443092
443093
443094
443095
443096
443097
443098
443450
443451
443452
443453
443454
443455
443456
443457
443458
443459
443460
443461
443462
443463
443464
443825
443826
443827
443828
443829
443830
443831
443832
443833
443834
443835
443836
443837
443838
443839
444193
444194
444195
444196
444197
444198
444199
444200
444201
444202
444203
444204
444562
444563
444564
444565
444566
444567
444568
444569
444570
444571
444572
444573
444917
444918
444919
444920
444921
444922
445289
445290
445291
445292
445662
445663
445664
445665