103553
104183
104184
104185
104812
104813
104814
104815
104816
104817
104818
104819
104820
104821
105420
105421
105422
105423
105424
105425
105426
105427
105428
105429
105438
105448
106023
106024
106025
106026
106027
106028
106029
106030
106031
106032
106033
106035
106036
106037
106038
106039
106040
106041
106047
106048
106049
106050
106051
106630
106631
106632
106633
106634
106635
106636
106637
106638
106639
106640
106641
106642
106643
106644
106645
106647
106648
106649
106651
106652
106653
106654
106655
106656
106657
106660
106663
106664
106665
106666
107229
107230
107231
107232
107233
107234
107235
107236
107237
107238
107239
107240
107241
107242
107243
107248
107249
107250
107251
107252
107253
107254
107255
107256
107257
107258
107259
107260
107261
107262
107263
107265
107266
107267
107268
107269
107830
107831
107832
107833
107834
107835
107836
107837
107838
107839
107840
107841
107842
107848
107849
107850
107851
107852
107853
107854
107855
107856
107857
107858
107859
107860
107861
107862
107863
107864
107865
107866
107867
107868
107869
107870
107871
108442
108443
108444
108445
108446
108447
108448
108449
108450
108451
108452
108453
108454
108455
108459
108460
108461
108462
108463
108464
108465
108466
108467
108473
108476
108477
108478
108479
108480
108481
108482
108483
108484
108485
108486
109094
109095
109096
109097
109098
109099
109100
109101
109102
109103
109104
109105
109107
109108
109109
109110
109111
109112
109113
109114
109115
109126
109127
109128
109129
109130
109131
109132
109133
109134
109135
109727
109728
109729
109730
109731
109732
109733
109734
109735
109736
109737
109738
109739
109740
109741
109742
109743
109744
109745
109746
109747
109748
109749
109750
109760
109761
109762
109763
109764
109765
109766
109767
109768
109769
109770
110356
110357
110358
110359
110360
110361
110362
110363
110364
110365
110366
110367
110368
110369
110370
110371
110372
110373
110374
110375
110376
110377
110378
110379
110380
110381
110391
110392
110393
110394
110395
110396
110397
110398
110399
110400
110978
110979
110980
110981
110982
110983
110984
110985
110986
110987
110988
110989
110990
110991
110992
110993
110994
110995
110996
110998
110999
111000
111001
111002
111003
111004
111005
111006
111007
111014
111016
111017
111018
111019
111020
111021
111022
111023
111024
111025
111026
111027
111606
111607
111608
111609
111610
111611
111612
111613
111614
111615
111616
111617
111618
111619
111620
111621
111622
111623
111626
111627
111628
111629
111630
111631
111632
111633
111634
111635
111644
111645
111649
111650
111651
111652
111653
111656
112186
112187
112188
112189
112190
112191
112192
112193
112194
112195
112196
112197
112198
112199
112200
112201
112202
112203
112204
112207
112208
112209
112210
112211
112212
112213
112214
112215
112216
112217
112225
112226
112227
112228
112234
112236
112786
112787
112788
112789
112790
112791
112792
112793
112794
112795
112796
112797
112798
112799
112800
112801
112802
112803
112804
112806
112807
112808
112809
112810
112811
112812
112813
112814
112815
112816
112817
112822
112823
112826
112827
112828
112829
112830
112832
112833
112834
112835
112836
113382
113383
113384
113385
113386
113387
113388
113389
113390
113391
113392
113393
113394
113395
113396
113397
113398
113399
113400
113401
113402
113403
113404
113405
113406
113407
113408
113409
113414
113415
113416
113417
113418
113419
113420
113421
113422
113423
113424
113425
113426
113427
113428
113429
113950
113951
113952
113953
113954
113955
113956
113957
113958
113959
113960
113961
113962
113963
113964
113965
113966
113967
113968
113969
113970
113971
113972
113973
113974
113975
113976
113977
113978
113979
113980
113983
113984
113985
113986
113989
113990
113991
113992
113993
113994
113995
113996
113999
114000
114496
114497
114498
114499
114500
114501
114502
114503
114504
114505
114506
114507
114508
114509
114510
114511
114512
114513
114514
114515
114516
114517
114518
114519
114527
114528
114529
114530
114531
114534
114535
114536
114537
114539
114542
114543
114544
115057
115058
115059
115060
115061
115062
115063
115064
115065
115066
115067
115068
115069
115070
115071
115072
115073
115074
115075
115076
115077
115078
115087
115088
115089
115090
115091
115092
115095
115096
115098
115099
115101
115102
115103
115611
115612
115613
115614
115615
115616
115617
115618
115619
115620
115621
115622
115623
115624
115625
115626
115627
115628
115629
115630
115641
115642
115643
115645
115646
115650
115651
115652
115653
115654
115655
116166
116167
116168
116169
116170
116171
116172
116173
116174
116175
116176
116177
116178
116190
116191
116192
116193
116194
116197
116198
116199
116200
116201
116203
116204
116205
116206
116207
116208
116729
116730
116731
116732
116733
116734
116735
116736
116737
116738
116739
116740
116747
116748
116749
116750
116751
116752
116753
116754
116755
116756
116758
116759
116760
116761
116762
116763
117285
117286
117287
117288
117289
117290
117291
117292
117293
117294
117295
117296
117301
117302
117303
117304
117305
117306
117307
117308
117309
117310
117311
117312
117313
117314
117315
117316
117317
117318
117830
117831
117832
117833
117834
117835
117836
117840
117841
117846
117847
117848
117849
117850
117851
117852
117853
117854
117855
117856
117857
117858
117859
117860
117861
117862
117863
118375
118376
118377
118385
118386
118387
118388
118389
118390
118391
118392
118393
118394
118395
118396
118397
118398
118399
118400
118401
118402
118906
118907
118917
118918
118919
118920
118921
118922
118923
118924
118925
118926
118927
118928
118929
118930
118931
119455
119456
119457
119466
119467
119468
119469
119470
119471
119472
119473
119474
119475
119476
119477
119478
119479
120025
120026
120027
120028
120029
120030
120031
120032
120033
120034
120035
120036
120579
120580
120581
120582
120583
120584
120585
120586
120587
120588
120589
120590
120592
121114
121115
121116
121117
121118
121119
121120
121121
121122
121123
121124
121125
121126
121127
121128
121129
121130
121131
121639
121640
121641
121642
121643
121644
121645
121646
121647
121648
121649
121650
121651
121652
121653
122162
122163
122164
122165
122166
122167
122168
122169
122170
122171
122172
122689
122690
122691
122692
122693
122694
122695
122696
122697
122698
123228
123229
123230
123231
123232
123233
123234
123235
123236
123792
123793
123794
123795
123796
123797
123798
123799
123801
124354
124355
124356
124357
124358
124359
124360
124361
124908
124909
124910
124911
124912
124913
124914
124915
124916
124917
124918
125459
125460
125461
125462
125463
125464
125465
125467
125468
125469
126017
126018
126019
126020
126021
126022
126023
126024
126025
126026
126570
126571
126572
126573
126574
126575
126576
126577
126578
126579
126580
126581
127118
127119
127120
127121
127122
127123
127124
127125
127126
127657
127658
127659
127660
127661
128181
128182
128183
128184
128185
128681
128682
128683
128684
129177
129178
129179
129180
129181
129182
129183
129693
129694
129695
129696
130203
130204
130728
131235
131761
131762
132285
132286
132803
132804