35508
35511
36007
36008
36009
36010
36011
36486
36487
36488
36959
36960
36961
36962
37435
37436
37437
37438
37908
37910
37911
37912
37913
37914
38401
38402
38403
38406
38407
38408
38409
38410
38411
38412
38413
38414
38415
38416
38417
38418
38419
38913
38914
38915
38916
38917
38918
38919
38920
38921
38922
38923
38924
38925
38926
38927
38928
38929
38930
38931
38932
38933
39438
39439
39440
39441
39442
39443
39444
39445
39446
39447
39448
39449
39450
39451
39452
39453
39454
39455
39456
39457
39458
39459
39968
39969
39970
39971
39972
39973
39974
39975
39976
39977
39978
39979
39980
39981
39982
39983
39984
39985
39986
39987
39989
39990
40491
40492
40493
40494
40495
40496
40497
40498
40500
40501
40502
40503
40504
40505
40506
40507
40508
40509
40510
41021
41022
41023
41024
41025
41026
41027
41028
41029
41030
41031
41032
41033
41034
41575
41576
41577
41578
41579
41580
41581
41582
41583
41584
41585
41586
41587
41588
41589
41590
41591
41592
41593
41594
41595
41596
41597
42155
42156
42157
42158
42159
42162
42163
42164
42165
42166
42167
42168
42169
42170
42171
42172
42173
42738
42739
42740
42741
42742
42745
42746
42747
42748
42749
42750
42751
42752
42753
42754
42755
42756
42757
42758
43309
43310
43311
43312
43313
43314
43315
43316
43317
43318
43319
43320
43321
43322
43323
43324
43325
43326
43327
43873
43874
43875
43876
43877
43878
43879
43880
43881
43882
43883
43884
43885
44433
44434
44435
44436
44437
44438
44439
44440
44441
44442
44443
44444
44445
44969
44970
44971
44972
44973
44974
44975
44976
44977
44978
44979
44980
44981
44982
44986
44987
45498
45499
45500
45501
45502
45503
45504
45505
45506
45507
45508
45509
46007
46008
46009
46010
46011
46012
46013
46014
46015
46016
46515
46516
46517
46518
46519
46522
46523
46524
46525
46526
46527
46528
46529
46987
46988
46989
46990
46991
46992
46993
46994
46995
46996
47447
47448
47449
47450
47452
47453
47454
47878
47879
47880
47881
47882
47883
47884
47885
47886
48350
48351
48352
48353
48354
48355
48833
48834
48835
49298
49299
49774
49775
50250
50251
50252
50715
50716
50717
50718
50719
50720
50721
50722
50723
50724
50725
50726
50728
51174
51175
51176
51177
51178
51179
51180
51181
51182
51183
51184
51185
51186
51187
51188
51189
51630
51631
51632
51633
51634
51635
51636
51637
51638
51639
51640
51641
51642
51643
51644
52101
52102
52103
52104
52105
52106
52107
52108
52109
52110
52111
52112
52113
52580
52581
52582
52584
52586
52587
52588
52589
52590
53051
53052
53053
53054
53058
53059
53060
53061
53500
53501
53502
53505
53506
53507
53508
53509
53966
53967
53969
53970
53971
53972
53973
53974
53975
53976
54448
54449
54450
54451
54452
54453
54454
54455
54457
54930
54933
54935
54936
54937
54938
54939
54940
54941
55415
55419
55420
55421
55422
55423
55424
55425
55427
55439
55902
55903
55904
55905
55906
55907
55908
55909
55910
55911
55923
55924
55925
56393
56394
56395
56396
56397
56398
56399
56400
56410
56411
56412
56413
56890
56891
56892
56893
56894
56895
56906
56908
56909
56910
57434
57435
57436
57437
57438
57439
57440
57443
57450
57451
57452
57453
57454
57455
57990
57991
57992
57993
57994
57997
58005
58006
58007
58008
58558
58559
58560
58561
58562
58563
58564
58565
58566
58574
58575
58576
58577
58578
59120
59121
59122
59123
59124
59125
59126
59127
59138
59139
59140
59707
59708
59709
59710
59711
59712
59713
59722
59723
59724
59729
60314
60315
60316
60317
60318
60319
60329
60330
60331
60332
60333
60334
60335
60336
60337
60338
60923
60924
60925
60926
60927
60934
60935
60936
60937
60938
60939
60940
60941
60942
61509
61510
61511
61518
61519
61520
61521
61522
61523
61524
62113
62114
62115
62119
62127
62128
62698
62699
62700
62701
62702
62703
62704
62705
62713
62714
62715
63264
63265
63266
63267
63268
63269
63270
63271
63272
63279
63280
63281
63859
63860
63861
63862
63863
63864
63865
63873
63874
63875
63876
64450
64451
64452
64453
64454
64455
64456
64457
64470
64471
64473
64474
64475
65037
65038
65041
65042
65043
65044
65057
65058
65059
65060
65061
65062
65063
65613
65614
65615
65616
65617
65618
65619
65622
65630
65631
65632
65633
65634
66166
66167
66168
66169
66170
66171
66172
66173
66174
66175
66176
66184
66185
66186
66187
66188
66189
66193
66194
66195
66710
66711
66712
66713
66714
66715
66716
66717
66718
66719
66720
66721
66724
66725
66726
66727
66728
66729
66730
66731
66732
66734
66735
66736
66741
66742
67247
67248
67249
67250
67251
67252
67253
67254
67255
67256
67257
67258
67259
67260
67261
67262
67263
67264
67265
67266
67267
67268
67269
67270
67271
67272
67273
67278
67806
67807
67810
67811
67812
67813
67814
67815
67816
67817
67818
67819
67820
67821
67822
67823
67824
67825
67826
67827
67828
67829
67830
67831
67832
67834
67835
67836
67837
67838
68359
68360
68363
68364
68365
68366
68367
68368
68369
68370
68371
68372
68373
68374
68375
68376
68377
68378
68381
68382
68383
68384
68388
68389
68390
68886
68887
68890
68891
68892
68893
68894
68895
68896
68897
68898
68899
68900
68901
68902
68903
68904
68905
68907
68908
68909
68910
68911
68912
68913
68914
68915
69418
69419
69420
69421
69422
69423
69424
69425
69426
69427
69428
69429
69430
69431
69432
69434
69435
69436
69437
69438
69439
69440
69441
69442
69443
69444
69445
69446
69952
69953
69954
69955
69956
69957
69958
69959
69960
69961
69965
69966
69967
69968
69969
69970
69971
69972
69973
69974
69975
69976
69977
69978
69979
69980
70500
70501
70502
70503
70504
70505
70506
70507
70508
70513
70514
70515
70517
70518
70519
70520
70521
70522
70523
70524
70525
70526
70527
70528
70529
70530
70531
71049
71050
71051
71052
71053
71054
71060
71061
71062
71063
71064
71065
71066
71067
71068
71069
71070
71071
71072
71615
71616
71617
71624
71625
71626
71627
71628
71629
71630
71631
71632
71633
71634
71635
71636
71637
71638
72173
72174
72175
72183
72184
72185
72186
72187
72188
72189
72190
72191
72192
72193
72194
72195
72196
72197
72756
72757
72758
72759
72760
72761
72762
72763
72764
72765
72766
72767
72768
72769
73315
73316
73317
73318
73319
73320
73321
73322
73323
73324
73325
73886
73887
73888
73889
73890
73891
73892
73893
73894
73895
74448
74449
74450