363631
364151
364152
364153
364154
364155
364662
364663
364664
364665
365167
365168
365169
365170
365171
365172
365647
365648
365649
365650
365651
365652
366119
366120
366121
366122
366123
366124
366125
366126
366127
366588
366589
366590
366591
366592
366593
366594
366595
366596
367076
367077
367078
367079
367080
367588
367589
367590
367591
367592
367593
368082
368083
368084
368085
368086
368087
368088
368089
368090
368091
368092
368093
368094
368097
368588
368589
368590
368591
368592
368593
368594
368595
368596
368597
368598
368599
368600
368601
368602
368603
368604
368605
369088
369089
369091
369092
369093
369095
369096
369097
369098
369099
369100
369101
369102
369103
369104
369105
369106
369107
369562
369565
369566
369567
369568
369569
369570
369571
369572
369573
369574
369575
369576
369577
369578
369579
370039
370040
370041
370042
370043
370044
370045
370046
370047
370048
370049
370050
370051
370052
370053
370054
370055
370056
370529
370530
370531
370532
370533
370534
370535
370536
370537
370538
370539
370540
370541
370542
370543
370544
370545
371026
371027
371028
371029
371030
371031
371032
371033
371034
371035
371038
371039
371040
371041
371042
371537
371538
371539
371540
371541
371542
371543
371544
371545
371546
371547
371550
371551
371552
371553
371554
372051
372052
372053
372054
372055
372056
372057
372058
372059
372060
372061
372062
372063
372064
372065
372066
372067
372551
372552
372553
372554
372555
372556
372557
372558
372559
372560
372561
372562
372563
372564
372565
372566
372567
372568
372569
373061
373065
373066
373067
373068
373069
373070
373071
373072
373073
373074
373075
373076
373077
373078
373079
373080
373081
373605
373606
373607
373608
373609
373610
373611
373612
373613
373614
373615
373616
373617
373619
373620
373621
373622
373623
373624
373625
374157
374158
374159
374160
374161
374162
374163
374164
374165
374166
374167
374168
374169
374170
374171
374172
374173
374174
374175
374176
374177
374731
374732
374733
374734
374735
374736
374737
374738
374739
374740
374741
374744
374745
374746
374747
374748
374749
374750
374751
374752
374753
374754
374755
374756
374757
375310
375311
375312
375313
375314
375315
375316
375317
375318
375319
375324
375325
375326
375327
375328
375329
375330
375331
375332
375333
375334
375335
375336
375337
375338
375339
375903
375904
375905
375906
375907
375908
375909
375911
375912
375913
375914
375915
375916
375917
375918
375919
375920
375921
375922
375923
375924
375925
375926
375927
375928
375929
375930
375931
376507
376508
376509
376510
376511
376512
376513
376514
376515
376516
376517
376518
376519
376521
376522
376523
376524
376525
376526
376527
376528
376529
376530
376531
376532
377108
377109
377113
377114
377115
377116
377117
377118
377119
377121
377122
377123
377124
377125
377126
377127
377128
377129
377130
377131
377132
377134
377707
377710
377711
377712
377713
377714
377715
377716
377717
377718
377719
377720
377721
377722
378256
378257
378259
378260
378261
378262
378263
378264
378265
378266
378267
378268
378269
378270
378271
378272
378796
378797
378798
378799
378800
378801
378802
378803
378804
378805
378806
378807
379340
379341
379342
379343
379344
379345
379346
379347
379348
379349
379350
379351
379352
379353
379906
379907
379908
379909
379910
379911
379912
379913
379914
379915
379916
379917
380473
380478
380479
380480
380481
380482
380483
380484
380485
380486
380487
380488
380489
381043
381044
381045
381046
381047
381048
381049
381050
381051
381052
381053
381054
381055
381056
381621
381622
381623
381624
381625
381626
381627
381628
381629
381630
381631
381632
381633
381634
381635
381636
381637
382177
382179
382180
382181
382182
382183
382184
382185
382186
382187
382188
382189
382190
382191
382192
382193
382194
382195
382196
382713
382714
382715
382716
382717
382718
382719
382720
382721
382722
382723
382724
382725
382726
382727
382728
382729
382730
382731
382732
382733
383298
383299
383300
383301
383302
383303
383304
383305
383306
383307
383308
383309
383310
383311
383312
383313
383867
383868
383869
383870
383871
383872
383873
383874
383875
383876
383877
383878
383879
383880
383881
384437
384438
384439
384440
384441
384442
384443
384444
384445
384446
384447
384448
384449
384450
384451
385005
385006
385007
385008
385009
385010
385011
385012
385013
385014
385015
385016
385017
385018
385019
385020
385556
385557
385558
385559
385560
385561
385562
385566
385567
385568
385569
386122
386123
386124
386125
386126
386127
386129
386130
386131
386132
386133
386134
386135
386665
386666
386667
386668
386669
386670
386671
386673
386674
386675
386676
386677
386678
386679
386680
387203
387204
387205
387206
387207
387208
387213
387214
387215
387216
387217
387218
387220
387758
387759
387760
387761
387762
387763
387764
387765
387767
387768
387769
387770
387771
387772
387773
387774
387775
387776
387777
387778
388312
388313
388314
388315
388316
388317
388318
388319
388320
388321
388322
388323
388324
388325
388326
388327
388328
388329
388330
388331
388332
388333
388334
388859
388860
388861
388862
388863
388864
388865
388866
388867
388868
388869
388870
388871
388872
388873
388874
388875
388876
388877
388878
388879
388880
388881
389408
389409
389410
389411
389412
389413
389414
389415
389416
389417
389418
389419
389420
389421
389422
389423
389424
389425
389951
389952
389953
389954
389955
389956
389957
389958
389959
389960
389961
389962
389963
389964
389965
389966
390503
390504
390505
390506
390507
390508
390509
390510
390511
390512
390513
390514
390515
390516
390517
390518
390519
391056
391057
391058
391059
391060
391061
391062
391063
391064
391065
391066
391067
391068
391069
391070
391071
391072
391073
391604
391605
391606
391607
391608
391609
391610
391611
391612
391613
391614
391615
391616
392148
392149
392150
392151
392154
392156
392157
392158
392159
392160
392161
392162
392163
392164
392165
392166
392167
392696
392697
392698
392699
392700
392701
392705
392706
392707
392708
392709
392710
392711
392712
392713
392714
392715
393223
393224
393225
393226
393227
393228
393229
393230
393238
393239
393240
393241
393242
393243
393244
393245
393246
393759
393760
393761
393762
393763
393772
393773
393774
393775
393776
393777
393778
393779
393780
393781
394314
394321
394322
394323
394324
394325
394326
394327
394328
394840
394844
394845
394846
394847
394848
394849
395384
395385
395386
395387
395388
395944
395945
395946
395947
395948
395949
395950
396481
396483
396484
396485
397007
397009
397010
397011
397012
397525
397526
397527
398063
398064
398065
398607
398608
398609
398610
398612
398613
398614
399168
399169
399170
399171
399172
399173
399174
399175
399176
399697
399700
399701
399702
399703
399704
399705
400216
400217
400218
400219
400220
400222
400223
400224
400225
400226
400227
400708
400709
400710
400711
400712
400714
400715
400716
400717
400718
400719
401208
401209
401210
401211
401212
401213
401214
401215
401216
401217
401218
401219
401220
401707
401708
401709
401710
401712
401713
401714
401715
401717
401719
402206
402207
402208
402711
402712