413736
414235
414236
414239
414735
414736
414737
414738
414739
414740
415264
415265
415266
415267
415268
415793
415794
415795
415796
415797
415798
416329
416330
416331
416332
416333
416334
416335
416848
416849
416850
416851
416852
416853
416854
417318
417319
417320
417321
417322
417323
417324
417325
417789
417790
417791
417792
417793
417794
417795
417796
418262
418263
418264
418265
418266
418267
418268
418269
418270
418271
418757
418759
418760
418761
418763
418776
418777
418778
419267
419268
419270
419271
419273
419283
419284
419285
419286
419287
419743
419744
419745
419747
419748
419749
419759
419763
419764
419765
420243
420244
420245
420246
420247
420248
420249
420250
420251
420260
420261
420262
420263
420264
420265
420740
420741
420742
420743
420744
420745
420746
420747
420755
420756
420757
420758
420759
420760
420761
420762
420763
421221
421222
421223
421224
421235
421236
421237
421238
421239
421688
421689
421690
421691
421692
421706
421707
421708
422147
422150
422151
422152
422153
422154
422155
422156
422157
422158
422159
422160
422161
422162
422163
422177
422178
422179
422598
422599
422600
422601
422602
422603
422604
422605
422606
422607
422608
422609
422610
422611
422612
422627
422628
422629
423078
423079
423080
423081
423082
423083
423084
423085
423086
423087
423088
423089
423090
423091
423092
423100
423101
423103
423104
423105
423553
423554
423555
423556
423557
423558
423559
423560
423561
423563
423564
423565
423566
423567
423568
423575
423576
423578
423579
423580
423581
423582
424025
424026
424027
424028
424029
424030
424031
424034
424035
424036
424037
424046
424047
424048
424049
424050
424051
424052
424053
424054
424055
424507
424508
424509
424510
424511
424515
424516
424517
424518
424519
424520
424529
424530
424531
424532
424533
424534
424535
424536
424537
424983
424984
424985
424991
424992
424993
424994
424995
425003
425004
425005
425006
425007
425008
425009
425010
425468
425469
425470
425471
425474
425475
425476
425477
425478
425479
425486
425487
425488
425489
425490
425491
425492
425947
425948
425949
425950
425951
425952
425953
425954
425955
425956
425957
425958
425959
425966
425967
425968
425969
425970
425971
426444
426445
426446
426447
426448
426449
426450
426451
426452
426453
426454
426455
426456
426457
426463
426464
426465
426466
426467
426468
426469
426470
426962
426963
426964
426970
426971
426972
426973
426974
426975
426976
426977
426978
426979
426980
426981
426982
426983
426984
426985
426986
426989
426990
426992
426993
426994
426995
426996
426997
426998
426999
427000
427001
427002
427003
427498
427499
427500
427506
427507
427508
427509
427510
427511
427512
427513
427514
427515
427516
427517
427518
427519
427520
427521
427522
427523
427524
427526
427527
427528
427529
427530
427531
427532
427533
427534
428018
428019
428020
428021
428022
428023
428024
428025
428026
428027
428028
428029
428030
428031
428032
428033
428034
428035
428036
428037
428038
428039
428040
428041
428042
428043
428044
428045
428046
428047
428048
428538
428539
428540
428541
428542
428543
428544
428545
428546
428547
428548
428549
428550
428551
428552
428553
428554
428555
428556
428557
428558
428559
428560
428561
428562
428563
428564
428565
428566
428567
428568
428569
428570
428571
429052
429053
429054
429055
429056
429057
429058
429059
429060
429061
429062
429063
429064
429065
429066
429067
429068
429069
429070
429071
429072
429073
429074
429075
429076
429077
429078
429079
429080
429081
429082
429083
429084
429085
429086
429087
429088
429089
429090
429091
429092
429589
429590
429591
429592
429593
429594
429595
429596
429597
429598
429599
429600
429601
429602
429603
429604
429605
429606
429607
429608
429609
429610
429611
429612
429613
429614
429615
429616
429617
429618
429619
429620
429621
429622
429623
429624
429625
429626
429627
430153
430154
430155
430156
430157
430158
430159
430160
430161
430162
430163
430164
430165
430166
430167
430168
430169
430170
430171
430172
430173
430174
430175
430176
430177
430178
430179
430180
430181
430182
430675
430676
430677
430678
430679
430680
430681
430682
430683
430684
430685
430686
430687
430688
430689
430690
430691
430692
430693
430694
430695
430696
430697
430698
430699
430700
430701
430702
430703
430704
431208
431209
431210
431211
431212
431213
431214
431215
431216
431217
431218
431219
431220
431221
431222
431223
431224
431226
431227
431228
431229
431230
431231
431232
431233
431234
431235
431236
431237
431238
431239
431730
431731
431732
431733
431734
431735
431736
431737
431738
431739
431740
431741
431742
431743
431744
431745
431746
431747
431748
431749
431750
431751
431752
431753
431754
431755
431756
432229
432230
432231
432232
432233
432234
432235
432236
432237
432238
432239
432240
432241
432242
432243
432244
432245
432246
432247
432248
432249
432250
432251
432252
432253
432254
432255
432256
432257
432258
432259
432751
432752
432753
432754
432755
432756
432757
432758
432759
432760
432761
432762
432763
432764
432765
432766
432767
432768
432769
432770
432771
432772
432773
432774
432775
432776
432777
432778
432779
432780
432781
432782
432783
433275
433276
433278
433279
433280
433281
433282
433284
433285
433286
433287
433288
433289
433290
433291
433292
433293
433294
433295
433296
433297
433298
433299
433300
433301
433302
433303
433304
433789
433790
433791
433792
433793
433796
433797
433803
433804
433805
433806
433807
433808
433809
433810
433811
433812
433813
433814
433815
434284
434285
434286
434287
434295
434296
434297
434298
434299
434300
434301
434302
434303
434304
434305
434306
434307
434308
434777
434778
434786
434787
434788
434789
434790
434791
434792
434793
434794
434795
434796
434797
434798
434799
435296
435297
435298
435299
435300
435301
435302
435303
435304
435305
435306
435307
435308
435782
435783
435784
435785
435786
435787
435788
435789
435790
435791
435792
435793
435794
435795
436246
436247
436248
436249
436250
436251
436252
436253
436254
436255
436256
436257
436258
436259
436260
436261
436262
436700
436701
436702
436703
436704
436705
436706
436707
436708
436709
436710
436711
436712
436713
436714
437134
437135
437136
437137
437138
437139
437140
437141
437142
437143
437144
437145
437146
437147
437148
437599
437600
437601
437602
437603
437604
437605
437606
437607
437608
437609
438048
438049
438050
438051
438052
438053
438054
438055
438056
438057
438058
438502
438503
438504
438505
438506
438507
438508
438509
438510
438511
438512
438513
438514
438941
438942
438943
438944
438945
438946
438947
438948
438949
438950
438951
439381
439382
439383
439384
439385
439386
439387
439388
439389
439390
439793
439794
439795
439797
439798
439799
439800
439801
439802
439803
439804
439805
440185
440186
440187
440188
440189
440190
440571
440572
440573
440958
440959
440960
440961
440962
440963
440964
441353
441354
441355
441356
441357
441358
441359
441360
441728
441729
441730
441731
441732
441733
441734
442076
442077
442078
442079
442080
442442
442443
442444
442445
442801
442802
442803
442804
442805
443176
443177
443178
443179
443539
443540
443541
443542