227027
227028
227029
227030
227031
227032
227033
227526
227527
227528
227529
227530
227531
227532
227533
228044
228045
228046
228047
228048
228049
228050
228051
228574
228575
228576
228577
228578
228579
228580
228581
229101
229102
229103
229104
229105
229106
229107
229108
229109
229619
229620
229621
229622
229623
229624
229625
229626
229627
229628
229629
229630
229631
229632
229633
229634
230151
230152
230153
230154
230155
230156
230157
230158
230159
230160
230161
230162
230163
230164
230687
230688
230689
230690
230691
230692
230693
230694
230695
230696
231227
231228
231229
231230
231231
231232
231233
231234
231235
231236
231237
231238
231239
231240
231241
231242
231777
231778
231779
231780
231781
231782
231783
231784
231785
231786
231787
231788
231789
231790
231791
231792
231793
232349
232350
232351
232352
232353
232354
232355
232356
232357
232358
232359
232360
232361
232363
232364
232918
232919
232920
232921
232922
232923
232924
232925
232926
232927
232928
232929
232930
232931
232932
232933
232934
233505
233506
233507
233508
233509
233510
233511
233512
233513
233514
233515
233516
234090
234091
234092
234093
234094
234095
234096
234097
234098
234099
234102
234103
234639
234640
234641
234642
234643
234644
234645
234646
234647
234649
234650
234651
234652
234653
234654
234655
234656
234657
234658
234659
234661
235193
235194
235195
235196
235197
235198
235199
235200
235201
235205
235206
235207
235208
235209
235210
235211
235212
235213
235214
235215
235216
235218
235754
235755
235756
235757
235758
235759
235760
235761
235770
235771
235772
235773
235774
235775
235776
235777
235778
235779
235780
235781
235783
236341
236342
236343
236344
236345
236346
236347
236348
236349
236350
236356
236357
236358
236359
236360
236361
236362
236363
236364
236365
236368
236369
236370
236371
236962
236963
236964
236965
236966
236967
236968
236972
236973
236974
236975
236976
236977
236978
236979
236980
236981
236982
236983
236984
236985
236986
237581
237582
237583
237584
237585
237586
237587
237588
237589
237590
237591
237594
237595
237596
237597
237598
237600
237601
237602
237603
237604
237605
237606
237607
237608
237609
237610
238198
238199
238200
238201
238202
238203
238204
238205
238206
238207
238208
238210
238211
238212
238213
238217
238218
238219
238220
238221
238222
238223
238224
238225
238226
238227
238790
238791
238792
238793
238794
238795
238796
238797
238798
238800
238801
238802
238803
238806
238807
238808
238809
238810
238811
238812
238813
238814
238815
238816
238817
238818
238819
238820
238821
238822
238823
238824
238825
238833
238834
238835
238836
239409
239410
239411
239412
239413
239414
239415
239416
239417
239418
239423
239424
239425
239426
239427
239428
239429
239430
239431
239432
239433
239434
239435
239436
239437
239438
239439
239440
239441
239442
239444
239445
239446
239447
239449
240054
240055
240056
240057
240058
240059
240060
240061
240062
240063
240064
240066
240067
240068
240069
240070
240071
240072
240074
240075
240076
240077
240078
240079
240080
240081
240082
240083
240084
240085
240649
240650
240651
240652
240653
240654
240655
240656
240657
240658
240659
240660
240661
240663
240664
240665
240666
240667
240668
240669
240670
240671
240672
240673
240674
240675
240676
240677
240678
240679
240680
240681
241218
241219
241220
241221
241222
241223
241225
241226
241227
241229
241230
241231
241232
241233
241234
241235
241236
241237
241238
241239
241240
241241
241242
241243
241244
241245
241246
241247
241248
241249
241250
241789
241790
241791
241792
241793
241794
241795
241796
241797
241803
241804
241807
241812
241813
241814
241818
241819
241820
241821
241822
241823
241824
241825
241826
241827
242382
242383
242384
242385
242386
242387
242388
242389
242397
242398
242401
242402
242403
242404
242407
242408
242409
242410
242413
242414
242415
242416
242417
242418
242419
242420
242421
242422
242423
242424
242981
242982
242983
242993
242994
242995
242998
242999
243000
243001
243002
243003
243004
243007
243008
243009
243010
243011
243012
243013
243014
243015
243016
243017
243587
243588
243598
243599
243600
243601
243602
243603
243604
243605
243606
243607
243608
243609
243610
243611
243612
243613
243614
243615
243616
243617
243618
244184
244185
244193
244194
244195
244196
244197
244198
244199
244200
244201
244202
244203
244204
244205
244206
244207
244208
244209
244210
244211
244212
244213
244214
244215
244216
244219
244220
244777
244790
244791
244792
244793
244794
244795
244796
244797
244798
244799
244800
244801
244804
244805
244806
244807
244808
244809
244810
244811
244812
244813
244814
244817
244818
245390
245403
245404
245405
245406
245407
245408
245409
245410
245411
245412
245413
245414
245415
245416
245417
245418
245419
245420
245421
245422
245423
245424
245425
245426
245427
245428
245429
245992
245993
245994
245995
245996
245997
245998
245999
246000
246001
246002
246003
246004
246005
246006
246007
246008
246009
246010
246011
246012
246013
246014
246015
246016
246017
246018
246019
246572
246573
246574
246575
246576
246577
246578
246579
246580
246581
246582
246583
246584
246585
246586
246587
246588
246589
246590
246591
246592
246593
246594
246595
246596
247163
247164
247165
247166
247167
247168
247169
247170
247171
247172
247173
247174
247175
247176
247177
247178
247179
247180
247181
247182
247183
247727
247728
247729
247730
247731
247732
247733
247734
247735
247736
247737
247738
247739
247740
247741
247742
247743
247744
247745
247746
247747
247748
247749
247750
247751
247752
247753
248280
248281
248282
248283
248284
248285
248286
248287
248288
248289
248290
248291
248292
248293
248294
248295
248296
248297
248298
248299
248300
248301
248302
248303
248304
248305
248306
248307
248308
248309
248310
248841
248842
248843
248844
248845
248846
248848
248849
248850
248851
248852
248853
248854
248855
248856
248857
248858
248859
248860
248861
248864
248865
248866
248867
248868
249389
249390
249391
249392
249393
249394
249395
249396
249399
249400
249401
249402
249403
249404
249405
249406
249407
249408
249409
249410
249411
249412
249413
249414
249415
249416
249417
249942
249943
249944
249945
249946
249947
249948
249949
249950
249951
249952
249953
249954
249955
249956
249957
249958
249959
249960
249961
249962
249963
249964
249965
249966
250487
250488
250489
250492
250493
250494
250495
250496
250497
250498
250499
250500
250501
250502
250503
250504
250505
250506
250507
250508
250509
250510
250511
251026
251027
251028
251030
251031
251032
251033
251034
251035
251036
251037
251038
251039
251040
251041
251042
251043
251044
251045
251046
251047
251049
251574
251575
251577
251578
251579
251580
251581
251582
251583
251584
251585
251586
251587
251588
251589
251590
251591
251592
251593
251594
251595
251596
251597
251598
251599
251600
252160
252161
252162
252163
252164
252165
252166
252167
252168
252169
252170
252171
252172
252173
252174
252175
252758
252759
252760
252761
252762
252763
252764
252765
252766
252767
252768
253339
253340
253341
253342
253343
253344
253345
253346
253347
253348
253349
253929