197228
197229
197747
197753
197754
197755
197756
197757
197758
197768
197769
197770
197771
197772
197773
197774
197775
197776
198291
198292
198297
198298
198303
198304
198305
198306
198307
198318
198319
198320
198321
198322
198323
198324
198325
198326
198327
198864
198868
198873
198874
198875
198876
198877
198878
198879
198880
198887
198888
198889
198890
198891
198892
198893
198894
198895
198896
198897
198898
198899
198900
198901
199449
199450
199451
199452
199453
199454
199455
199460
199461
199462
199463
199464
199465
199466
199467
199468
199469
199473
199474
199475
199476
199477
199478
199479
199480
199481
199482
199483
199484
199485
199486
199487
199488
199489
200042
200043
200044
200045
200046
200047
200048
200049
200050
200054
200055
200056
200057
200058
200059
200060
200061
200062
200063
200064
200065
200066
200070
200071
200072
200073
200074
200075
200076
200077
200078
200079
200080
200081
200082
200083
200084
200085
200086
200087
200088
200089
200629
200630
200631
200632
200633
200634
200635
200636
200638
200639
200640
200641
200642
200643
200644
200645
200646
200647
200648
200649
200652
200653
200654
200655
200656
200657
200658
200659
200660
200661
200662
200663
200664
200665
200666
200667
200668
200669
200670
200671
200672
201180
201181
201182
201183
201184
201185
201186
201187
201188
201189
201190
201191
201192
201193
201194
201195
201196
201197
201198
201199
201200
201201
201202
201205
201206
201207
201208
201209
201210
201211
201212
201213
201214
201215
201216
201217
201218
201219
201220
201221
201222
201223
201224
201225
201226
201751
201752
201753
201754
201755
201756
201757
201758
201759
201760
201761
201762
201763
201764
201765
201766
201767
201768
201769
201770
201771
201772
201773
201774
201775
201776
201777
201778
201779
201780
201781
201782
201783
201784
201785
201786
201787
201788
201789
201790
201791
201792
201793
202315
202316
202317
202318
202319
202320
202321
202322
202323
202324
202325
202326
202327
202328
202329
202330
202331
202332
202333
202334
202335
202336
202337
202338
202339
202340
202341
202342
202343
202344
202345
202346
202347
202348
202349
202350
202351
202352
202353
202354
202355
202356
202357
202358
202359
202360
202361
202362
202363
202364
202365
202900
202901
202902
202903
202904
202905
202906
202907
202908
202909
202910
202911
202912
202913
202914
202915
202916
202917
202918
202919
202920
202921
202922
202923
202924
202925
202926
202927
202928
202929
202930
202931
202932
202933
202934
202935
202936
202937
202938
202939
202940
202941
202942
202943
202944
202945
202946
202947
202948
202949
202950
202951
203475
203476
203477
203478
203479
203480
203481
203482
203483
203484
203485
203486
203487
203488
203489
203490
203491
203492
203493
203494
203495
203496
203497
203498
203499
203500
203501
203502
203503
203504
203505
203506
203507
203508
203509
203510
203511
203512
203513
203514
203515
203516
203517
203518
203519
203520
203521
203522
203523
203524
203525
203526
203527
203528
203529
204040
204041
204042
204043
204044
204045
204046
204047
204048
204049
204050
204051
204052
204053
204054
204055
204056
204057
204058
204059
204060
204061
204062
204063
204064
204065
204066
204067
204068
204069
204070
204071
204072
204073
204074
204075
204076
204077
204078
204079
204080
204081
204082
204083
204084
204085
204086
204087
204088
204089
204090
204091
204598
204599
204600
204601
204602
204603
204604
204605
204606
204607
204608
204609
204610
204611
204612
204613
204614
204615
204616
204617
204618
204619
204620
204621
204622
204623
204624
204625
204626
204627
204628
204629
204630
204631
204632
204633
204634
204635
204636
204637
204638
204639
204640
204641
204642
204643
204644
205146
205147
205148
205149
205150
205151
205152
205153
205154
205155
205156
205157
205158
205159
205160
205161
205162
205163
205164
205165
205166
205167
205168
205169
205170
205171
205172
205173
205174
205175
205176
205177
205178
205179
205180
205181
205182
205183
205184
205185
205186
205187
205188
205189
205190
205191
205709
205710
205711
205712
205713
205714
205715
205716
205717
205718
205719
205720
205721
205722
205723
205724
205725
205726
205727
205728
205729
205730
205731
205732
205733
205734
205735
205736
205737
205738
205739
205740
205741
205742
205743
205744
206258
206259
206260
206261
206262
206263
206264
206265
206266
206267
206268
206269
206270
206271
206272
206273
206274
206275
206276
206277
206278
206279
206280
206281
206282
206283
206284
206285
206286
206287
206288
206289
206290
206291
206292
206818
206819
206820
206821
206822
206823
206824
206825
206826
206827
206828
206829
206830
206831
206832
206833
206834
206835
206836
206837
206838
206839
206840
206841
206842
206843
206844
206845
206846
206847
206848
206849
206850
207352
207353
207354
207355
207356
207357
207358
207359
207360
207361
207362
207363
207364
207365
207366
207367
207368
207369
207370
207371
207372
207373
207374
207375
207376
207377
207378
207379
207380
207381
207382
207383
207384
207881
207882
207883
207884
207885
207886
207887
207888
207889
207890
207891
207892
207893
207894
207895
207896
207897
207898
207899
207900
207901
207902
207903
207904
207905
207906
207907
207908
207909
207910
207911
207912
208387
208389
208390
208391
208392
208393
208394
208395
208396
208397
208398
208399
208400
208401
208402
208403
208404
208405
208406
208407
208408
208409
208410
208411
208412
208413
208414
208415
208890
208891
208892
208893
208896
208897
208898
208899
208900
208901
208902
208903
208904
208905
208906
208907
208908
208909
208910
208911
208912
208913
208914
208915
208916
208917
208918
208919
209372
209375
209376
209377
209378
209379
209380
209381
209382
209383
209384
209385
209386
209387
209388
209389
209390
209391
209392
209393
209394
209395
209881
209882
209885
209886
209887
209888
209889
209890
209891
209892
209893
209894
209895
209896
209897
209898
209899
209900
210366
210369
210370
210371
210372
210373
210374
210375
210376
210377
210378
210379
210380
210381
210382
210383
210384
210385
210873
210874
210877
210878
210879
210880
210881
210882
210883
210884
210885
210886
210887
210888
210889
210890
210892
211396
211397
211398
211399
211400
211401
211402
211403
211404
211405
211406
211407
211408
211409
211410
211411
211412
211413
211414
211415
211924
211925
211926
211927
211928
211929
211930
211931
211932
211933
211934
211935
211936
211937
211938
211939
211940
211941
211942
211943
211944
211945
212441
212442
212443
212444
212445
212446
212447
212448
212449
212450
212451
212452
212453
212454
212455
212456
212458
212459
212952
212953
212954
212955
212956
212957
212958
212959
212960
212961
212962
212963
212964
213477
213478
213479
213480
213481
213482
213483
213484
213485
213486
213487
213488
213489
213492
213493
214027
214028
214029
214030
214031
214032
214033
214034
214035
214036
214037
214038
214039
214040
214041
214042
214045
214046
214603
214604
214607
214608
214609
214610
214611
214612
214613
214614
215192
215193
215194
215195
215196
215197
215198
215199
215200
215201
215202
215203
215771
215772