459125
459126
459127
459430
459431
459432
459727
459733
459734
459735
460023
460024
460025
460026
460027
460031
460032
460033
460034
460035
460036
460328
460329
460330
460331
460334
460335
460336
460337
460338
460339
460641
460642
460643
460644
460645
460646
460647
460648
460649
460650
460651
460652
460653
460956
460957
460958
460959
460960
460961
460962
460963
460964
460965
460966
460967
461259
461260
461261
461262
461263
461264
461265
461266
461267
461268
461269
461270
461271
461272
461273
461575
461577
461578
461579
461580
461581
461582
461583
461584
461585
461586
461587
461588
461589
461590
461591
461592
461593
461594
461595
461596
461902
461903
461905
461906
461907
461910
461911
461912
461913
461914
461915
461916
461917
461918
461919
461920
461921
461922
461923
462225
462227
462228
462229
462231
462232
462233
462234
462235
462236
462237
462238
462239
462240
462241
462242
462542
462543
462544
462546
462547
462548
462549
462550
462551
462552
462553
462554
462555
462556
462557
462558
462559
462560
462857
462858
462859
462860
462861
462862
462863
462866
462867
462869
462871
462872
462873
462874
462875
462876
462877
462878
463170
463171
463172
463173
463174
463175
463176
463177
463178
463179
463180
463181
463184
463185
463186
463187
463188
463189
463190
463191
463192
463497
463498
463499
463500
463501
463502
463503
463504
463505
463506
463507
463508
463509
463510
463511
463512
463513
463514
463515
463516
463517
463815
463816
463817
463818
463819
463820
463821
463822
463823
463824
463825
463826
463827
463828
463829
463830
463831
463832
463833
463834
463835
463837
463838
464144
464145
464146
464147
464148
464150
464151
464153
464154
464155
464156
464157
464158
464159
464160
464161
464162
464486
464487
464488
464489
464491
464492
464493
464494
464495
464496
464497
464498
464499
464500
464501
464502
464503
464504
464505
464830
464831
464832
464833
464834
464836
464837
464838
464839
464840
464841
464842
464843
464844
464845
464846
464847
465155
465157
465158
465159
465160
465164
465165
465166
465167
465168
465169
465170
465171
465172
465173
465174
465473
465474
465475
465476
465477
465478
465479
465480
465481
465482
465483
465484
465485
465487
465488
465489
465490
465491
465790
465791
465792
465793
465794
465801
465803
465804
465805
465806
465807
465808
465809
465810
465811
465812
465813
465814
465815
465816
465817
465818
465819
465820
465821
466129
466130
466131
466132
466133
466134
466136
466142
466143
466144
466145
466146
466147
466148
466149
466150
466151
466152
466153
466154
466155
466156
466157
466159
466455
466456
466457
466458
466459
466460
466461
466463
466464
466470
466471
466472
466473
466474
466475
466476
466477
466478
466479
466480
466481
466482
466483
466484
466485
466486
466487
466488
466489
466770
466772
466777
466778
466779
466780
466781
466782
466783
466784
466785
466786
466787
466788
466789
466790
466791
466792
466793
466794
466795
466796
466797
466798
466799
466800
466801
466802
466803
466804
466805
466806
466807
466808
466809
466810
466811
466812
466813
466814
466815
466816
467100
467101
467102
467106
467107
467108
467109
467110
467111
467112
467113
467114
467115
467116
467117
467118
467119
467120
467121
467122
467123
467124
467125
467126
467127
467128
467129
467130
467131
467132
467133
467134
467135
467136
467137
467138
467139
467140
467141
467142
467143
467144
467145
467429
467434
467435
467436
467437
467438
467439
467440
467441
467442
467443
467444
467445
467446
467447
467448
467449
467450
467451
467452
467453
467454
467455
467456
467457
467458
467459
467460
467461
467462
467463
467464
467465
467466
467467
467754
467758
467759
467760
467761
467762
467763
467764
467765
467766
467767
467768
467769
467770
467771
467772
467773
467774
467775
467776
467777
467778
467779
467780
467781
467782
467783
467784
467785
467786
467787
467788
467789
467790
467791
468076
468077
468078
468079
468080
468081
468082
468083
468084
468085
468086
468087
468088
468089
468090
468091
468092
468093
468094
468095
468096
468097
468098
468099
468100
468101
468102
468103
468104
468105
468106
468107
468108
468109
468110
468111
468112
468113
468377
468378
468379
468380
468381
468382
468383
468384
468385
468386
468387
468388
468389
468390
468391
468392
468393
468394
468395
468396
468397
468398
468399
468400
468401
468402
468403
468404
468405
468406
468407
468408
468409
468410
468411
468412
468413
468414
468415
468416
468677
468678
468679
468680
468681
468684
468685
468686
468687
468688
468689
468690
468691
468692
468693
468694
468695
468696
468697
468698
468699
468700
468701
468702
468703
468704
468705
468706
468707
468708
468709
468710
468711
468712
468713
468714
468715
468716
468717
468718
468719
468974
468975
468976
468977
468978
468979
468980
468981
468982
468983
468984
468985
468986
468987
468988
468989
468990
468991
468992
468993
468994
468995
468996
468997
468998
468999
469000
469001
469002
469003
469004
469005
469006
469007
469008
469009
469010
469011
469012
469262
469263
469264
469265
469266
469267
469268
469269
469270
469271
469274
469279
469280
469281
469282
469283
469284
469285
469286
469287
469288
469289
469290
469291
469292
469293
469294
469295
469296
469297
469298
469299
469300
469301
469302
469303
469304
469305
469306
469566
469567
469568
469569
469570
469571
469572
469573
469574
469575
469576
469577
469578
469581
469582
469583
469584
469585
469586
469587
469588
469589
469590
469591
469592
469593
469594
469595
469596
469597
469598
469599
469600
469601
469853
469854
469855
469856
469857
469858
469859
469860
469861
469862
469863
469864
469865
469867
469868
469869
469870
469871
469872
469873
469874
469875
469876
469877
469878
469879
469880
469881
469882
469883
469884
469885
469886
470134
470135
470140
470141
470142
470143
470144
470145
470146
470147
470148
470149
470150
470151
470152
470153
470154
470155
470157
470158
470159
470388
470389
470393
470394
470395
470396
470397
470398
470399
470400
470401
470402
470403
470404
470405
470635
470636
470637
470638
470639
470640
470644
470645
470646
470647
470648
470649
470650
470651
470652
470653
470654
470655
470901
470902
470903
470904
470905
470906
470908
470910
470911
470912
470913
470914
470915
470916
470917
470918
470919
470920
470921
471173
471174
471175
471176
471177
471178
471179
471180
471181
471182
471183
471184
471185
471186
471187
471188
471189
471190
471448
471449
471450
471451
471452
471453
471454
471455
471456
471457
471458
471461
471462
471463
471464
471465
471716
471717
471718
471719
471720
471721
471722
471723
471724
471725
471726
471728
471729
471730
471731
471970
471971
471972
471973
471974
471975
471976
471977
471978
471979
471980
471982
471983
471984
472252
472253
472254
472255
472256
472257
472258
472259
472260
472261
472262
472263
472264
472265
472266
472267
472268
472269
472270
472551
472552
472553
472554
472555
472556
472557
472558
472559
472560
472561
472562
472563
472564
472565
472566
472567
472568
472569
472858
472859
472860
472861
472862
472863
472864
472865
472866
472867
472868
473164
473165
473166