421282
421283
421284
421285
421287
421749
421750
421751
421752
421753
421754
421755
421756
421757
422216
422217
422218
422219
422220
422221
422222
422223
422224
422673
422674
422675
423147
423148
423149
423150
423151
423152
423624
423625
423626
423627
423628
423629
423630
423631
424096
424097
424098
424099
424100
424101
424102
424103
424104
424105
424580
424581
424582
424583
424584
424585
424586
424587
424588
424589
424590
424591
424592
424593
424594
425058
425059
425060
425061
425062
425063
425064
425065
425066
425067
425068
425069
425070
425071
425072
425073
425074
425075
425538
425539
425540
425541
425542
425543
425544
425545
425546
425547
425548
425549
425552
425553
425554
425555
425556
425557
425558
426019
426020
426021
426022
426023
426024
426025
426026
426027
426028
426029
426030
426031
426032
426033
426034
426037
426038
426039
426040
426041
426042
426043
426522
426523
426524
426525
426526
426527
426528
426529
426530
426531
426532
426533
426535
426536
426537
426538
426539
426540
426541
427054
427055
427056
427057
427058
427059
427060
427061
427062
427063
427064
427065
427066
427067
427068
427069
427070
427071
427072
427073
427074
427075
427076
427077
427579
427580
427581
427582
427583
427584
427585
427586
427587
427588
427589
427590
427591
427592
427593
427594
427595
427596
427597
427598
427599
427600
427601
428089
428090
428091
428092
428093
428094
428095
428096
428097
428098
428099
428100
428101
428102
428103
428104
428105
428107
428108
428109
428110
428111
428616
428617
428618
428619
428620
428621
428622
428623
428624
428625
428626
428627
428628
428629
428630
428631
428632
428633
428634
428635
428636
429142
429143
429144
429145
429146
429147
429149
429150
429151
429152
429153
429154
429155
429156
429157
429158
429159
429160
429161
429162
429163
429164
429682
429683
429684
429685
429686
429688
429689
429690
429691
429692
429693
429694
429695
429696
429697
429698
429699
429700
429701
429702
429705
429706
429707
429708
429709
430235
430236
430237
430238
430239
430240
430241
430242
430243
430244
430245
430246
430247
430248
430249
430250
430251
430252
430253
430254
430256
430257
430258
430259
430260
430754
430755
430756
430757
430758
430759
430760
430761
430762
430763
430764
430765
430766
430767
430768
430769
430770
430771
430772
430773
430774
430775
430776
430777
430778
430779
430780
430781
430782
431300
431301
431302
431303
431304
431305
431306
431307
431308
431309
431310
431311
431312
431313
431314
431315
431316
431317
431318
431319
431320
431321
431322
431323
431324
431325
431327
431815
431816
431817
431818
431819
431820
431821
431822
431823
431824
431825
431826
431827
431828
431829
431830
431831
431832
431833
431834
431835
431836
431837
431838
431839
431840
431841
431842
431843
431844
432319
432320
432321
432322
432323
432324
432325
432326
432327
432328
432329
432330
432331
432332
432333
432334
432335
432336
432337
432338
432339
432340
432341
432342
432343
432344
432346
432347
432348
432349
432842
432843
432844
432845
432846
432847
432848
432849
432850
432851
432852
432853
432854
432855
432856
432857
432858
432859
432860
432861
432862
432863
432864
432865
432866
432867
432868
432869
432870
432871
433363
433364
433365
433366
433367
433368
433369
433370
433371
433372
433373
433374
433375
433376
433377
433378
433379
433380
433381
433382
433383
433384
433385
433386
433387
433388
433389
433390
433391
433392
433393
433872
433873
433874
433875
433876
433877
433878
433879
433880
433881
433882
433883
433884
433885
433886
433887
433888
433889
433890
433891
433892
433893
433894
433895
434361
434362
434363
434364
434365
434366
434367
434368
434369
434370
434371
434372
434373
434374
434375
434376
434377
434378
434379
434380
434381
434382
434383
434384
434385
434386
434387
434388
434389
434851
434852
434853
434854
434855
434856
434857
434858
434861
434862
434863
434864
434865
434866
434867
434868
434869
434870
434871
434872
434873
434874
434875
434876
434877
434878
434879
434880
434881
434882
434883
434884
434885
434886
435361
435362
435363
435364
435365
435366
435367
435368
435371
435372
435373
435374
435375
435376
435377
435378
435379
435380
435381
435382
435383
435384
435385
435386
435387
435388
435389
435390
435391
435392
435393
435395
435847
435848
435849
435850
435851
435852
435853
435856
435857
435858
435859
435860
435861
435862
435863
435864
435866
435867
435868
435869
435870
435871
435872
435873
435874
435875
435876
435878
436310
436311
436312
436321
436322
436323
436324
436325
436326
436327
436328
436329
436330
436331
436332
436333
436334
436335
436336
436337
436338
436339
436340
436341
436342
436343
436344
436345
436346
436758
436759
436766
436767
436768
436769
436770
436771
436772
436773
436774
436775
436776
436777
436778
436779
436780
436781
436782
436783
436784
436785
436786
436787
436788
436789
436790
436791
436792
436794
437208
437209
437210
437211
437212
437213
437214
437215
437216
437217
437218
437219
437220
437221
437222
437223
437224
437225
437226
437227
437228
437229
437230
437661
437662
437663
437665
437668
437669
437670
437671
437672
437673
437674
437675
437676
437677
437678
437679
437680
437681
437682
437683
438111
438117
438118
438119
438120
438121
438122
438123
438124
438125
438126
438127
438128
438129
438130
438131
438573
438574
438575
438576
438577
438578
438579
438580
438581
438582
438583
438584
439013
439014
439015
439016
439017
439018
439019
439020
439022
439023
439451
439452
439453
439454
439455
439456
439457
439458
439459
439460
439461
439867
439868
439869
439870
439871
439872
439873
439874
439875
439876
440255
440256
440257
440258
440259
440260
440261
440262
440263
440264
440637
440638
440639
440640
440641
440642
440643
440644
440647
440648
441027
441028
441029
441030
441031
441032
441033
441034
441036
441037
441038
441430
441431
441432
441433
441434
441435
441436
441437
441438
441439
441804
441805
441806
441807
441808
441809
441810
441811
441812
442149
442150
442151
442152
442153
442154
442155
442156
442157
442158
442511
442512
442513
442514
442515
442516
442517
442518
442519
442520
442521
442522
442523
442524
442525
442868
442869
442870
442871
442872
442873
442874
442875
442876
442877
442878
442879
442880
442881
442882
442883
442884
443250
443251
443252
443253
443254
443255
443256
443257
443258
443259
443260
443261
443262
443263
443264
443265
443266
443267
443268
443620
443621
443622
443623
443624
443625
443626
443627
443628
443629
443630
443631
443632
443633
443634
443635
443636
443637
443638
443988
443989
443990
443991
443992
443993
443994
443995
443996
443997
443998
443999
444000
444001
444002
444003
444004
444356
444357
444358
444359
444360
444361
444362
444363
444364
444365
444366
444367
444368
444369
444370
444716
444717
444718
444719
444720
444721
444722
444723
444724
444725
444726
444727
444728
444729
444730
444731
444732
445077
445078
445079
445080
445081
445082
445083
445084
445085
445086
445087
445088
445089
445090
445091
445449
445450
445451
445452
445453
445454
445455
445456
445457
445458
445459
445460
445818
445819
445820