457466
457776
457777
457778
457779
457780
457790
457791
458072
458073
458074
458075
458084
458085
458373
458374
458376
458377
458378
458379
458387
458388
458389
458390
458391
458679
458683
458684
458685
458686
458687
458688
458689
458690
458693
458694
458695
458696
458697
458982
458983
458984
458986
458987
458988
458989
458990
458991
458992
458993
458994
458995
458998
458999
459000
459299
459300
459301
459302
459303
459304
459305
459306
459307
459308
459309
459310
459311
459312
459313
459314
459599
459600
459601
459602
459603
459604
459605
459606
459607
459608
459609
459610
459611
459612
459613
459614
459615
459616
459617
459892
459893
459894
459895
459896
459897
459898
459899
459900
459901
459902
459903
459904
459905
459906
459907
459908
459909
459910
459911
459912
459913
459914
459915
460191
460192
460193
460194
460195
460196
460197
460198
460199
460200
460201
460202
460203
460204
460205
460206
460207
460208
460209
460210
460211
460212
460213
460214
460511
460512
460513
460514
460515
460516
460517
460518
460519
460520
460521
460522
460523
460524
460525
460526
460527
460528
460529
460530
460531
460831
460832
460833
460834
460835
460836
460837
460838
460839
460840
460841
460842
460843
460844
460845
460846
460847
460849
460850
460851
460852
460853
461138
461139
461140
461141
461142
461143
461144
461145
461146
461147
461148
461149
461161
461162
461462
461463
461464
461465
461466
461467
461468
461469
461470
461471
461472
461473
461474
461785
461786
461787
461788
461789
461790
461791
461792
461793
461794
461795
461796
461797
461798
461799
461800
461801
462111
462112
462113
462114
462115
462116
462117
462118
462119
462120
462121
462122
462123
462124
462125
462126
462127
462431
462432
462433
462434
462435
462436
462437
462439
462440
462441
462442
462443
462444
462445
462446
462750
462751
462752
462753
462754
462755
462756
462757
462758
462759
462760
462761
462762
462763
463059
463060
463061
463062
463063
463064
463065
463066
463067
463068
463069
463070
463071
463072
463073
463389
463390
463391
463392
463393
463394
463395
463396
463397
463398
463399
463400
463401
463402
463403
463404
463715
463717
463718
463719
463720
463721
463722
463723
463724
463725
463726
463727
463728
464031
464032
464034
464036
464037
464038
464039
464040
464041
464042
464043
464044
464045
464046
464047
464048
464049
464050
464051
464052
464357
464358
464359
464360
464361
464362
464363
464364
464365
464366
464367
464369
464370
464371
464372
464373
464374
464375
464376
464692
464693
464694
464695
464696
464697
464698
464699
464700
464701
464703
464704
464705
464706
464707
464708
465027
465028
465029
465033
465034
465035
465036
465039
465040
465041
465042
465043
465044
465045
465356
465357
465358
465359
465360
465361
465362
465363
465364
465368
465369
465370
465371
465372
465677
465678
465679
465680
465681
465682
465683
465684
465689
465690
465691
465692
465693
465694
465695
465696
466023
466024
466025
466026
466027
466028
466029
466030
466036
466037
466038
466039
466040
466041
466042
466043
466369
466370
466371
466372
466373
466374
466375
466381
466382
466383
466384
466696
466698
466699
466700
466701
466702
466703
466709
466710
467018
467019
467020
467021
467022
467023
467029
467030
467031
467032
467338
467340
467341
467342
467343
467344
467345
467346
467350
467351
467352
467356
467357
467658
467659
467660
467662
467663
467664
467665
467666
467672
467673
467674
467675
467676
467677
467678
467679
467979
467980
467981
467982
467983
467984
467985
467986
467987
467993
467994
467995
467996
467997
467998
468292
468293
468294
468295
468296
468297
468298
468299
468304
468305
468306
468307
468308
468309
468310
468311
468312
468313
468315
468317
468318
468591
468592
468593
468594
468595
468596
468597
468602
468603
468604
468605
468606
468607
468608
468609
468610
468611
468612
468613
468615
468616
468617
468618
468619
468885
468886
468887
468888
468889
468890
468891
468895
468896
468897
468900
468901
468902
468903
468904
468905
468906
468907
468908
468909
468910
468911
468912
468916
468917
468918
469190
469191
469192
469194
469195
469196
469199
469201
469202
469203
469204
469205
469206
469207
469208
469209
469210
469211
469213
469214
469216
469217
469490
469491
469492
469493
469494
469495
469497
469498
469499
469500
469501
469502
469503
469504
469506
469507
469508
469509
469510
469511
469512
469513
469516
469517
469519
469775
469776
469777
469778
469779
469781
469782
469783
469784
469785
469786
469787
469788
469789
469790
469791
469792
469793
469794
469795
469797
469798
469799
469804
469805
470054
470055
470056
470058
470059
470061
470062
470063
470064
470065
470066
470067
470068
470069
470070
470071
470072
470073
470075
470076
470077
470078
470079
470080
470081
470082
470083
470084
470085
470086
470087
470312
470313
470314
470315
470316
470317
470319
470320
470321
470322
470323
470324
470325
470326
470327
470328
470329
470330
470331
470332
470333
470334
470335
470336
470337
470338
470339
470340
470341
470342
470343
470344
470345
470346
470347
470348
470555
470556
470557
470558
470559
470560
470561
470562
470563
470564
470565
470566
470567
470568
470569
470571
470572
470573
470574
470575
470576
470577
470578
470579
470580
470581
470582
470583
470584
470585
470586
470587
470588
470589
470590
470591
470592
470818
470819
470820
470821
470822
470823
470824
470825
470827
470829
470830
470831
470832
470833
470834
470835
470836
470837
470838
470839
470840
470841
470842
470843
470844
470845
470846
470847
470848
470849
470850
470851
470852
470853
470854
470855
470856
471099
471100
471101
471102
471103
471104
471107
471110
471111
471112
471113
471114
471115
471116
471117
471118
471119
471120
471121
471122
471123
471124
471125
471126
471127
471128
471129
471130
471131
471132
471133
471370
471371
471372
471373
471374
471375
471376
471379
471380
471383
471384
471386
471387
471388
471389
471390
471391
471392
471393
471394
471395
471396
471397
471398
471399
471400
471401
471402
471404
471405
471406
471646
471647
471648
471649
471650
471651
471655
471656
471657
471660
471661
471662
471666
471667
471668
471669
471670
471671
471672
471673
471674
471675
471676
471677
471678
471679
471899
471901
471902
471904
471905
471906
471907
471908
471909
471910
471911
471912
471916
471917
471918
471919
471920
471921
471922
471923
471924
471925
472176
472177
472179
472180
472181
472183
472184
472185
472186
472187
472188
472189
472190
472191
472199
472200
472201
472202
472203
472472
472473
472474
472475
472476
472480
472481
472482
472483
472484
472485
472486
472487
472488
472496
472497
472498
472499
472500
472770
472772
472773
472781
472782
472783
472784
472795
472796
472797
472798
473077
473078
473079
473080
473081
473082
473094
473095
473096
473097
473374
473375
473376
473377
473378
473379
473380
473381
473391
473392
473393
473394
473395
473396
473675
473676
473677
473678
473679
473680
473681
473693
473694
473695
473696
473697
473698
473998
473999
474000
474001
474002
474014
474015
474016
474017
474018
474019
474315
474327
474328
474329
474331