105452
105453
106054
106055
106056
106057
106058
106059
106060
106067
106069
106070
106667
106668
106669
106670
106671
106672
106673
106675
106676
106677
106678
106679
107270
107271
107272
107273
107274
107275
107276
107277
107278
107279
107280
107281
107282
107283
107284
107285
107286
107872
107873
107874
107875
107876
107877
107878
107879
107880
107881
107882
107883
107884
107885
107886
107887
108490
108491
108492
108493
108494
108495
108496
108497
108498
108499
108500
108501
108502
108503
108504
108505
108507
108508
109139
109140
109141
109142
109143
109144
109145
109146
109147
109148
109149
109150
109151
109152
109153
109154
109155
109773
109774
109775
109776
109777
109778
109779
109780
109781
109782
109783
109784
109785
109786
109787
109788
109789
110403
110404
110405
110406
110407
110408
110409
110410
110411
110412
110413
110414
110415
110416
110417
110418
110419
110420
110421
111031
111032
111033
111034
111035
111036
111037
111038
111039
111040
111041
111042
111043
111044
111045
111046
111659
111660
111661
111662
111663
111664
111665
111666
111667
111668
111669
111670
111671
111672
111673
111674
111675
111676
111677
111679
112243
112244
112245
112246
112247
112248
112249
112250
112251
112252
112253
112254
112255
112256
112257
112258
112259
112260
112261
112262
112263
112264
112265
112266
112267
112838
112839
112840
112843
112844
112845
112846
112847
112848
112849
112850
112851
112852
112853
112854
112855
112856
112857
112858
112859
112860
112861
112862
112863
112864
112865
112866
113430
113431
113434
113435
113436
113437
113438
113439
113440
113441
113442
113443
113444
113445
113446
113447
113448
113449
113450
113451
113452
113453
113454
113455
113456
113457
114001
114002
114003
114004
114006
114007
114009
114010
114011
114012
114014
114015
114016
114017
114018
114019
114020
114021
114022
114023
114024
114025
114026
114027
114028
114029
114545
114546
114547
114548
114549
114555
114556
114557
114558
114559
114560
114561
114562
114563
114564
114565
114566
114567
114568
114569
114570
114571
114572
115104
115105
115106
115110
115114
115115
115116
115117
115118
115120
115121
115122
115123
115124
115125
115126
115127
115128
115129
115656
115657
115658
115659
115660
115661
115662
115663
115667
115668
115669
115670
115671
115672
115673
115674
115675
115676
115677
115678
115679
115680
116209
116210
116212
116213
116214
116215
116216
116217
116218
116219
116220
116221
116222
116223
116224
116225
116226
116227
116228
116229
116230
116231
116232
116764
116767
116768
116769
116770
116771
116772
116773
116774
116775
116776
116777
116778
116779
116780
116781
116783
116784
116785
117321
117322
117323
117324
117325
117326
117327
117328
117329
117330
117331
117332
117333
117334
117335
117337
117338
117339
117864
117865
117866
117867
117868
117869
117870
117871
117872
117873
117874
117875
117876
117877
117878
117879
117881
117882
117883
117884
118403
118404
118405
118406
118407
118408
118409
118410
118411
118412
118413
118414
118415
118416
118417
118418
118419
118420
118421
118422
118933
118934
118935
118936
118937
118938
118939
118940
118941
118942
118943
118944
118945
118946
118947
118948
118949
119481
119482
119483
119484
119485
119486
119487
119488
119489
119490
119491
119492
119493
119494
119495
119496
120037
120038
120039
120040
120041
120042
120043
120044
120045
120046
120047
120048
120049
120050
120051
120052
120593
120594
120595
120596
120597
120598
120599
120600
120601
120602
120603
120604
120605
121133
121134
121135
121136
121137
121138
121139
121140
121141
121142
121143
121656
121657
121658
121659
121660
121661
122174
122175
122176
122177
122178
122699
122700
122701
122702
122703
122704
123237
123238
123239
123240
123241
123802
123803
123804
123805
123806
123807
123808
123809
123810
123811
123812
124365
124366
124367
124368
124369
124370
124371
124372
124373
124374
124375
124376
124921
124922
124923
124924
124925
124926
124927
124928
124929
124930
124931
124932
125472
125473
125474
125475
125476
125477
125478
125479
125480
125481
125482
126027
126028
126029
126030
126031
126032
126033
126034
126035
126587
126588
126589
126590
126591
126592
126593
126594
126595
126596
126597
127133
127134
127135
127136
127137
127138
127139
127140
127141
127142
127143
127144
127145
127146
127147
127148
127670
127671
127672
127673
127674
127675
127676
127677
127678
127679
127680
127681
127682
128194
128195
128196
128197
128198
128199
128200
128201
128202
128203
128204
128205
128693
128694
128695
128696
128697
128698
128699
128700
128701
128702
128703
128704
128705
128706
129192
129193
129194
129195
129196
129197
129198
129199
129200
129201
129202
129203
129204
129205
129206
129207
129704
129705
129706
129707
129708
129709
129710
129711
129712
129713
129714
129715
129716
130214
130215
130216
130217
130218
130219
130220
130221
130222
130223
130224
130225
130226
130227
130228
130737
130738
130739
130740
130741
130742
130743
130744
130745
130746
130747
130748
130749
130750
130751
130752
131248
131249
131250
131251
131252
131253
131254
131255
131256
131257
131258
131259
131260
131261
131768
131769
131770
131771
131772
131773
131774
131775
131776
131777
131778
131779
131780
131781
131782
132290
132291
132292
132293
132294
132295
132296
132297
132298
132299
132300
132301
132302
132811
132812
132813
132814
132815
132816
132817
132818
132819
132820
132821
132822
132823
133360
133361
133362
133363
133364
133365
133366
133367
133368
133369
133370
133371
133372
133373
133374
133932
133933
133934
133935
133936
133937
133938
133939
133940
133941
133942
133943
133944
133945
133946
133947
133948
133949
133950
133951
133952
134536
134537
134538
134539
134540
134541
134542
134543
134544
134545
134546
134547
134548
134549
134550
135123
135124
135125
135126
135127
135128
135129
135130
135131
135132
135133
135134
135135
135136
135137
135727
135728
135729
135730
135731
135732
135733
135734
135735
135736
135737
135738
136332
136333
136334
136335
136336
136337
136338
136339
136340
136341
136934
136935
136936
136937
136938
136939
136940
136941
137530
137531
137532
137533
137534
137535
137536
137537
137538
137539
137540
137541
137542
137543
137544
137545
138099
138100
138101
138102
138103
138104
138105
138106
138107
138108
138109
138110
138111
138112
138113
138114
138115
138116
138117
138118
138691
138692
138693
138694
138695
138696
138697
138698
138699
138700
138701
138702
138703
138704
138705
138706
138707
138708
138709
139282
139283
139284
139285
139286
139287
139288
139289
139290
139291
139292
139293
139294
139295
139296
139297
139889
139890
139891
139892
139893
139894
139895
139896
139897
139898
139899
139900
139901
140495
140497
140498
140499
140500
140501
141097
141098
141099
141100
141101
141102
141103
141104
141676
141677
141678
141679
141680
142240
142241
142242
142243
142807
142808
142809
142810
142811
142812
143369
143370
143371
143372
143373
143374
143918
143919
143920
143921
143922
143923
144444
144445
144446
144447
144448
144993
144994
144995
144996
145551
145552
145553
146118
146119
146120
146121