97342
97956
97957
98562
98563
99168
99169
99170
99809
99810
99811
99812
100464
100465
100466
100467
101138
101139
101140
101141
101142
101812
101813
101814
101815
101816
102456
102457
102458
102459
102460
102461
102467
103084
103085
103086
103087
103088
103092
103093
103690
103691
103692
103693
103694
103695
103696
103701
103702
103703
103710
104318
104319
104320
104321
104322
104323
104328
104329
104330
104331
104332
104333
104334
104335
104336
104337
104338
104339
104939
104940
104941
104942
104943
104944
104945
104946
104947
104948
104952
104953
104954
104955
104956
104957
104958
104959
104961
105562
105563
105564
105565
105566
105567
105568
105569
105570
105571
105572
105575
105576
105577
105578
105579
105580
105581
105582
105583
105584
105585
105586
105587
105588
105589
106173
106174
106175
106176
106177
106178
106179
106180
106181
106182
106183
106185
106186
106187
106188
106189
106190
106191
106192
106193
106194
106195
106197
106198
106199
106200
106201
106202
106203
106204
106784
106785
106786
106787
106788
106790
106791
106792
106793
106794
106797
106798
106799
106800
106801
106802
106803
106804
106805
106806
106808
106809
106810
106811
106812
106813
106814
106815
106816
106817
107381
107382
107383
107386
107387
107388
107389
107390
107391
107392
107393
107394
107395
107396
107397
107398
107399
107400
107401
107402
107403
107404
107405
107406
107407
107408
107409
107410
107411
107412
107982
107983
107984
107985
107986
107987
107988
107989
107990
107991
107993
107994
107995
107996
107997
107998
107999
108000
108001
108002
108003
108004
108005
108006
108007
108008
108009
108010
108011
108012
108013
108016
108017
108601
108602
108603
108604
108605
108606
108607
108610
108611
108612
108613
108614
108615
108617
108618
108619
108620
108621
108622
108623
108624
108625
108626
108627
108628
108629
108630
108631
108632
108634
108635
108636
109234
109235
109236
109237
109238
109239
109240
109241
109246
109247
109248
109249
109250
109251
109252
109253
109254
109255
109256
109257
109258
109259
109260
109261
109262
109263
109264
109265
109266
109267
109268
109269
109270
109271
109864
109865
109866
109867
109868
109869
109870
109871
109872
109873
109874
109875
109876
109881
109882
109883
109884
109885
109886
109887
109888
109889
109890
109891
109892
109893
109894
109895
109896
109897
109898
109899
109900
109901
109902
109903
109904
109905
109906
109907
109908
110490
110491
110492
110493
110494
110495
110496
110497
110498
110499
110500
110501
110502
110505
110506
110507
110508
110509
110510
110511
110512
110513
110514
110515
110516
110517
110518
110519
110520
110521
110522
110523
110524
111129
111130
111131
111132
111133
111134
111135
111136
111137
111138
111139
111140
111141
111142
111143
111144
111145
111148
111149
111150
111151
111152
111153
111154
111155
111156
111157
111158
111159
111160
111161
111162
111163
111164
111165
111166
111167
111168
111754
111755
111756
111757
111758
111759
111760
111761
111762
111763
111764
111765
111766
111767
111769
111770
111771
111772
111773
111774
111775
111776
111777
111778
111779
111780
111781
111782
111783
111784
111785
111786
112342
112343
112344
112345
112346
112347
112348
112349
112350
112351
112352
112353
112354
112355
112356
112361
112362
112363
112364
112365
112366
112367
112368
112369
112370
112371
112372
112373
112374
112375
112376
112377
112378
112379
112941
112942
112943
112944
112945
112946
112947
112948
112949
112950
112954
112955
112956
112957
112958
112959
112960
112961
112962
112963
112964
112965
112966
112967
112968
112969
112970
112971
112972
112973
112974
113532
113533
113534
113535
113536
113537
113538
113539
113540
113541
113542
113545
113546
113547
113548
113549
113550
113551
113552
113553
113554
113555
113556
113557
113558
113559
113560
113561
113562
113563
113564
113565
113566
114099
114100
114101
114102
114103
114104
114105
114106
114107
114108
114109
114110
114111
114112
114116
114117
114118
114119
114120
114121
114122
114123
114124
114125
114126
114127
114128
114655
114656
114657
114658
114659
114660
114661
114662
114663
114664
114665
114666
114667
114668
114669
114670
114671
114672
114673
114674
114675
114676
114682
114683
115210
115211
115212
115213
115214
115215
115216
115217
115218
115219
115220
115221
115222
115223
115224
115225
115226
115227
115228
115229
115230
115231
115232
115233
115240
115241
115761
115762
115763
115764
115765
115766
115767
115768
115769
115770
115771
115772
115773
115774
115775
115776
115777
115778
115779
115780
115781
115782
115786
115787
115788
116320
116321
116322
116323
116324
116325
116326
116327
116328
116329
116330
116331
116332
116333
116334
116335
116336
116337
116338
116339
116340
116341
116342
116345
116346
116347
116348
116349
116867
116868
116869
116870
116871
116872
116873
116874
116875
116876
116877
116878
116879
116880
116881
116882
116883
116884
116885
116886
116887
116889
116890
116891
116892
116893
116898
116899
117432
117433
117434
117435
117436
117437
117438
117439
117440
117441
117442
117443
117444
117445
117446
117447
117448
117449
117450
117451
117452
117453
117454
117456
117457
117458
117459
117460
117970
117971
117972
117973
117974
117975
117976
117977
117978
117979
117980
117981
117982
117983
117984
117985
117986
117987
117988
117989
117990
117991
117992
117993
117994
117996
117997
118000
118001
118002
118003
118004
118513
118514
118515
118516
118517
118518
118519
118520
118521
118522
118523
118524
118525
118526
118527
118528
118529
118530
118531
118532
118533
118534
118535
118536
118542
118543
118544
118545
118546
119042
119043
119044
119045
119046
119047
119048
119049
119050
119051
119052
119053
119054
119055
119056
119057
119058
119059
119060
119061
119062
119069
119070
119071
119072
119073
119074
119075
119076
119592
119593
119594
119595
119596
119597
119598
119599
119600
119601
119602
119603
119604
119605
119606
119607
119614
119615
119616
119617
119618
119619
119620
119621
120140
120141
120142
120143
120144
120145
120146
120147
120148
120149
120150
120151
120152
120156
120157
120158
120159
120160
120161
120162
120163
120164
120678
120679
120680
120681
120682
120683
120684
120685
120686
120687
120688
120689
120690
120692
120693
120694
120695
120696
120697
120698
120699
120700
120701
120702
120703
120704
121216
121217
121218
121219
121220
121221
121222
121223
121224
121225
121226
121227
121228
121229
121230
121231
121232
121233
121234
121235
121236
121237
121736
121737
121738
121739
121740
121741
121742
121743
121744
121745
121746
121748
121749
121750
121751
121752
122260
122261
122262
122263
122264
122265
122266
122267
122268
122269
122270
122271
122799
122800
122801
122802
122803
122804
122810
122811
123344
123345
123346
123347
123348
123349
123350
123351
123352
123353
123354
123364
123365
123366
123917
123918
123919
123920
123921
123922
123923
123924
123925
123926
123927
123938
123940
124480
124481
124482
124483
124484
124485
124486
124487
124488
125034
125035
125036
125037
125587
125588
125589
126134
126135
126136
126137
126691
126692