10502
10503
10504
11050
11051
11052
11613
11614
11615
11616
11617
11618
12204
12205
12206
12207
12208
12209
12782
12783
12784
12785
12787
12788
12789
12790
13370
13371
13376
13377
13378
13379
13380
13382
13383
13384
13385
13386
13387
13388
13389
13390
13391
13392
13961
13962
13963
13964
13967
13968
13971
13972
13973
13974
13975
13976
13978
13979
13980
13981
13982
13983
14552
14553
14554
14555
14556
14557
14558
14559
14563
14564
14565
14566
14567
14568
14569
14570
14571
14572
14573
15144
15145
15146
15147
15148
15150
15152
15153
15154
15155
15156
15157
15158
15159
15160
15161
15162
15163
15164
15165
15166
15167
15168
15169
15725
15726
15727
15728
15729
15730
15733
15734
15735
15736
15737
15738
15739
15740
15741
15742
15743
15744
15745
15746
15747
15748
15749
15750
15751
15752
16306
16307
16308
16309
16310
16311
16313
16314
16315
16316
16317
16318
16320
16321
16322
16323
16324
16325
16326
16877
16878
16879
16880
16881
16882
16883
16884
16885
16886
16887
16888
16889
16890
16891
16892
16893
16894
16895
16896
16897
16898
16899
17461
17462
17463
17464
17465
17467
17468
17469
17470
17471
17472
17473
17474
17475
17476
17477
17478
17479
17480
17481
17482
17483
17484
18012
18022
18023
18024
18025
18026
18027
18028
18029
18030
18031
18032
18033
18034
18035
18036
18037
18038
18039
18040
18041
18042
18043
18044
18545
18546
18555
18556
18557
18558
18560
18561
18562
18563
18564
18565
18566
18567
18568
18569
18570
18571
18572
18573
18574
18575
18576
19087
19088
19095
19096
19097
19098
19101
19102
19103
19104
19105
19106
19107
19108
19109
19110
19111
19112
19113
19114
19115
19116
19117
19118
19621
19622
19623
19624
19625
19632
19633
19634
19637
19638
19639
19640
19641
19642
19643
19644
19645
19646
19647
19648
19649
19650
19651
19652
19653
19654
19655
20159
20160
20161
20162
20163
20169
20170
20171
20174
20175
20176
20177
20178
20179
20180
20181
20182
20183
20184
20185
20186
20187
20188
20189
20190
20191
20725
20726
20727
20728
20729
20730
20731
20732
20733
20734
20735
20736
20738
20739
20740
20741
20742
20743
20744
20745
20746
20747
20748
20749
20750
20751
20752
20753
20754
20755
20756
20757
21281
21282
21283
21284
21285
21286
21287
21288
21289
21290
21291
21292
21293
21294
21295
21296
21297
21298
21299
21300
21301
21302
21303
21304
21305
21306
21307
21308
21309
21310
21311
21312
21313
21314
21831
21832
21833
21834
21835
21836
21837
21838
21839
21840
21841
21842
21843
21844
21845
21846
21847
21848
21849
21850
21851
21852
21853
21854
21855
21856
21857
21858
21859
21860
21861
21862
21863
21864
21865
22352
22353
22354
22355
22356
22357
22358
22359
22360
22361
22362
22363
22364
22365
22366
22367
22368
22369
22370
22371
22372
22373
22374
22375
22376
22377
22378
22379
22380
22381
22382
22383
22384
22385
22386
22387
22388
22389
22390
22391
22392
22393
22394
22395
22870
22871
22872
22873
22874
22875
22876
22877
22878
22879
22880
22881
22882
22883
22884
22885
22886
22887
22888
22889
22890
22891
22892
22893
22894
22895
22896
22897
22898
22899
22900
22901
22902
22903
22904
22905
22906
22907
22908
22909
22910
22911
22913
22914
22915
22916
23398
23399
23400
23401
23402
23403
23404
23405
23406
23407
23408
23409
23410
23411
23412
23413
23414
23415
23416
23417
23418
23419
23420
23421
23422
23423
23424
23425
23426
23427
23428
23429
23430
23431
23432
23433
23434
23435
23436
23437
23438
23439
23440
23444
23445
23446
23447
23448
23925
23926
23927
23928
23929
23930
23931
23935
23936
23941
23942
23943
23944
23945
23946
23947
23948
23949
23950
23951
23952
23953
23954
23955
23956
23957
23958
23959
23960
23961
23962
23963
23964
23965
23966
23967
23968
23969
23970
23971
23972
23973
23974
24435
24436
24437
24438
24439
24440
24447
24448
24452
24453
24454
24455
24456
24457
24458
24459
24460
24461
24462
24463
24464
24465
24466
24467
24468
24469
24470
24471
24472
24473
24474
24475
24476
24477
24478
24479
24922
24923
24924
24925
24926
24936
24937
24941
24942
24943
24944
24945
24946
24947
24948
24949
24950
24951
24952
24953
24954
24955
24956
24957
24958
24959
24960
24961
24962
24963
24964
24965
24966
24967
24968
24969
25418
25419
25420
25421
25435
25436
25437
25438
25439
25440
25441
25442
25443
25444
25445
25446
25447
25448
25449
25450
25451
25452
25453
25454
25455
25456
25457
25458
25459
25460
25461
25462
25463
25464
25465
25919
25920
25921
25922
25923
25932
25933
25934
25935
25936
25937
25938
25939
25940
25941
25942
25943
25944
25945
25946
25947
25948
25949
25950
25951
25952
25953
25954
25955
25956
25957
25958
25959
25960
25961
25962
26431
26435
26436
26437
26438
26439
26440
26441
26442
26443
26444
26445
26446
26447
26448
26449
26450
26451
26452
26453
26454
26455
26456
26457
26458
26459
26460
26461
26924
26925
26926
26927
26928
26929
26930
26931
26932
26933
26934
26935
26936
26937
26938
26939
26940
26941
26942
26943
26944
26945
26946
26947
26948
26949
26950
26951
26952
27424
27425
27426
27427
27428
27429
27430
27431
27432
27433
27434
27435
27436
27437
27438
27439
27440
27441
27442
27443
27444
27445
27446
27926
27927
27928
27929
27930
27931
27932
27933
27934
27935
27936
27937
27938
27939
27940
27941
27942
27943
27944
27945
27946
27947
27948
27949
27950
27951
27952
28418
28419
28420
28421
28422
28423
28424
28425
28426
28427
28428
28429
28430
28431
28432
28433
28434
28435
28440
28890
28891
28892
28893
28894
28895
28896
28897
28898
28899
29354
29355
29356
29357
29358
29359
29360
29361
29362
29819
29820
29821
29822
29823
29824
29825
29826
29827
29828
29829
29830
29831
29832
30298
30299
30300
30301
30303
30304
30305
30306
30307
30308
30309
30310
30311
30799
30800
30801
30802
30803
30804
30805
30806
31299
31300
31301
31302
31303
31304
31305
31306
31307
31805
31806
31807
31808
31809
31810
31811
31812
31813
32333
32334
32335
32336
32337
32338
32339
32340
32341
32857
32858
32859
32860
32861
32862
33351
33352
33353
33354
33355
33356
33855
33856
33857
33858
33859
33860
33861
33862
34356
34357
34358
34359
34360
34882
34883
34884
34885
34886
34887
34888
34889
34890
35398
35399
35400
35401
35905
35906
35907
35908
35909
36394
36395
36396
36398
36399