344383
344384
344385
344386
344911
344912
344913
344914
344915
345472
345473
345474
345475
345476
345477
346016
346017
346018
346019
346020
346021
346022
346558
346559
346560
346561
346562
346563
346564
346565
347104
347105
347106
347107
347108
347109
347110
347112
347661
347662
347663
347664
347665
347666
347667
347668
347669
347670
347671
347672
347673
347674
347675
347676
347677
347678
347679
348246
348247
348248
348249
348250
348251
348252
348253
348254
348255
348256
348257
348258
348259
348260
348261
348832
348833
348834
348835
348836
348837
348838
348839
348840
348841
348842
348843
348844
348845
348846
349446
349447
349448
349449
349450
349451
349452
349453
349454
349455
349456
349457
349458
349459
349460
349461
349462
350045
350046
350047
350048
350049
350050
350051
350052
350053
350054
350055
350056
350057
350058
350059
350060
350061
350062
350063
350624
350625
350626
350627
350628
350629
350630
350631
350632
350633
350634
350635
350636
350637
350638
350639
350640
350641
350642
350643
351193
351194
351195
351196
351197
351198
351199
351200
351201
351202
351203
351204
351205
351206
351207
351208
351209
351210
351211
351759
351760
351761
351762
351763
351764
351765
351766
351767
351768
351769
351770
351771
351772
351773
351774
351775
352312
352313
352314
352315
352316
352317
352318
352319
352320
352321
352322
352323
352324
352325
352326
352327
352871
352872
352873
352874
352875
352876
352877
352878
352879
352880
352881
352882
352883
352884
352885
352886
352887
352888
352889
352890
352891
352892
352893
352894
353451
353452
353453
353454
353455
353456
353457
353458
353459
353460
353461
353462
353463
353464
353465
353466
353467
353468
353469
353470
353471
353472
353473
353474
353475
353476
353477
354023
354024
354025
354026
354027
354028
354029
354030
354031
354032
354033
354034
354035
354036
354037
354038
354039
354040
354041
354042
354043
354044
354045
354046
354047
354048
354607
354608
354610
354611
354612
354613
354614
354615
354616
354618
354619
354620
354621
354622
354623
354624
354625
354626
354627
354628
354629
354630
354632
354633
354634
355224
355225
355226
355227
355228
355229
355230
355231
355232
355233
355234
355235
355236
355237
355238
355239
355240
355241
355242
355243
355244
355245
355246
355248
355249
355250
355809
355810
355811
355812
355813
355814
355815
355816
355817
355818
355819
355820
355821
355822
355826
355827
355828
355829
355830
355831
355832
355833
355834
355835
355836
355837
355839
355840
355841
356376
356377
356378
356379
356380
356381
356382
356383
356384
356385
356386
356387
356388
356389
356391
356392
356393
356394
356395
356396
356397
356398
356403
356404
356405
356406
356407
356408
356409
356410
356411
356412
356413
356416
356417
356418
356419
356420
356952
356953
356954
356955
356956
356957
356958
356959
356960
356961
356962
356963
356964
356965
356966
356967
356968
356972
356973
356974
356975
356976
356977
356978
356979
357502
357503
357504
357505
357506
357507
357508
357509
357510
357511
357512
357513
357514
357515
357516
357517
357518
357519
357520
357521
357523
357527
357529
357530
357531
357532
357533
357534
357535
357536
357537
358061
358062
358063
358064
358065
358066
358067
358068
358069
358070
358071
358072
358073
358074
358075
358076
358077
358078
358079
358080
358083
358084
358086
358088
358089
358090
358091
358092
358093
358094
358095
358603
358604
358605
358606
358607
358608
358609
358610
358611
358612
358613
358614
358615
358616
358617
358618
358619
358620
358621
358622
358623
358626
358629
358630
358631
358632
358633
358634
358635
358636
358637
358638
358639
358640
358641
359139
359140
359141
359142
359143
359144
359145
359146
359147
359148
359149
359150
359151
359152
359153
359154
359155
359156
359157
359158
359159
359161
359162
359163
359164
359165
359166
359167
359168
359169
359170
359171
359172
359173
359174
359175
359176
359177
359178
359179
359670
359671
359672
359673
359674
359675
359676
359677
359678
359679
359680
359681
359682
359683
359684
359685
359686
359687
359688
359689
359690
359691
359692
359693
359694
359695
359696
359697
359698
359699
359700
359701
359702
359703
359704
359705
359706
359707
359708
359709
360196
360197
360198
360199
360200
360201
360202
360203
360204
360205
360206
360207
360208
360209
360210
360211
360213
360215
360216
360217
360220
360221
360222
360223
360224
360225
360227
360228
360229
360230
360231
360232
360233
360694
360695
360696
360697
360698
360699
360700
360701
360702
360703
360704
360705
360706
360707
360708
360717
360719
360720
360721
360722
360723
360724
360725
360726
360727
360728
360729
360730
360731
361198
361199
361200
361201
361202
361203
361204
361205
361206
361207
361208
361209
361220
361221
361222
361223
361224
361225
361226
361227
361228
361229
361720
361721
361722
361723
361724
361725
361726
361727
361728
361729
361730
361731
361732
361733
361734
361745
361746
361747
361748
361749
361750
361751
361752
361753
361754
361755
361756
362259
362260
362261
362262
362263
362264
362265
362266
362267
362268
362269
362270
362271
362272
362282
362283
362284
362285
362286
362287
362288
362289
362290
362291
362292
362293
362294
362295
362778
362779
362780
362781
362782
362783
362784
362785
362786
362787
362788
362789
362790
362791
362792
362793
362794
362795
362796
362797
362798
362807
362808
362809
362810
362811
362812
362813
362814
362815
362816
362817
362818
362819
363282
363283
363284
363285
363286
363287
363288
363289
363290
363291
363292
363293
363294
363295
363296
363297
363298
363299
363300
363301
363302
363309
363310
363311
363312
363313
363314
363315
363316
363317
363318
363319
363320
363803
363804
363805
363806
363807
363808
363809
363810
363811
363812
363813
363814
363815
363816
363817
363818
363819
363820
363821
363822
363823
363832
363833
363834
363835
363836
363837
363838
363839
363840
363841
363842
364319
364320
364321
364322
364323
364324
364325
364326
364327
364328
364329
364330
364331
364332
364333
364334
364335
364336
364337
364338
364339
364347
364348
364349
364350
364351
364352
364353
364354
364355
364356
364357
364830
364831
364832
364833
364834
364835
364836
364837
364838
364839
364840
364841
364842
364843
364844
364845
364846
364847
364848
364849
364850
364860
364861
364862
364863
364864
364865
364866
364867
364868
364869
365333
365334
365335
365336
365337
365338
365339
365340
365341
365342
365343
365344
365345
365346
365347
365348
365349
365350
365359
365360
365361
365362
365363
365365
365366
365819
365820
365821
365822
365824
365825
365826
365827
365828
365829
365830
365840
365841
365842
365843
365844
365845
365851
366287
366288
366289
366297
366298
366299
366300
366301
366761
366762
366763
366764
367253
367254
367255
367754
367755
367756
367757
367758
367759
368272
368273
368274
368275
368780
368781
368782
368783
368784
369275
369276
369277
369278
369279
369280
369752
369753
369754
369755
369756
369757
369758
370233
370234
370235
370236
370718
370719
370720
370721
370722
371212
371213
371214
371215
371216
371714
371715
371716
371717
372227
372228