88151
88674
88675
88677
88679
89193
89194
89196
89197
89198
89199
89705
89707
89710
89711
89712
89713
89714
89715
89716
89717
90230
90231
90232
90233
90234
90235
90236
90237
90238
90239
90240
90241
90242
90243
90763
90764
90765
90766
90767
90768
90769
90770
90771
90772
90773
90774
90775
90776
90777
90778
90779
90780
91318
91319
91320
91321
91322
91323
91324
91325
91326
91327
91328
91329
91330
91331
91332
91333
91334
91335
91336
91337
91338
91884
91885
91886
91887
91888
91889
91890
91891
91892
91893
91894
91895
91896
91897
91898
91899
91900
91901
91902
91903
92459
92461
92462
92463
92464
92465
92466
92467
92468
92469
92470
92471
92472
92473
92474
92475
92476
92477
92478
93043
93045
93046
93047
93048
93049
93050
93051
93052
93053
93054
93055
93056
93057
93058
93059
93060
93061
93062
93063
93064
93065
93666
93667
93668
93669
93670
93671
93672
93673
93674
93675
93676
93677
93678
93679
93680
93681
93682
93683
93684
93685
93686
93687
93688
94293
94294
94295
94296
94297
94298
94299
94300
94301
94302
94303
94304
94305
94306
94307
94308
94309
94310
94311
94312
94313
94314
94315
94912
94913
94914
94915
94916
94917
94918
94919
94920
94921
94922
94923
94924
94925
94926
94927
94928
94929
94930
94931
95535
95536
95537
95538
95539
95541
95542
95543
95544
95545
95546
95547
95548
95549
95550
95551
95552
95553
95554
95555
95556
95557
95558
95559
95560
95561
96172
96173
96174
96175
96176
96177
96180
96181
96182
96183
96184
96185
96186
96187
96188
96189
96190
96191
96196
96197
96198
96810
96811
96812
96813
96814
96815
96816
96819
96820
96821
96822
96823
96824
96825
96826
96827
96828
96829
96830
96831
96835
96837
96838
97461
97462
97463
97464
97465
97471
97472
97473
97474
97475
97476
97477
97478
97479
97480
97481
97482
97483
97489
97490
97491
98075
98076
98077
98078
98079
98080
98087
98088
98089
98090
98091
98092
98093
98094
98095
98096
98097
98102
98687
98688
98689
98690
98691
98692
98693
98699
98700
98701
98702
98703
98704
98705
98706
98707
98708
98709
98710
98711
98712
98713
98720
99296
99297
99298
99299
99300
99301
99306
99307
99308
99309
99310
99311
99312
99313
99314
99315
99316
99317
99318
99319
99320
99330
99332
99333
99334
99953
99954
99955
99956
99957
99964
99965
99966
99967
99968
99969
99970
99971
99972
99973
99974
99975
99976
99977
99984
99985
99986
99987
99988
100605
100606
100607
100608
100609
100610
100619
100620
100621
100622
100623
100624
100625
100626
100627
100628
100629
100630
100631
100632
100633
100634
100635
100636
100637
100638
100639
101277
101278
101279
101280
101281
101282
101292
101293
101294
101295
101296
101297
101298
101299
101300
101301
101302
101303
101304
101305
101306
101307
101308
101309
101310
101311
101312
101313
101934
101935
101936
101937
101938
101946
101947
101948
101949
101950
101951
101952
101953
101954
101955
101956
101957
101958
101959
101961
101962
101963
101964
101965
101966
101967
101968
101969
101970
102567
102568
102569
102570
102571
102574
102575
102576
102577
102578
102579
102580
102581
102582
102583
102584
102585
102586
102587
102589
102590
102591
102592
102593
102594
102595
102596
102597
103189
103190
103191
103192
103195
103196
103197
103198
103199
103200
103201
103202
103203
103204
103205
103206
103207
103208
103209
103210
103211
103212
103213
103214
103215
103216
103217
103801
103806
103807
103808
103809
103810
103811
103812
103813
103814
103815
103816
103817
103818
103819
103820
103821
103822
103823
103824
103825
103826
103827
103828
103829
103830
103831
103832
104435
104436
104437
104439
104440
104441
104442
104443
104444
104445
104446
104447
104448
104449
104450
104451
104452
104453
104454
104455
104456
104457
105060
105062
105063
105064
105065
105066
105067
105068
105069
105070
105071
105072
105073
105074
105075
105076
105077
105078
105079
105080
105685
105686
105687
105688
105689
105690
105691
105692
105693
105694
105695
105696
105697
105698
105699
105700
105701
106297
106298
106299
106300
106301
106302
106303
106304
106305
106306
106307
106308
106309
106310
106311
106312
106313
106314
106315
106316
106317
106318
106319
106911
106912
106913
106914
106915
106916
106917
106918
106919
106920
106921
106922
106923
106924
106925
106926
106927
106928
106929
106930
107511
107512
107513
107514
107515
107516
107517
107518
107519
107520
107521
107522
107523
107524
107525
108111
108112
108113
108114
108115
108116
108117
108118
108119
108120
108121
108122
108123
108732
108733
108734
108735
108736
108737
108738
108739
108740
108741
108742
108743
108744
108745
108746
109373
109374
109375
109376
109377
109378
109379
109380
109381
109382
109384
109385
109386
109387
109388
109389
109390
109391
109392
109393
109394
110012
110013
110014
110015
110016
110017
110018
110019
110020
110021
110022
110023
110024
110025
110026
110027
110028
110029
110030
110031
110032
110033
110034
110035
110036
110637
110638
110639
110640
110641
110642
110643
110644
110645
110646
110647
110648
110649
110650
110651
110652
110653
110654
110655
110656
110657
110658
110659
110660
110661
110662
110663
111287
111288
111289
111290
111291
111292
111293
111294
111295
111296
111297
111298
111299
111300
111301
111302
111303
111304
111305
111306
111307
111308
111309
111310
111311
111312
111907
111908
111909
111910
111911
111912
111913
111914
111915
111916
111917
111918
111919
111920
111921
111922
111923
111924
111925
111926
111927
111928
111929
111930
112506
112507
112508
112509
112510
112511
112512
112513
112514
112515
112516
112517
112518
112519
112520
112521
112522
112523
112524
112525
112526
112528
112534
112535
112536
112537
112538
112539
113106
113107
113108
113109
113110
113111
113112
113113
113114
113115
113116
113117
113118
113119
113121
113122
113127
113128
113129
113130
113131
113132
113133
113134
113683
113684
113689
113690
113691
113692
113693
113694
113695
113696
113697
113699
113700
113701
113704
113705
113706
113707
113708
113709
113710
113711
114244
114245
114250
114251
114252
114253
114254
114255
114256
114257
114258
114259
114260
114261
114262
114263
114264
114265
114266
114267
114268
114269
114270
114271
114272
114273
114274
114275
114276
114803
114804
114805
114806
114807
114808
114809
114810
114811
114812
114813
114814
114815
114816
114817
114818
114819
114820
114821
114822
114824
114825
114826
114827
115367
115368
115370
115371
115372
115373
115374
115375
115376
115377
115378
115379
115380
115381
115382
115383
115385
115386
115924
115925
115926
115927
115928
115929
115930
115931
115932
115933
115934
115935
115936
115937
115938
115939
115940
116487
116488
116489
116491
116492
116493
116494
116495
116496
116497
116498
117042
117043
117044
117045
117046
117047
117048
117049
117050
117051