393
394
395
396
397
398
399
400
401
402
403
404
405
406
407
408
409
410
411
412
413
414
415
416
417
418
419
420
421
422
423
424
425
426
427
428
429
430
850
851
852
853
854
855
856
857
858
859
860
861
862
863
864
865
866
867
868
869
870
871
872
873
874
875
876
877
878
879
880
881
882
883
884
885
886
1287
1288
1289
1290
1291
1292
1293
1294
1295
1296
1297
1298
1299
1300
1301
1302
1303
1304
1305
1306
1307
1308
1309
1310
1311
1312
1313
1314
1315
1316
1317
1318
1319
1320
1321
1322
1323
1324
1705
1706
1707
1708
1709
1710
1711
1712
1713
1714
1715
1716
1717
1718
1719
1720
1721
1722
1723
1724
1725
1726
1727
1728
1729
1730
1731
1732
1733
1734
1735
1736
1737
1738
1739
1740
1741
2109
2110
2111
2112
2113
2114
2115
2116
2117
2118
2119
2120
2121
2122
2123
2124
2125
2126
2127
2128
2129
2130
2131
2132
2133
2134
2135
2136
2137
2138
2139
2140
2141
2142
2143
2144
2145
2146
2147
2148
2522
2523
2524
2525
2526
2527
2528
2529
2530
2531
2532
2533
2534
2535
2536
2537
2538
2539
2540
2541
2542
2543
2544
2545
2546
2547
2548
2549
2550
2551
2552
2553
2556
2945
2946
2947
2948
2949
2950
2951
2952
2953
2954
2955
2956
2957
2958
2959
2960
2961
2962
2963
2964
2965
2966
2967
2968
2969
2970
2971
2972
2973
2974
2975
3342
3343
3344
3345
3346
3347
3348
3349
3350
3351
3352
3353
3354
3355
3356
3357
3358
3359
3360
3361
3362
3363
3364
3365
3366
3368
3705
3706
3707
3708
3709
3710
3711
3712
3713
3714
3715
3716
3717
3718
3719
3720
3721
3722
3723
3724
3725
3726
3727
3728
3729
3730
3731
3732
3733
3734
4086
4087
4088
4089
4090
4091
4092
4093
4094
4095
4096
4097
4098
4099
4100
4101
4102
4103
4104
4105
4106
4107
4108
4109
4110
4111
4112
4113
4114
4115
4116
4117
4118
4119
4488
4489
4490
4491
4492
4493
4494
4495
4496
4497
4498
4499
4500
4501
4502
4503
4504
4505
4506
4507
4508
4509
4510
4511
4512
4513
4514
4515
4516
4517
4518
4519
4903
4904
4905
4906
4907
4908
4909
4910
4911
4912
4913
4914
4915
4916
4917
4918
4919
4920
4921
4922
4923
4924
4925
4926
4927
4928
4929
5324
5325
5326
5327
5328
5329
5330
5332
5333
5334
5335
5336
5337
5338
5339
5340
5341
5342
5343
5344
5345
5346
5347
5352
5766
5767
5773
5774
5775
5776
5777
5778
5779
5780
5781
5782
5783
5784
5786
5790
6219
6220
6228
6229
6230
6231
6232
6233
6234
6235
6236
6237
6238
6239
6240
6241
6242
6243
6700
6701
6702
6703
6704
6705
6708
6709
6710
6711
6712
6713
6714
7193
7194
7195
7196
7197
7198
7199
7203
7204
7205
7206
7207
7208
7689
7690
7691
7692
7693
7694
7695
7696
7701
7702
7703
7704
7705
8215
8216
8217
8221
8222
8223
8224
8225
8706
8707
8711
8712
8713
8714
8715
8716
9218
9219
9220
9221
9743
9744
9745
9746
9747
10273
10274
10275
10276
10285
10286
10287
10288
10289
10290
10291
10826
10827
10828
10829
10830
10831
10836
10837
10838
10841
10842
11382
11383
11384
11385
11386
11393
11394
11395
11398
11952
11954
11956
11957
11958
11960
11961
11962
11966
11967
11969
11970
12533
12534
12535
12536
12537
12538
12539
12540
12541
12542
12543
12544
12546
12547
12548
13119
13120
13121
13122
13123
13124
13125
13126
13127
13128
13129
13130
13131
13132
13133
13134
13135
13716
13717
13718
13719
13720
13721
13722
13723
13724
13725
13726
13727
13728
13729
14322
14325
14326
14327
14328
14329
14330
14331
14332
14921
14922
14923
14925
14926
14927
15511
15512
16076
16077
494890
494891
494892
495342
495343
495344
495345
495346
495347
495348
495806
495807
495808
495809
496255
496259
496260
496261
496262
496263
496709
496711
496712
496713
496714
496715
496716
496717
496720
497189
497190
497191
497192
497193
497194
497195
497196
497197
497198
497199
497200
497201
497665
497666
497667
497668
497669
497670
497671
497672
497673
497674
497675
497676
497677
498141
498142
498143
498144
498145
498146
498147
498148
498149
498150
498151
498152
498642
498643
498644
498645
498646
498647
498648
498649
498650
498651
498652
498653
498664
498665
499152
499153
499154
499155
499156
499157
499158
499159
499160
499161
499162
499163
499164
499165
499166
499167
499176
499177
499654
499655
499656
499657
499658
499659
499660
499661
499662
499663
499664
499665
499666
499667
499668
499669
499670
499680
499681
499682
499683
499684
500187
500188
500189
500190
500191
500192
500193
500194
500195
500196
500197
500198
500199
500200
500206
500207
500208
500209
500210
500211
500212
500213
500720
500721
500722
500723
500724
500725
500726
500727
500728
500729
500730
500731
500732
500733
500734
500735
500736
500738
500739
500740
500741
500742
500743
500744
500745
500746
501245
501246
501247
501248
501249
501250
501251
501252
501253
501254
501255
501256
501257
501258
501259
501260
501261
501262
501263
501266
501267
501268
501269
501270
501271
501272
501273
501274
501275
501760
501761
501762
501763
501764
501765
501766
501767
501768
501769
501770
501771
501772
501773
501774
501775
501776
501777
501778
501779
501780
501781
501782
501783
501784
501785
501786
501787
501788
501789
501790
501791
502232
502233
502234
502235
502236
502237
502238
502239
502240
502241
502242
502243
502244
502245
502246
502247
502248
502249
502250
502251
502252
502253
502254
502255
502256
502257
502258
502259
502260
502261
502262
502263
502264
502683
502685
502686
502687
502688
502689
502690
502691
502692
502693
502694
502695
502696
502697
502698
502699
502700
502701
502702
502703
502704
502705
502706
502707
502708
502709
502710
502711
502712
502713
502714
502715
502716
502717
502718
503143
503144
503145
503146
503147
503148
503149
503150
503151
503152
503153
503154
503155
503156
503157
503158
503159
503160
503161
503162
503163
503164
503165
503166
503167
503168
503169
503170
503171
503172
503173
503174
503175
503176
503177
503178
503179
503597
503598
503599
503600
503601
503602
503603
503604
503605
503606
503607
503608
503609
503610
503611
503612
503613
503614
503615
503616
503617
503618
503619
503620
503621
503622
503623
503624
503625
503626
503627
503628