227393
227394
227395
227400
227410
227902
227903
227904
227905
227906
227907
227908
227909
227910
227911
227912
227913
227924
227925
228429
228430
228431
228432
228433
228434
228435
228436
228437
228438
228439
228440
228441
228442
228443
228447
228451
228452
228453
228454
228455
228946
228947
228948
228949
228950
228951
228952
228953
228954
228955
228956
228957
228958
228959
228960
228961
228962
228963
228964
228969
228970
228971
228972
228973
229460
229461
229462
229463
229464
229465
229466
229467
229468
229469
229470
229471
229472
229473
229474
229475
229476
229477
229478
229484
229485
229486
229487
229488
229989
229990
229991
229992
229993
229994
229995
229996
229997
229998
229999
230000
230001
230002
230003
230004
230005
230006
230007
230008
230009
230010
230011
230012
230013
230017
230018
230019
230020
230021
230022
230525
230526
230527
230528
230529
230530
230531
230532
230533
230534
230535
230536
230537
230538
230539
230540
230541
230542
230543
230544
230545
230546
230547
230548
230549
230550
230551
230552
230556
230557
230558
230559
230560
231065
231066
231067
231068
231069
231070
231071
231072
231073
231074
231075
231076
231077
231078
231079
231080
231081
231082
231083
231084
231085
231086
231087
231088
231089
231090
231091
231092
231093
231094
231618
231619
231620
231621
231622
231623
231624
231625
231626
231627
231628
231629
231630
231631
231632
231633
231634
231635
231636
231637
231638
231639
231640
231641
231642
231643
231644
231645
231646
231647
232188
232189
232190
232191
232192
232193
232194
232195
232196
232197
232198
232199
232200
232201
232202
232203
232204
232205
232206
232207
232208
232209
232210
232211
232212
232213
232214
232215
232216
232217
232218
232219
232220
232221
232762
232763
232764
232765
232766
232767
232768
232769
232770
232771
232772
232773
232774
232775
232776
232777
232778
232779
232780
232781
232782
232783
232784
232785
232786
232787
232788
233355
233356
233357
233358
233359
233360
233361
233362
233363
233364
233365
233366
233367
233368
233369
233370
233371
233373
233375
233376
233377
233378
233379
233380
233381
233382
233938
233939
233940
233941
233942
233943
233944
233945
233946
233947
233948
233949
233950
233951
233952
233953
233954
233955
233956
233957
233958
233960
233961
233962
233963
233964
233965
233966
233967
233968
234489
234490
234491
234492
234493
234494
234495
234496
234497
234498
234499
234500
234501
234502
234503
234504
234506
234507
234508
234509
234510
234511
234512
234513
234514
234515
235048
235049
235051
235052
235053
235054
235055
235056
235057
235058
235059
235060
235061
235062
235063
235064
235065
235066
235067
235070
235071
235072
235073
235600
235601
235602
235603
235604
235605
235606
235607
235608
235609
235610
235611
235612
235613
235614
235615
235616
235617
235621
235622
235623
235624
236184
236185
236186
236187
236188
236189
236190
236191
236192
236193
236194
236195
236196
236197
236198
236199
236200
236201
236202
236203
236204
236205
236206
236207
236208
236209
236785
236786
236787
236788
236789
236790
236791
236792
236793
236794
236795
236796
236797
236798
236799
236800
236801
236802
236803
236804
236805
236806
236807
236808
236809
236810
236811
236812
236813
236814
236815
237404
237405
237406
237407
237408
237409
237410
237411
237412
237413
237414
237415
237416
237417
237418
237419
237420
237421
237422
237423
237424
237425
237426
237427
237428
237429
237430
237431
237432
237433
237434
238021
238022
238023
238024
238025
238026
238027
238028
238029
238030
238031
238032
238033
238034
238035
238036
238037
238038
238039
238040
238041
238042
238043
238044
238045
238046
238047
238048
238049
238050
238051
238628
238629
238630
238631
238632
238633
238634
238635
238636
238637
238638
238639
238640
238641
238642
238643
238644
238645
238646
238647
238648
238649
238650
238651
238652
238653
238654
239243
239244
239245
239246
239247
239248
239249
239250
239251
239252
239253
239254
239255
239256
239259
239260
239261
239262
239263
239264
239265
239266
239267
239268
239269
239270
239271
239864
239865
239866
239867
239868
239869
239870
239871
239872
239873
239874
239875
239876
239877
239879
239880
239881
239883
239884
239885
239886
239887
239888
239889
239890
240471
240472
240474
240475
240476
240477
240478
240479
240480
240481
240482
240483
240484
240485
240486
240487
240488
240489
240490
240491
240492
240493
240494
240495
240496
240497
240498
241045
241049
241050
241051
241052
241053
241054
241055
241056
241057
241058
241059
241060
241061
241062
241063
241064
241065
241066
241069
241070
241071
241072
241073
241074
241075
241076
241077
241078
241079
241080
241081
241613
241614
241615
241616
241622
241623
241624
241625
241626
241627
241628
241629
241630
241631
241632
241633
241634
241635
241636
241637
241638
241639
241640
241641
241642
241643
241644
241645
241646
241647
241648
241649
241650
241651
241652
241653
241654
241655
242198
242199
242200
242201
242206
242207
242208
242209
242210
242211
242212
242213
242214
242215
242216
242217
242218
242219
242220
242221
242222
242223
242224
242225
242226
242227
242228
242229
242230
242231
242232
242233
242234
242235
242236
242237
242238
242239
242240
242241
242785
242786
242787
242788
242789
242790
242791
242792
242794
242795
242796
242797
242798
242799
242800
242801
242802
242803
242804
242805
242806
242807
242808
242809
242810
242811
242812
242813
242814
242815
242816
242817
242818
242819
242820
242821
242822
242823
242824
242825
242826
242827
242828
242829
243389
243390
243391
243392
243393
243395
243396
243397
243398
243399
243400
243401
243402
243403
243406
243407
243408
243409
243410
243411
243412
243413
243414
243415
243416
243417
243418
243419
243420
243421
243422
243423
243424
243425
243426
243427
243428
243429
243430
243990
243991
243992
243993
243994
243995
243996
243997
243998
243999
244000
244001
244002
244003
244004
244006
244007
244008
244009
244010
244011
244012
244013
244014
244015
244016
244017
244018
244019
244020
244021
244022
244023
244024
244025
244026
244027
244028
244029
244575
244576
244577
244579
244580
244581
244582
244583
244584
244585
244589
244590
244591
244592
244593
244594
244595
244596
244597
244598
244599
244600
244601
244602
244603
244604
244605
244606
244607
244608
244609
245189
245190
245191
245194
245195
245196
245197
245198
245199
245200
245201
245202
245203
245204
245205
245206
245207
245208
245209
245210
245211
245212
245213
245214
245215
245216
245217
245218
245219
245220
245790
245791
245792
245793
245796
245797
245800
245801
245804
245805
245806
245807
245808
245809
245810
245811
245812
245813
245814
245815
245816
245817
245818
245819
245820
245821
245822
245823
246372
246373
246374
246375
246379
246380
246381
246382
246383
246384
246385
246387
246388
246389
246390
246391
246392
246393
246394
246395
246396
246397
246398
246399
246400
246401
246402
246403
246973
246976
246985
246991
246992
246993
246994
246995
246996
246997
246998
246999
247570
247575
247576
247577
247578
248134
248135
248136
248137
248138
248139
248140
248710
248711