80119
80702
80703
81273
81274
81275
81820
81821
81822
82409
82410
82411
82412
83006
83007
83008
83009
83010
83011
83582
83583
83584
83585
83586
83587
83588
83593
83594
84134
84135
84136
84137
84138
84139
84140
84141
84142
84143
84144
84145
84146
84147
84148
84149
84703
84704
84705
84706
84707
84708
84709
84710
84711
84712
84713
84714
85264
85265
85266
85267
85268
85269
85270
85271
85272
85273
85274
85275
85276
85837
85838
85839
85840
85841
85842
85843
85844
85845
85846
85847
86381
86382
86383
86384
86385
86386
86387
86388
86950
86951
86952
86953
86954
86955
86956
86957
87486
87487
87488
87489
88001
88002
88003
88004
88520
88521
88522
88523
88524
89054
89055
89056
89057
89569
89570
89571
90097
90098
90099
90100
90101
90102
90638
90639
90640
90641
90642
90643
90659
90660
90661
90662
90663
90664
90665
91191
91192
91193
91194
91195
91196
91197
91198
91215
91216
91217
91218
91219
91220
91221
91761
91762
91763
91764
91782
91783
91784
91785
91786
91787
91788
91789
92335
92336
92337
92338
92339
92356
92357
92358
92361
92362
92363
92920
92921
92922
92923
92933
92940
92941
92947
92948
93523
93524
93525
93526
93527
93528
93536
93538
93539
93542
93543
93544
93545
93546
93547
93551
93552
93553
93554
93555
93556
93563
93564
93566
94148
94149
94150
94151
94152
94153
94154
94162
94163
94164
94165
94166
94167
94168
94169
94170
94171
94172
94173
94181
94182
94183
94184
94189
94190
94191
94192
94193
94194
94195
94196
94197
94764
94765
94766
94767
94768
94769
94770
94775
94778
94779
94780
94786
94787
94788
94789
94798
94799
94800
94801
94802
94803
94804
94805
94806
94807
94808
94809
94810
94811
94812
94813
94814
95397
95398
95399
95403
95404
95405
95406
95407
95408
95409
95410
95411
95412
95418
95419
95420
95421
95425
95426
95427
95428
95429
95430
95431
95432
95433
95434
95435
95436
95437
95438
95439
95440
96048
96049
96052
96053
96054
96055
96056
96065
96066
96067
96070
96072
96073
96075
96078
96079
96080
96081
96082
96083
96084
96085
96086
96087
96088
96089
96090
96694
96697
96698
96699
96701
96708
96709
96713
96714
96715
96716
96722
96723
96724
96725
96728
96729
96730
96731
96732
96733
97341
97342
97343
97344
97345
97346
97347
97348
97349
97350
97351
97366
97367
97368
97374
97375
97376
97377
97378
97379
97380
97381
97382
97383
97384
97385
97386
97387
97388
97389
97394
97395
97958
97959
97960
97961
97962
97963
97964
97965
97966
97967
97970
97982
97983
97990
97991
97992
97993
97994
97995
97996
97997
97998
97999
98000
98001
98002
98003
98004
98005
98008
98009
98564
98565
98566
98567
98568
98569
98570
98571
98572
98573
98574
98575
98586
98587
98594
98595
98596
98597
98598
98599
98600
98601
98602
98603
98604
98605
98606
98607
98608
98609
98610
98611
98612
98613
99171
99172
99173
99174
99175
99176
99177
99178
99182
99188
99191
99193
99194
99195
99202
99203
99206
99207
99208
99209
99210
99211
99212
99213
99214
99215
99216
99217
99218
99813
99814
99815
99816
99817
99818
99822
99823
99827
99828
99829
99830
99831
99832
99833
99834
99835
99848
99849
99850
99851
99852
99853
99854
99855
99856
99857
99858
99859
99860
100468
100469
100470
100471
100475
100476
100480
100481
100482
100483
100484
100485
100486
100487
100488
100504
100505
100506
100507
100508
100509
100510
100511
101143
101144
101145
101146
101147
101148
101149
101150
101151
101152
101153
101154
101155
101156
101157
101158
101159
101160
101161
101162
101163
101164
101165
101180
101181
101182
101183
101184
101185
101186
101187
101188
101189
101817
101818
101819
101820
101821
101822
101823
101824
101825
101826
101827
101828
101829
101830
101831
101832
101833
101834
101835
101856
101857
101858
101859
101860
101861
102462
102463
102464
102465
102466
102467
102468
102469
102470
102471
102472
102473
102477
102478
102479
102501
102502
102503
102504
102505
102506
102507
102508
102509
102510
102511
103089
103094
103095
103096
103097
103098
103102
103103
103104
103123
103124
103125
103126
103127
103128
103129
103130
103131
103132
103133
103134
103697
103698
103699
103701
103702
103703
103704
103705
103706
103707
103708
103709
103710
103711
103712
103713
103734
103735
103736
103737
103738
103739
103740
103741
103742
103743
103744
104324
104325
104326
104327
104328
104329
104330
104331
104332
104333
104334
104335
104336
104337
104338
104339
104340
104341
104359
104360
104361
104362
104363
104364
104949
104950
104951
104952
104953
104954
104955
104956
104957
104958
104959
104960
104961
104962
104963
104986
104987
104988
104989
105573
105574
105575
105576
105577
105578
105579
105580
105581
105582
105583
105584
105585
105586
105609
105610
106185
106186
106187
106188
106189
106190
106191
106192
106193
106194
106195
106196
106197
106198
106199
106200
106219
106220
106221
106789
106797
106798
106799
106800
106801
106802
106803
106804
106805
106806
106808
106809
106810
106811
106812
106818
106819
107384
107385
107386
107393
107394
107395
107396
107397
107398
107399
107400
107401
107402
107403
107404
107405
107406
107407
107414
107415
107416
107987
107988
107989
107990
107991
107992
107998
107999
108000
108001
108002
108003
108004
108005
108006
108007
108008
108009
108010
108011
108012
108013
108017
108018
108019
108020
108609
108610
108611
108612
108613
108620
108621
108622
108623
108624
108625
108626
108627
108628
108629
108630
108631
108632
108634
108635
108636
108637
108638
109245
109246
109247
109248
109249
109250
109251
109252
109254
109255
109256
109257
109258
109259
109260
109261
109262
109263
109264
109265
109266
109267
109268
109269
109270
109271
109880
109881
109882
109883
109884
109885
109886
109887
109888
109889
109890
109891
109892
109893
109894
109895
109896
109897
109898
109899
109900
109901
109902
109903
109904
109905
109906
109907
109908
110503
110504
110505
110506
110507
110508
110509
110510
110511
110512
110513
110514
110515
110516
110517
110518
110519
110520
110521
110522
110523
110524
111146
111147
111148
111149
111150
111151
111152
111153
111154
111155
111156
111157
111158
111159
111160
111161
111162
111163
111164
111165
111166
111167
111168
111769
111770
111771
111772
111773
111774
111775
111776
111777
111778
111779
111780
111781
111782
111783
111784
111785
111786
112361
112362
112364
112365
112366
112367
112368
112369
112370
112371
112372
112373
112374
112375
112376
112377
112378
112379
112957
112958
112961
112962
112963
112964
112965
112966
112967
112968
112969
112970
112971
112972
112973
112974
113556
113557
113558
113559
113560
113561
113562
113563
113564
113565
113566
114123
114124
114125
114126
114127
114128
114676
114677
114683