94214
94215
94832
94833
94834
94835
94836
94849
95457
95458
95459
95460
95461
95462
95463
95471
95472
95473
95474
95475
95476
95477
95478
96101
96102
96103
96104
96105
96106
96107
96108
96112
96114
96115
96116
96117
96118
96119
96120
96121
96122
96745
96746
96750
96751
96752
96753
96754
96758
96759
96760
96761
96762
96763
97400
97404
97405
97406
97407
97408
97409
97412
97413
97414
97415
98017
98018
98019
98020
98021
98022
98023
98024
98025
98026
98027
98028
98029
98030
98031
98618
98619
98620
98621
98622
98623
98624
98625
98626
98627
98628
98629
98630
98631
98632
98633
98634
98635
98636
98637
98638
98639
98640
99224
99225
99226
99227
99228
99229
99230
99231
99232
99233
99234
99235
99236
99237
99238
99239
99240
99241
99242
99243
99244
99245
99246
99247
99867
99868
99869
99870
99871
99872
99873
99874
99875
99876
99877
99878
99879
99880
99881
99882
99883
99884
99885
99886
99887
99888
99889
99890
99891
99892
99893
99894
100518
100519
100520
100521
100522
100523
100524
100525
100527
100528
100529
100530
100531
100532
100533
100534
100535
100536
100537
100538
100539
100540
100541
100542
100543
100544
100545
101196
101197
101198
101199
101200
101201
101202
101204
101205
101206
101207
101208
101209
101210
101211
101212
101213
101214
101215
101216
101217
101218
101219
101220
101221
101222
101223
101868
101869
101870
101871
101872
101873
101874
101875
101876
101877
101878
101879
101880
101881
101882
101883
101884
101885
101886
101887
101888
101889
101890
101891
101892
101893
101894
102505
102506
102507
102509
102510
102511
102512
102513
102514
102515
102516
102517
102518
102519
102520
102521
102522
102523
102524
102525
102526
102527
102528
102529
102530
102531
102533
102534
102535
102536
102537
103127
103128
103129
103130
103131
103132
103133
103134
103135
103136
103137
103138
103140
103141
103142
103143
103144
103145
103146
103147
103148
103149
103150
103153
103737
103738
103739
103740
103741
103742
103743
103744
103745
103746
103747
103748
103753
103754
103755
103756
103757
103758
103759
104360
104361
104362
104363
104364
104365
104366
104367
104368
104369
104370
104371
104373
104376
104377
104378
104379
104380
104381
104383
104384
104385
104386
104986
104987
104988
104989
104990
104991
104992
104993
104994
104995
104996
104997
104998
104999
105000
105001
105002
105003
105004
105005
105007
105008
105009
105010
105604
105605
105606
105607
105608
105609
105610
105611
105612
105616
105617
105618
105622
105623
105624
105625
105626
105627
105631
105632
105633
106212
106215
106216
106217
106218
106219
106220
106221
106222
106223
106224
106237
106238
106239
106240
106241
106242
106243
106244
106245
106246
106823
106824
106825
106826
106827
106828
106829
106830
106831
106832
106833
106834
106835
106836
106850
106854
106855
106856
106858
106859
106860
107417
107418
107419
107420
107421
107422
107423
107424
107425
107426
107427
107430
107431
107449
107450
107451
107452
107453
107454
107455
107456
107457
108021
108022
108023
108024
108025
108026
108027
108028
108029
108030
108031
108032
108033
108034
108035
108036
108039
108052
108053
108054
108056
108057
108058
108059
108639
108640
108641
108642
108643
108644
108645
108646
108647
108648
108649
108650
108651
108652
108653
108654
108655
108656
108657
108658
108659
108660
108661
108662
108663
108664
108674
108675
108676
108677
108678
108680
108681
108682
108683
109272
109273
109274
109275
109276
109277
109278
109279
109280
109281
109282
109283
109284
109285
109286
109287
109288
109289
109290
109291
109292
109293
109294
109295
109296
109297
109298
109299
109300
109301
109302
109303
109313
109314
109315
109316
109317
109318
109319
109320
109909
109910
109911
109912
109913
109914
109915
109916
109917
109918
109919
109920
109921
109922
109923
109924
109925
109926
109927
109928
109929
109930
109931
109932
109933
109934
109935
109936
109937
109938
109939
109947
109948
109949
109950
109951
109952
110525
110526
110527
110528
110529
110530
110531
110532
110533
110534
110535
110536
110537
110538
110539
110540
110541
110542
110543
110544
110545
110546
110547
110548
110549
110550
110551
110552
110554
110555
110565
110566
110567
110568
110569
110570
111171
111172
111173
111174
111175
111176
111177
111178
111179
111180
111181
111182
111183
111184
111185
111186
111187
111188
111189
111190
111191
111192
111193
111194
111195
111196
111197
111201
111202
111212
111213
111214
111215
111216
111217
111218
111792
111793
111794
111795
111796
111797
111798
111799
111800
111801
111802
111803
111804
111805
111806
111807
111809
111810
111811
111812
111813
111819
111820
111821
111822
111823
111824
111825
111826
111827
111829
111830
111831
111833
111834
111835
111836
111837
112389
112390
112391
112392
112393
112394
112395
112396
112397
112398
112399
112400
112401
112402
112403
112404
112408
112409
112410
112411
112414
112415
112416
112417
112418
112419
112420
112421
112422
112423
112424
112425
112426
112427
112428
112429
112430
112431
112432
112433
112434
112983
112984
112985
112986
112987
112988
112989
112990
112991
112992
112993
112994
112996
112997
112998
112999
113001
113002
113003
113006
113007
113008
113009
113010
113011
113012
113013
113014
113015
113016
113017
113018
113019
113020
113021
113022
113023
113024
113577
113578
113579
113580
113581
113582
113583
113588
113589
113593
113594
113595
113596
113597
113598
113599
113600
113601
113602
113603
114140
114141
114142
114143
114144
114145
114146
114147
114154
114155
114156
114157
114158
114159
114160
114161
114162
114163
114164
114165
114166
114697
114698
114699
114700
114701
114702
114703
114704
114708
114709
114710
114711
114712
114713
114714
114715
114716
114717
114718
114719
114720
115257
115258
115259
115260
115262
115269
115270
115271
115272
115273
115274
115275
115276
115277
115278
115279
115280
115281
115282
115283
115284
115285
115286
115809
115819
115820
115821
115822
115823
115824
115825
115826
115827
115828
115829
115830
115831
115832
115833
115834
115835
115836
115837
115838
116369
116370
116371
116380
116381
116382
116383
116384
116385
116386
116387
116388
116389
116390
116391
116392
116393
116394
116395
116396
116397
116398
116920
116930
116931
116932
116933
116934
116935
116936
116937
116938
116939
116940
116941
116942
116943
116944
116945
117485
117498
117500
117501
117502
117503
117504
117505
117506
117507
117508
117509
117510
118028
118043
118044
118045
118046
118047
118048
118049
118050
118051
118052
118053
118572
118573
118574
118575
118589
118590
118591
118592
118593
118595
118596
118597
118598
118599
119104
119105
119106
119107
119124
119125
119126
119127
119128
119130
119131
119132
119647
119648
119649
119668
119675
119676
119677
120192
120193
120194
120195
120729
120730
120731
120733
120734
121260
121261
121262
121263
121264
121267
121268
121771
121774
121775
121776
121777
121778
121779
121780
122294
122295
122296
122297
122830
122831