272309
272311
272312
272313
272953
272954
272955
272956
272957
272958
272959
272962
272963
273617
273619
273620
273621
273622
273623
273625
273626
273627
273628
273629
274278
274279
274280
274281
274282
274283
274284
274285
274286
274287
274904
274905
274907
274908
274909
274910
274911
274912
274913
274914
275525
275526
275530
275531
275532
275533
275534
275535
276157
276161
276162
276163
276164
276165
276798
276799
277415
277416
277417
278031
278032
278033
278034
278642
278643
278644
278645
278646
279239
279243
279244
279245
279246
279247
279248
279249
279250
279251
279253
279254
279255
279256
279257
279258
279844
279845
279849
279850
279851
279852
279853
279854
279855
279856
279857
279858
279862
279863
279864
279865
279866
279867
280440
280441
280444
280445
280447
280448
280449
280450
280451
280452
280453
280454
280457
280458
280459
280460
280461
281032
281033
281034
281035
281036
281037
281038
281039
281040
281041
281042
281043
281044
281045
281046
281047
281048
281049
281050
281051
281052
281053
281054
281055
281629
281630
281631
281632
281633
281634
281635
281636
281637
281638
281639
281640
281641
281642
281643
281644
281645
281646
281647
281648
281649
281650
281651
282229
282230
282231
282232
282233
282234
282235
282236
282237
282238
282239
282240
282241
282242
282243
282244
282810
282811
282812
282813
282814
282815
282816
282817
282818
282819
282820
282821
282822
283421
283422
283423
283424
283425
283426
283427
283428
284023
284024
284025
284026
284027
284028
284029
284030
284634
284635
284636
284637
284638
284639
284640
284641
285239
285240
285241
285242
285243
285244
285245
285813
285814
285815
285816
285817
286344
286345
286346
286347
286866
286867
286868
286869
286870
286871
287391
287392
287393
287394
287395
287396
287397
287399
287400
287401
287402
287897
287898
287900
287901
287902
287903
287904
287905
287906
288422
288423
288424
288425
288426
288427
288430
288431
288432
288433
288434
288436
288437
288438
288439
288440
288441
288942
288943
288944
288945
288946
288947
288948
288949
288950
288951
288952
288953
288954
288955
288956
288957
288958
288959
288960
288961
288962
288963
289427
289428
289429
289430
289431
289432
289433
289434
289435
289436
289439
289440
289441
289442
289443
289444
289445
289446
289447
289448
289942
289943
289944
289945
289946
289947
289948
289949
289950
289951
289952
289953
289954
289955
289956
289957
289958
289959
289960
289961
289962
289963
289964
290437
290438
290439
290440
290441
290442
290443
290444
290445
290446
290447
290448
290449
290450
290451
290453
290454
290455
290456
290457
290924
290925
290926
290927
290928
290929
290930
290931
290932
290933
290934
290935
290936
290937
290938
290940
290941
290942
290943
290944
290945
290946
291379
291380
291381
291382
291383
291384
291385
291386
291387
291388
291389
291390
291391
291392
291393
291394
291395
291396
291397
291398
291399
291400
291854
291855
291856
291857
291858
291859
291860
291861
291862
291863
291864
291865
291866
291867
291868
291869
291870
291871
291872
291873
291874
291875
291876
292350
292351
292352
292353
292354
292355
292356
292357
292358
292359
292360
292361
292362
292363
292364
292365
292366
292367
292368
292841
292842
292843
292844
292845
292846
292847
292848
292849
292850
292851
292852
292853
292854
292855
292856
292857
292858
292859
292860
292861
292862
292863
292864
293346
293347
293348
293349
293350
293351
293352
293353
293354
293355
293356
293357
293358
293359
293360
293361
293362
293363
293364
293365
293366
293840
293841
293842
293845
293846
293847
293848
293849
293850
293851
293852
293853
293854
293855
293856
293857
293858
293859
293860
293861
294334
294340
294341
294342
294343
294344
294345
294346
294347
294348
294349
294350
294351
294352
294353
294354
294355
294356
294824
294825
294826
294827
294828
294829
294830
294831
294832
294833
294834
294835
294836
294837
294838
294839
295320
295321
295322
295323
295324
295325
295326
295327
295328
295329
295330
295331
295332
295333
295334
295335
295336
295812
295813
295814
295815
295816
295817
295818
295819
295820
295821
295822
295823
296279
296280
296281
296282
296283
296284
296285
296289
296290
296291
296292
296293
296294
296765
296766
296767
296768
296769
296773
296774
296775
296776
296777
296778
296779
296780
296781
296782
297260
297261
297262
297263
297268
297269
297270
297271
297272
297273
297274
297275
297276
297277
297278
297279
297280
297281
297282
297766
297767
297768
297769
297770
297771
297772
297773
297778
297779
297780
297781
297782
297783
297784
297785
297786
297787
297788
297789
297790
297791
297792
298294
298295
298296
298297
298298
298299
298301
298308
298309
298310
298311
298312
298313
298314
298315
298316
298317
298319
298320
298321
298322
298323
298324
298807
298808
298810
298822
298823
298824
298825
298826
298831
298832
298833
298834
298835
298836
299339
299340
299341
299342
299343
299346
299347
299348
299349
299350
299351
299352
299855
299856
299858
299859
299861
299863
299864
299865
299866
299867
300372
300373
300374
300375
300376
300377
300378
300379
300381
300382
300385
300387
300916
300917
300918
300919
300921
300922
300923
300924
300925
300926
300928
300929
300931
300932
300933
300934
301443
301444
301445
301446
301448
301449
301450
301451
301452
301453
301454
301456
301457
301458
301459
301460
301461
301462
301463
301981
301982
301983
301984
301985
301986
301987
301988
301989
301990
301991
301992
301993
301994
301995
301996
301997
302510
302511
302512
302513
302514
302515
302516
302517
302518
302519
302520
302521
302522
302523
302524
302525
302526
303053
303054
303055
303057
303058
303059
303060
303061
303062
303063
303064
303065
303066
303069
303070
303071
303072
303588
303589
303590
303591
303592
303593
303594
303595
303596
303597
303598
303599
303600
303601
303602
303603
303605
303606
303607
303608
304135
304136
304137
304138
304139
304140
304141
304142
304143
304144
304145
304146
304147
304148
304149
304151
304152
304682
304685
304686
304687
304688
304689
304690
304691
304692
304693
304695
304696
304697
304698
305230
305231
305232
305233
305234
305235
305236
305237
305239
305240
305241
305242
305243
305244
305245
305246
305247
305248
305780
305781
305782
305783
305784
305785
305786
305787
305788
305789
305790
305791
305792
305793
305794
305795
305796
305797
306338
306339
306340
306341
306343
306344
306345
306346
306352
306353
306354
306355
306356
306894
306895
306896
306897
306898
306899
306900
306905
306906
306907
306908
306909
306910
306911
306912
306913
307452
307453
307454
307455
307456
307457
307458
307459
307460
307461
307462
307463
307464
307465
307466
307467
307998
307999
308001
308003
308004
308005
308006
308007
308008
308009
308010
308011
308012
308013
308014
308015
308016
308017
308018
308548
308549
308550
308551
308552
308553
308556
308557
308558
308559
308560
308561
308562
308563
308564
308565
309099
309100
309101
309102
309103
309106
309107
309108
309109
309110
309111
309112
309113
309114
309115
309627
309628
309629
309630
309634
309635
310164
310165
310166
310174