244208
244209
244210
244219
244220
244804
244805
244806
244807
244817
244818
245414
245415
245416
245417
245426
245427
245428
245429
245998
245999
246000
246001
246002
246003
246004
246005
246012
246013
246014
246015
246016
246017
246018
246019
246579
246580
246581
246582
246583
246584
246585
246590
246591
246592
246593
246594
246595
246596
246597
246598
247167
247168
247169
247170
247171
247172
247176
247177
247178
247179
247180
247181
247182
247183
247732
247733
247734
247735
247736
247737
247738
247739
247741
247742
247743
247744
247745
247746
247747
247748
247749
247750
247751
247752
247753
247754
247755
248286
248287
248288
248289
248290
248291
248292
248293
248294
248295
248296
248297
248298
248299
248300
248301
248302
248303
248304
248305
248306
248307
248308
248309
248310
248311
248847
248848
248849
248850
248851
248852
248853
248854
248855
248856
248857
248858
248859
248860
248861
248862
248863
248864
248865
248866
248867
248868
248869
249397
249398
249399
249400
249401
249402
249403
249404
249405
249406
249407
249408
249409
249410
249411
249412
249413
249414
249415
249416
249417
249947
249948
249949
249950
249951
249952
249953
249954
249955
249956
249957
249958
249959
249960
249961
249962
249963
249964
250492
250493
250494
250495
250496
250497
250498
250499
250500
250501
250502
250503
250504
250505
250506
250507
250508
250509
251029
251030
251031
251032
251033
251034
251035
251037
251038
251039
251040
251041
251042
251043
251044
251045
251046
251047
251048
251569
251570
251571
251572
251573
251576
251577
251578
251579
251580
251581
251582
251583
251584
251586
251587
251588
251589
251590
251591
251592
251593
251594
251595
251596
251597
251598
252151
252152
252153
252154
252155
252156
252157
252158
252159
252160
252161
252164
252165
252166
252167
252168
252169
252170
252171
252172
252173
252744
252745
252746
252747
252748
252749
252750
252751
252752
252753
252754
252755
252756
252757
252758
252759
252760
252761
252762
252763
252764
253327
253328
253329
253330
253331
253332
253333
253334
253335
253336
253337
253338
253339
253340
253341
253342
253343
253344
253903
253904
253905
253906
253907
253908
253909
253910
253911
253912
253913
253914
253915
253916
253917
253918
253919
253920
253921
253922
253923
253924
253925
253926
253927
253928
253929
254485
254486
254487
254488
254489
254490
254491
254492
254493
254494
254495
254496
254497
254498
254499
254500
254501
254502
254503
254504
254505
254506
254507
254508
254509
254510
254511
254512
255107
255108
255109
255110
255111
255112
255113
255114
255115
255116
255117
255118
255119
255120
255121
255122
255123
255124
255125
255126
255127
255128
255129
255130
255131
255132
255133
255134
255713
255714
255715
255716
255717
255718
255719
255720
255721
255722
255723
255724
255725
255726
255727
255728
255729
255730
255731
255732
255733
255734
255735
255736
255737
255738
255739
255740
255741
255742
255743
255744
255745
255746
256325
256326
256327
256328
256329
256330
256331
256332
256333
256334
256335
256336
256337
256338
256339
256340
256341
256342
256343
256344
256345
256346
256347
256348
256349
256350
256351
256352
256353
256354
256355
256356
256357
256358
256932
256933
256934
256935
256936
256937
256938
256939
256940
256941
256942
256943
256944
256945
256946
256947
256948
256949
256950
256951
256952
256953
256954
256955
256956
256957
256958
256959
256960
256961
256962
256963
256964
256965
256966
256967
257547
257548
257549
257550
257551
257552
257553
257554
257555
257556
257557
257558
257559
257560
257561
257562
257563
257564
257565
257566
257567
257568
257569
257570
257571
257572
257573
257574
257575
257576
257577
257578
257579
257580
257581
258160
258161
258162
258163
258164
258165
258166
258167
258168
258169
258170
258172
258173
258174
258175
258176
258177
258178
258179
258180
258181
258182
258183
258184
258185
258189
258190
258191
258192
258781
258782
258783
258784
258785
258786
258787
258788
258789
258790
258791
258792
258793
258794
258795
258796
258797
258798
258799
258800
258801
258802
258803
258804
258806
258807
258808
258809
258810
259424
259425
259426
259427
259428
259429
259430
259431
259432
259433
259434
259435
259436
259437
259438
259439
259440
259441
259442
259443
259444
259445
259446
259447
259448
259449
259453
259454
259455
259456
259457
260078
260079
260080
260081
260082
260083
260084
260085
260087
260088
260089
260090
260091
260092
260093
260094
260095
260100
260101
260102
260103
260104
260723
260724
260725
260726
260727
260728
260729
260730
260731
260735
260736
260737
260738
260739
260740
260741
260742
260743
260747
260748
260749
260750
261347
261348
261349
261350
261351
261352
261353
261354
261355
261356
261357
261358
261361
261362
261363
261364
261365
261366
261367
261368
261370
261371
261372
261373
261374
261375
261376
261960
261961
261962
261963
261964
261965
261966
261967
261968
261969
261970
261971
261972
261973
261974
261975
261976
261977
261978
261980
261981
261982
261983
261984
261985
261986
261987
261988
262565
262566
262567
262568
262569
262570
262571
262572
262573
262574
262575
262576
262577
262578
262579
262580
262581
262582
262583
262584
262585
262586
262589
262590
262591
262592
262593
262594
262595
262596
263169
263170
263171
263172
263173
263174
263175
263176
263177
263178
263179
263180
263181
263182
263183
263184
263185
263186
263187
263188
263189
263190
263191
263192
263193
263196
263197
263198
263199
263770
263771
263772
263773
263774
263775
263776
263777
263778
263779
263780
263781
263782
263783
263784
263785
263786
263787
263788
263789
263790
263791
263792
263796
263797
263799
264380
264381
264384
264385
264386
264387
264388
264389
264390
264391
264392
264393
264394
264395
264396
264397
264398
264399
264400
264401
264402
264403
264404
264405
264406
265010
265011
265012
265013
265014
265015
265016
265017
265018
265019
265020
265021
265022
265023
265024
265025
265026
265027
265028
265029
265030
265032
265647
265648
265649
265650
265651
265652
265653
265654
265655
265656
265657
265658
265659
265660
265661
265662
265663
266278
266279
266280
266281
266282
266283
266284
266285
266286
266287
266288
266289
266290
266291
266292
266874
266875
266876
266877
266878
266879
266880
266881
266882
266883
266884
266885
266886
266887
266888
267490
267491
267492
267493
267494
267495
267496
267497
267498
267499
267500
267501
267502
267503
268119
268120
268121
268122
268123
268124
268125
268126
268127
268128
268129
268130
268131
268132
268133
268134
268740
268741
268742
268743
268744
268745
268746
268747
268748
268749
268750
268751
268752
268753
268754
269373
269374
269375
269376
269377
269378
269379
269380
269381
269382
269383
270014
270015
270017
270018
270019
270020
270021
270652
270653
270654
270656
270657
270658
270659
270660
271309
271310
271311
271312
271314
271315
271316
271317
271956
271957
271958
271960
271962
271963
271964
271965
271966
271967
271968
271969
272605
272607
272609
272610
272611
272612
272613
272614
272615
273251
273252
273253
273254
273255
273256
273257
273912
273913
273914
273915