229838
229839
229840
230383
230384
230385
230914
230915
230916
231467
231468
231469
231470
232025
232026
232027
232028
232588
232589
232590
232591
233189
233190
233191
233192
233193
233194
233195
233764
233765
233769
233770
233771
233772
233773
233774
233775
233776
234310
234311
234312
234313
234314
234315
234316
234317
234320
234321
234322
234323
234324
234325
234326
234327
234328
234329
234330
234331
234860
234861
234862
234863
234864
234865
234866
234867
234868
234869
234870
234871
234872
234873
234874
234875
234876
234877
234878
234879
234880
234881
234882
234883
234884
234885
234886
234887
234888
235415
235416
235417
235418
235419
235420
235421
235422
235423
235424
235425
235426
235427
235428
235429
235430
235431
235432
235433
235434
235435
235436
235437
235438
235439
235440
235441
235442
235443
235986
235987
235988
235989
235990
235991
235992
235993
235994
235995
235996
235997
235998
235999
236000
236001
236002
236003
236004
236005
236006
236007
236008
236009
236010
236011
236012
236013
236014
236015
236016
236017
236018
236019
236589
236590
236591
236592
236593
236594
236595
236596
236597
236598
236599
236600
236601
236602
236603
236604
236605
236606
236607
236608
236609
236610
236611
236612
236613
236614
236615
236616
236619
236620
236621
237210
237211
237212
237213
237214
237215
237216
237217
237218
237219
237220
237221
237222
237223
237224
237225
237226
237227
237228
237229
237230
237231
237232
237233
237234
237235
237236
237237
237238
237239
237240
237241
237243
237244
237245
237246
237247
237831
237832
237833
237834
237835
237836
237837
237838
237839
237840
237841
237842
237843
237844
237845
237846
237847
237848
237849
237850
237851
237852
237853
237854
237855
237856
237857
237858
237859
237860
237861
237862
237863
237864
237865
237866
237867
237868
238435
238436
238437
238438
238439
238440
238441
238442
238443
238444
238445
238446
238447
238448
238449
238450
238451
238452
238453
238454
238455
238456
238457
238458
238459
238460
238461
238462
238463
238464
238465
238466
238467
238468
238469
238470
238471
239041
239042
239043
239044
239045
239046
239047
239048
239049
239050
239051
239052
239053
239054
239055
239056
239057
239058
239059
239060
239061
239062
239063
239064
239065
239066
239067
239068
239069
239070
239071
239072
239073
239074
239075
239076
239077
239078
239079
239080
239081
239082
239083
239674
239675
239676
239677
239678
239679
239680
239681
239682
239683
239684
239685
239686
239689
239690
239691
239692
239693
239694
239695
239696
239697
239698
239699
239700
239701
239702
239703
239704
239705
239706
239707
239708
239709
239710
239711
239712
239713
239714
239715
239716
240302
240303
240304
240305
240306
240307
240308
240309
240310
240311
240312
240313
240314
240315
240316
240317
240318
240319
240320
240321
240322
240323
240324
240325
240326
240327
240328
240329
240330
240331
240332
240333
240334
240335
240336
240337
240338
240339
240340
240341
240342
240343
240344
240889
240890
240891
240892
240893
240894
240895
240896
240897
240898
240899
240900
240901
240902
240903
240904
240905
240906
240907
240908
240909
240910
240911
240912
240913
240914
240915
240916
240917
240918
240919
240920
240921
240922
240923
241454
241455
241456
241457
241458
241459
241460
241461
241462
241463
241464
241465
241466
241467
241468
241469
241470
241471
241472
241473
241474
241475
241476
241477
241478
241479
241480
241481
241482
241483
241484
242038
242039
242040
242041
242042
242043
242044
242045
242046
242047
242048
242049
242050
242051
242052
242053
242054
242055
242056
242057
242058
242059
242060
242061
242062
242063
242064
242065
242066
242067
242625
242626
242627
242628
242629
242630
242631
242632
242633
242634
242635
242636
242637
242638
242639
242640
242641
242642
242643
242644
242645
242646
242647
242648
242649
242650
242651
242652
242654
242655
242658
243218
243219
243220
243221
243222
243223
243224
243225
243229
243230
243231
243232
243233
243234
243235
243236
243237
243238
243239
243240
243241
243242
243243
243244
243245
243821
243822
243823
243824
243825
243829
243830
243831
243832
243833
243834
243835
243836
243837
243838
243839
243840
243841
243842
243843
243844
243845
244413
244414
244416
244417
244418
244419
244420
244421
244422
244423
244424
244425
244426
244427
244428
244429
244430
244431
244432
244433
245019
245020
245021
245022
245023
245024
245025
245027
245028
245029
245030
245031
245032
245033
245034
245035
245036
245633
245634
245635
245636
245637
245638
245639
245640
245641
245642
245643
245644
245645
245646
245647
245648
245649
245650
246210
246211
246212
246213
246214
246215
246216
246217
246218
246219
246220
246221
246222
246223
246224
246225
246226
246227
246228
246229
246230
246231
246801
246802
246803
246804
246805
246806
246807
246808
246809
246810
246811
246812
246813
246814
246815
246816
246817
246818
246819
246820
247387
247388
247389
247390
247391
247392
247393
247394
247395
247396
247397
247398
247399
247400
247401
247402
247405
247406
247954
247955
247956
247957
247958
247959
247961
247962
247963
247964
248510
248511
248512
248513
248514
248515
248516
248517
248518
248519
249062
249063
249064
249065
249066
249067
249069
249070
249071
249621
249622
249623
249624
249625
249626
249627
249628
249629
249630
249631
249632
250164
250165
250166
250167
250168
250169
250172
250173
250174
250175
250176
250177
250706
250707
250708
250709
250714
250715
250716
250717
250718
250719
251264
251265
251266
251267
251268
251269
251270
251815
251816
251817
251818
251819
251820
251821
251822
251823
252403
252404
252405
252406
252407
252408
252409
252410
252411
252989
252990
252991
252992
252993
252994
252995
252996
252997
253575
253576
253577
253578
253579
253580
253581
253582
254149
254150
254151
254152
254153
254154
254155
254156
254157
254158
254753
254754
254755
254756
254757
254758
254759
254760
254761
254762
254763
254764
255365
255366
255367
255368
255369
255370
255371
255372
255373
255374
255375
255376
255377
255378
255379
255972
255973
255974
255975
255976
255977
255978
255979
255980
255981
255982
255983
255984
255986
255988
256591
256592
256593
256594
256595
256596
256597
256598
256599
256600
256601
256602
256603
256604
256605
256606
256607
256608
257204
257205
257206
257207
257208
257209
257210
257211
257212
257213
257214
257215
257216
257217
257218
257219
257220
257221
257222
257821
257822
257823
257824
257825
257826
257827
257828
257829
257830
257831
257832
257833
257834
257835
257836
258425
258426
258427
258428
258429
258430
258431
258432
258433
258434
258435
258436
258437
258438
258439
258440
258441
259053
259054
259055
259056
259057
259058
259059
259060
259061
259062
259063
259064
259065
259066
259067
259068
259070
259071
259698
259699
259700
259701
259703
259704
259705
259706
259707
259708
259709
259710
259711
259712
259713
259714
259716
259717
260341
260342
260343
260344
260345
260346
260347
260348
260350
260351
260352
260353
260354
260979
260980
260981
260982
260983
261597
261598
261599
262208
262209
262210
262816
262817
262818
263419