33
34
35
36
37
38
39
40
41
42
43
44
45
46
47
48
49
50
51
52
53
54
55
56
57
58
59
60
61
62
63
64
65
66
496
497
498
499
500
501
502
503
504
505
506
507
508
509
510
511
512
513
514
515
516
517
518
519
522
523
524
525
526
527
528
529
954
955
956
957
958
959
960
961
962
963
964
965
966
967
968
969
970
971
972
973
974
975
976
980
981
982
983
984
1383
1384
1385
1387
1388
1389
1390
1391
1392
1393
1394
1395
1396
1397
1398
1399
1400
1406
1407
1408
1409
1410
1799
1800
1801
1802
1803
1804
1805
1806
1807
1808
1809
1810
1811
1812
1813
1814
1815
1816
1818
1819
1820
1821
1822
1823
1824
2209
2210
2211
2212
2213
2214
2215
2216
2217
2218
2219
2220
2221
2222
2223
2224
2225
2226
2227
2228
2229
2230
2231
2232
2233
2234
2235
2236
2614
2615
2616
2617
2618
2619
2620
2621
2622
2623
2624
2625
2626
2627
2628
2629
2630
2631
2632
2633
2634
2635
3032
3033
3034
3035
3036
3037
3038
3039
3040
3041
3042
3043
3044
3045
3046
3047
3048
3049
3050
3051
3410
3411
3412
3413
3414
3415
3416
3417
3418
3419
3420
3421
3422
3423
3424
3425
3426
3427
3428
3429
3430
3431
3432
3433
3434
3783
3784
3785
3786
3787
3788
3789
3790
3791
3792
3793
3794
3795
3796
3797
3798
3799
3800
3801
3802
3803
3804
4159
4160
4161
4162
4163
4164
4165
4166
4167
4168
4169
4170
4171
4172
4173
4174
4175
4176
4177
4566
4567
4568
4571
4572
4573
4574
4575
4576
4577
4578
4579
4580
4581
4582
4583
4584
4978
4979
4980
4981
4988
4989
4990
4991
4992
4993
4994
5407
5408
5409
5410
5417
5418
5419
5420
5422
5848
5849
5850
5856
6303
491532
491533
491534
491535
491536
491942
491943
491944
491945
491946
492354
492355
492356
492357
492358
492359
492360
492780
492781
492782
492783
492784
492785
492786
492787
492788
492789
492790
493216
493217
493218
493219
493220
493221
493222
493223
493224
493225
493226
493227
493228
493637
493638
493639
493640
493641
493642
493643
493644
493645
493646
493647
493648
493649
493650
493651
493652
493653
493654
493655
493656
494063
494064
494065
494066
494067
494068
494069
494070
494071
494072
494073
494074
494075
494076
494077
494078
494079
494080
494081
494082
494083
494084
494085
494086
494509
494510
494511
494512
494513
494514
494515
494516
494517
494518
494519
494520
494521
494522
494523
494524
494525
494526
494527
494528
494529
494530
494531
494532
494533
494534
494535
494536
494537
494538
494965
494966
494967
494968
494969
494970
494971
494972
494973
494974
494975
494976
494977
494978
494979
494980
494981
494982
494983
494984
494985
494986
494987
494988
494989
494990
494991
494992
495412
495413
495414
495415
495416
495417
495418
495419
495420
495421
495422
495423
495424
495425
495426
495427
495428
495429
495430
495431
495432
495433
495434
495435
495436
495437
495438
495439
495440
495441
495873
495874
495875
495876
495877
495878
495879
495880
495881
495882
495883
495884
495885
495886
495887
495888
495889
495890
495891
495892
495893
495894
495895
495896
495897
495898
495899
495900
495901
496314
496315
496316
496317
496318
496319
496320
496321
496322
496323
496324
496325
496326
496327
496328
496329
496330
496331
496332
496333
496334
496335
496336
496337
496338
496339
496340
496341
496342
496771
496772
496773
496774
496775
496776
496777
496778
496779
496780
496781
496782
496783
496784
496785
496786
496787
496788
496789
496790
496791
496792
496793
496794
496795
496796
496797
496798
496799
497255
497256
497257
497258
497259
497260
497261
497262
497263
497264
497265
497266
497267
497268
497269
497270
497271
497272
497273
497274
497275
497276
497277
497278
497279
497280
497281
497282
497283
497284
497285
497736
497737
497738
497739
497740
497741
497742
497743
497744
497745
497746
497747
497748
497749
497750
497751
497752
497753
497754
497755
497756
497757
497758
497759
497760
497761
497762
497763
497764
497765
497766
498221
498222
498223
498224
498225
498226
498227
498228
498229
498230
498231
498232
498233
498234
498235
498236
498237
498238
498239
498240
498241
498242
498243
498244
498245
498246
498247
498248
498249
498250
498251
498252
498253
498254
498725
498726
498727
498728
498729
498730
498731
498732
498733
498734
498735
498736
498737
498738
498739
498740
498741
498742
498743
498744
498745
498746
498747
498748
498749
498750
498751
498752
498753
498754
498755
498756
499241
499242
499243
499244
499245
499246
499247
499248
499249
499250
499251
499252
499253
499254
499255
499256
499257
499258
499259
499260
499261
499262
499263
499264
499265
499266
499267
499268
499269
499270
499271
499272
499273
499756
499757
499758
499759
499760
499761
499762
499763
499764
499765
499766
499767
499768
499769
499770
499771
499772
499773
499774
499775
499776
499777
499778
499779
499780
499781
499782
499783
499784
499785
499786
499787
499788
499789
499790
499791
500292
500293
500294
500295
500296
500297
500298
500299
500300
500301
500302
500303
500304
500305
500306
500307
500308
500309
500310
500311
500312
500313
500314
500315
500316
500317
500318
500319
500320
500321
500322
500323
500827
500828
500829
500830
500831
500832
500833
500834
500835
500836
500837
500838
500839
500840
500841
500842
500843
500844
500845
500846
500847
500848
500849
500850
500851
500852
500853
500854
500855
501343
501344
501345
501346
501347
501348
501349
501350
501351
501352
501353
501354
501355
501356
501357
501358
501359
501360
501361
501362
501363
501364
501365
501366
501367
501368
501369
501854
501859
501860
501861
501862
501863
501864
501865
501866
501867
501868
501869
501870
501871
501872
501873
501874
501875
501876
501877
501878
501879
501880
501881
501882
501883
501884
501885
502316
502317
502318
502319
502320
502321
502322
502323
502324
502325
502326
502327
502328
502329
502330
502331
502332
502333
502334
502335
502336
502337
502338
502339
502340
502341
502342
502343
502344
502345
502346
502347
502348
502349
502350
502771
502772
502773
502774
502775
502776
502777
502778
502779
502780
502782
502783
502784
502785
502786
502787
502788
502789
502790
502791
502792
502793
502794
502795
502796
502797
502798
502799
502800
502801
502802
502803
502804
502805
502806
502807
503239
503240
503241
503242
503243
503244
503245
503246
503247
503248
503249
503250
503251
503252
503253
503254
503255
503256
503257
503258
503259
503260
503261
503262
503263
503264
503265
503266
503267
503268
503269
503270
503271
503272
503273
503274
503275