333280
333281
333282
333283
333284
333285
333286
333759
333760
333761
333762
333763
333764
333765
334207
334208
334209
334210
334211
334212
334213
334214
334665
334666
334667
334668
334669
334670
334671
334672
334673
334674
334675
334676
334677
335121
335122
335123
335124
335125
335126
335127
335128
335129
335130
335131
335132
335133
335134
335575
335576
335577
335578
335579
335580
335581
335582
335583
335584
335585
335586
335587
335588
335589
336032
336033
336034
336035
336036
336037
336038
336039
336040
336041
336042
336043
336044
336045
336046
336047
336048
336049
336050
336051
336498
336499
336500
336501
336502
336503
336504
336505
336506
336507
336508
336509
336510
336511
336512
336513
336514
336515
336516
336517
336518
336519
336520
336521
336522
336523
336524
336982
336986
336987
336988
336989
336990
336991
336992
336993
336994
336995
336996
336997
336998
336999
337000
337001
337002
337003
337004
337005
337006
337007
337008
337009
337010
337011
337504
337508
337509
337510
337511
337512
337513
337514
337515
337516
337517
337518
337519
337520
337521
337522
337523
337524
337525
337526
337527
337528
338037
338038
338039
338043
338044
338045
338046
338047
338048
338049
338050
338051
338052
338053
338054
338055
338056
338057
338058
338059
338060
338061
338062
338580
338581
338582
338583
338585
338586
338587
338588
338589
338590
338591
338592
338593
338594
338595
338596
338597
338598
338599
338600
338601
338602
338603
338604
338605
338606
338607
338608
338609
339110
339111
339112
339114
339115
339117
339118
339119
339120
339121
339122
339123
339124
339125
339126
339127
339128
339129
339130
339131
339132
339133
339134
339135
339136
339137
339138
339139
339140
339630
339631
339632
339633
339634
339635
339636
339637
339638
339639
339641
339642
339643
339644
339645
339646
339647
339648
339649
339650
339651
339652
339653
339654
339655
339656
339657
339658
339659
339660
339661
339662
339663
339664
339665
339666
340152
340153
340154
340155
340156
340157
340158
340159
340160
340161
340162
340163
340164
340168
340169
340170
340171
340172
340173
340174
340175
340176
340177
340178
340179
340180
340181
340182
340183
340184
340185
340186
340187
340188
340189
340190
340688
340689
340692
340693
340694
340695
340696
340697
340698
340699
340700
340701
340702
340703
340704
340705
340709
340710
340711
340712
340713
340714
340715
340716
340717
340718
340719
340720
340721
340722
340723
340724
340725
340726
340727
340728
340729
340730
340731
340732
341244
341245
341246
341247
341248
341249
341250
341251
341252
341253
341259
341260
341261
341262
341263
341264
341265
341266
341267
341268
341269
341270
341271
341272
341273
341274
341275
341276
341277
341278
341279
341280
341281
341282
341283
341284
341755
341756
341757
341758
341759
341760
341761
341762
341763
341769
341770
341771
341772
341773
341774
341775
341776
341777
341778
341779
341780
341781
341782
341783
341784
341785
341786
341787
341788
341789
341790
341791
341792
341793
342282
342283
342284
342285
342286
342287
342288
342290
342297
342298
342299
342302
342303
342304
342305
342306
342307
342308
342309
342310
342311
342312
342313
342314
342315
342316
342317
342318
342319
342320
342321
342322
342819
342820
342822
342823
342824
342827
342828
342829
342830
342831
342840
342841
342846
342847
342848
342849
342850
342851
342852
342853
342854
342855
342856
342857
342859
342860
343382
343383
343384
343385
343386
343387
343388
343396
343397
343398
343399
343400
343401
343402
343403
343404
343405
343409
343410
343411
343412
343413
343414
343415
343416
343417
343418
343419
343420
343421
343422
343946
343947
343951
343952
343953
343963
343965
343966
343967
343968
343969
343974
343975
343976
343977
343978
343979
343980
343981
343982
343983
343984
343985
343986
344502
344503
344504
344505
344506
344507
344508
344510
344519
344520
344521
344522
344523
344524
344525
344526
344531
344532
344533
344534
344535
344536
344537
344538
344539
344540
344541
344542
344543
345038
345039
345040
345041
345042
345043
345044
345045
345046
345048
345049
345050
345051
345052
345053
345054
345055
345056
345057
345058
345064
345065
345066
345067
345068
345069
345070
345071
345072
345073
345074
345075
345076
345077
345597
345598
345599
345600
345601
345602
345603
345604
345605
345606
345607
345608
345609
345610
345611
345612
345613
345614
345615
345616
345617
345618
345619
345620
345621
345622
345623
345624
345625
345630
345631
345632
345633
345634
345635
345636
345637
345638
345639
346146
346147
346148
346149
346150
346151
346152
346153
346155
346156
346157
346160
346161
346163
346164
346165
346167
346168
346172
346173
346174
346175
346176
346178
346179
346682
346683
346684
346685
346686
346687
346688
346689
346690
346691
346692
346693
346694
346695
346699
346700
346701
346702
346703
346704
346706
346707
346714
346715
346716
346717
346718
346719
346720
346721
346722
347238
347239
347240
347241
347242
347243
347244
347245
347246
347247
347248
347249
347254
347255
347256
347257
347260
347261
347262
347265
347266
347267
347268
347269
347270
347271
347272
347273
347274
347275
347276
347277
347278
347804
347805
347806
347807
347808
347809
347810
347811
347812
347813
347814
347815
347816
347817
347820
347822
347823
347824
347825
347826
347827
347828
347829
347830
347831
347832
347833
347842
347843
347844
347845
347846
347847
348387
348388
348389
348390
348391
348392
348393
348394
348395
348396
348397
348398
348400
348407
348408
348409
348410
348411
348413
348417
348418
348419
348420
348421
348422
348423
348987
348992
348993
348994
348995
348996
348997
348998
349003
349004
349005
349006
349010
349016
349017
349018
349019
349020
349021
349022
349023
349606
349607
349608
349609
349610
349611
349612
349616
349617
349618
349619
349620
349631
349632
349633
349634
349635
349636
349637
349638
349639
349640
349643
349644
350206
350207
350208
350209
350210
350211
350212
350213
350215
350216
350217
350218
350219
350228
350229
350231
350232
350233
350234
350235
350236
350237
350238
350239
350240
350241
350787
350788
350789
350790
350791
350792
350793
350794
350795
350796
350797
350798
350799
350800
350801
350813
350814
350815
350816
350817
350818
350819
350820
350821
350822
350823
350824
351356
351357
351358
351359
351360
351361
351362
351363
351364
351365
351366
351367
351368
351369
351370
351385
351386
351387
351388
351389
351390
351391
351392
351393
351394
351916
351917
351918
351919
351920
351921
351922
351923
351924
351926
351927
351928
351945
351946
351947
351948
351949
351950
351951
352470
352474
352475
352476
352477
352478
352479
352480
352482
352483
352504
352505
352506
352508
353033
353034
353035
353036
353037
353038
353039
353040
353041
353042
353043
353618
353619
353620
353621
353622
353623
353624
353625
353626
353627
353628
353629
353630
354192
354193
354194
354195
354196
354197
354198
354199
354200
354201
354202
354203
354790
354791
354792
354793
354794
354795
355396
355397
355398
355400
355985
355986
356574
356575
356576
357130
357131
357132
357133
357682
357683
357684