112237
112837
112838
113430
114001
114002
114003
114545
114546
114552
114553
114554
115104
115105
115109
115110
115111
115112
115657
115658
115659
115660
115661
115662
115663
115664
115665
115667
115668
116211
116212
116213
116214
116215
116216
116217
116218
116219
116220
116221
116222
116224
116766
116767
116768
116769
116770
116771
116772
116773
116774
116775
116776
116777
116778
116779
117321
117322
117323
117324
117325
117326
117327
117328
117329
117330
117331
117332
117333
117864
117865
117866
117867
117868
117869
117870
117871
117872
117873
117875
118403
118404
118405
118406
118407
118408
118409
118410
118411
118412
118415
118933
118934
118935
118936
118937
118938
118939
118940
118941
118942
118943
119481
119482
119483
119484
119485
119486
119487
119488
119489
119490
119491
119492
120037
120038
120039
120040
120041
120042
120043
120044
120045
120046
120047
120048
120049
120593
120594
120595
120596
120597
120598
120599
120600
120601
120602
121132
121133
121134
121135
121136
121137
121138
121139
121140
121141
121654
121655
121656
121657
121658
121659
122173
122174
122175
122176
122177
122178
122699
122700
122701
122702
122703
122704
123237
123238
123239
123240
123241
123794
123795
123796
123802
123803
123804
123805
123806
123807
123808
123809
123810
123811
123812
124351
124352
124353
124354
124357
124358
124365
124366
124367
124368
124369
124370
124371
124372
124373
124374
124375
124376
124907
124908
124909
124914
124921
124922
124923
124924
124925
124926
124927
124928
124929
124930
124931
124932
125459
125460
125465
125472
125473
125474
125475
125476
125477
125478
125479
125480
125481
125482
126015
126016
126017
126018
126019
126020
126021
126022
126023
126024
126027
126028
126029
126030
126031
126032
126033
126034
126035
126569
126570
126571
126572
126573
126574
126575
126576
126577
126578
126579
126580
126581
126582
126583
126584
126585
126586
126587
126588
126589
126590
126591
126592
126593
126594
126595
126596
126597
127114
127115
127117
127118
127119
127120
127121
127122
127123
127124
127125
127126
127127
127128
127129
127130
127131
127132
127133
127134
127135
127136
127137
127138
127139
127140
127141
127142
127143
127144
127145
127146
127147
127148
127652
127657
127658
127659
127660
127662
127663
127664
127665
127666
127667
127668
127669
127670
127671
127672
127673
127674
127675
127676
127677
127678
127679
127680
127681
127682
128181
128182
128183
128184
128185
128186
128187
128188
128189
128190
128191
128192
128193
128194
128195
128196
128197
128198
128199
128200
128201
128202
128203
128204
128205
128206
128207
128208
128683
128685
128686
128687
128688
128689
128690
128691
128692
128693
128694
128695
128696
128697
128698
128699
128700
128701
128702
128703
128704
128705
128706
128707
128708
128709
129184
129185
129186
129187
129188
129189
129190
129191
129192
129193
129194
129195
129196
129197
129198
129199
129200
129201
129202
129203
129204
129205
129206
129207
129208
129209
129210
129211
129697
129698
129699
129700
129701
129702
129703
129704
129705
129706
129707
129708
129709
129710
129711
129712
129713
129714
129715
129716
129717
129718
129719
129720
129721
130205
130206
130207
130208
130209
130210
130211
130212
130213
130214
130215
130216
130217
130218
130219
130220
130221
130222
130223
130224
130225
130226
130227
130228
130229
130230
130231
130232
130234
130235
130236
130237
130238
130239
130729
130730
130731
130732
130733
130734
130735
130736
130737
130738
130739
130740
130741
130742
130743
130744
130745
130746
130747
130748
130749
130750
130751
130752
130753
130754
130755
130756
130757
130758
130759
130760
130761
130762
130763
131236
131237
131238
131239
131240
131241
131242
131243
131244
131245
131246
131247
131248
131249
131250
131251
131252
131253
131254
131255
131256
131257
131258
131259
131260
131261
131262
131263
131264
131265
131266
131267
131268
131269
131270
131271
131272
131273
131765
131766
131767
131768
131769
131770
131771
131772
131773
131774
131775
131776
131777
131778
131779
131780
131781
131782
131783
131784
131785
131786
131787
131788
131789
131790
131791
131792
131793
132289
132290
132291
132292
132293
132294
132295
132296
132297
132298
132299
132300
132301
132302
132303
132304
132305
132306
132307
132308
132309
132310
132311
132312
132313
132808
132809
132810
132811
132812
132813
132814
132815
132816
132817
132818
132819
132820
132821
132822
132823
132824
132825
132826
132827
132828
132829
132830
133355
133356
133357
133358
133359
133360
133361
133362
133363
133364
133365
133366
133367
133368
133369
133370
133371
133372
133373
133374
133375
133376
133377
133378
133379
133380
133381
133926
133927
133928
133929
133930
133931
133932
133933
133934
133935
133936
133937
133938
133939
133940
133941
133942
133943
133944
133945
133946
133947
133948
133949
133950
133951
133952
133953
133954
133955
133956
133957
133958
134530
134532
134533
134534
134535
134536
134537
134538
134539
134540
134541
134542
134543
134544
134545
134546
134547
134548
134549
134550
134551
134552
134553
134554
134555
134556
135115
135116
135117
135118
135119
135120
135121
135122
135123
135124
135125
135126
135127
135128
135129
135130
135131
135132
135133
135134
135135
135136
135137
135138
135139
135140
135141
135142
135143
135719
135720
135721
135722
135723
135724
135725
135726
135727
135728
135729
135730
135731
135732
135733
135734
135735
135736
135737
135738
135739
135740
135741
135742
135743
136325
136326
136327
136328
136329
136330
136331
136332
136333
136334
136335
136336
136337
136338
136339
136340
136341
136342
136343
136344
136345
136346
136350
136351
136927
136928
136929
136930
136931
136932
136933
136934
136935
136936
136937
136938
136939
136940
136941
136942
136943
136944
136945
136946
136947
136948
136949
136950
137521
137522
137523
137524
137525
137526
137527
137528
137529
137530
137531
137532
137533
137534
137535
137536
137537
137538
137539
137540
137541
137542
137543
137544
137545
137546
137547
137548
137549
138093
138094
138095
138096
138097
138098
138099
138100
138101
138102
138103
138104
138105
138106
138107
138108
138109
138110
138111
138112
138113
138114
138115
138116
138117
138118
138119
138120
138121
138122
138123
138124
138686
138688
138689
138690
138691
138692
138693
138694
138695
138696
138697
138698
138699
138700
138701
138702
138703
138704
138705
138706
138707
138708
138709
138710
138711
138712
138713
139280
139281
139282
139283
139284
139285
139286
139287
139288
139289
139290
139291
139292
139293
139294
139295
139296
139297
139298
139299
139887
139888
139889
139890
139891
139892
139893
139894
139895
139896
139897
139898
139899
139900
139901
140495
140496
140497
140498
140499
140500
140501
141097
141098
141099
141100
141101
141102
141103
141104
141676
141677
141678
141679
141680
142240
142241
142242
142243
142807
142808
142809
142810
142811
142812
143369
143370
143371
143372
143373
143374
143918
143919
143920
143921
143922
143923
144444
144445
144446
144447
144448
144993
144994
144995
144996
145551
145552
145553
146118
146119
146120
146121