275223
275859
275860
275864
276507
276508
276509
276510
276511
276512
276513
276514
277121
277122
277123
277124
277125
277126
277127
277128
277744
277745
277746
277747
277748
277750
277751
277752
278357
278358
278360
278361
278363
278364
278365
278366
278367
278368
278959
278960
278961
278962
278963
278964
278965
278966
278967
278968
278969
279577
279578
279579
279580
279581
279582
279583
279584
279585
279586
279589
280184
280185
280186
280187
280188
280189
280190
280191
280776
280777
280778
280779
280780
280786
280787
280788
281368
281369
281370
281371
281372
281373
281374
281379
281380
281381
281965
281966
281967
281968
281969
281970
281971
281973
281974
281975
281976
281991
281992
281993
282550
282551
282552
282553
282554
282555
282556
282557
282558
282559
282560
282561
282562
282563
282564
282565
282577
282578
282579
283141
283143
283144
283145
283146
283147
283148
283149
283150
283151
283152
283153
283154
283155
283156
283158
283159
283160
283172
283174
283175
283750
283751
283752
283753
283754
283755
283756
283757
283758
283759
283760
283761
283762
283763
283764
283765
283766
283767
283768
283778
283781
283783
283784
284364
284365
284366
284367
284368
284369
284370
284371
284372
284373
284374
284375
284376
284377
284378
284379
284380
284381
284382
284383
284384
284385
284386
284387
284388
284389
284390
284391
284392
284395
284396
284397
284398
284399
284400
284401
284402
284403
284976
284977
284978
284979
284980
284981
284982
284983
284984
284985
284986
284987
284988
284989
284990
284991
284992
284993
284994
284995
284996
284997
284999
285000
285001
285002
285003
285004
285005
285006
285007
285008
285009
285010
285011
285012
285013
285014
285556
285557
285558
285559
285560
285561
285562
285563
285564
285565
285566
285567
285568
285569
285570
285571
285572
285573
285574
285575
285576
285577
285578
285580
285581
285582
285587
285588
285589
285590
285591
285592
286100
286102
286106
286107
286108
286109
286110
286111
286112
286113
286114
286115
286116
286117
286118
286119
286120
286121
286122
286123
286124
286126
286127
286134
286135
286136
286137
286614
286615
286616
286617
286620
286621
286622
286623
286624
286625
286626
286627
286628
286629
286630
286631
286632
286633
286634
286635
286636
286637
286638
286639
286640
286641
286655
286656
287125
287126
287127
287128
287129
287130
287132
287133
287134
287135
287136
287137
287138
287139
287140
287141
287142
287143
287144
287145
287146
287147
287148
287149
287151
287152
287153
287154
287641
287642
287643
287644
287645
287646
287647
287648
287650
287651
287652
287653
287654
287655
287656
287657
287658
287659
287660
287661
287662
287663
287664
287665
287669
287670
287671
287672
288164
288165
288166
288167
288168
288169
288170
288171
288172
288173
288174
288175
288176
288177
288178
288179
288180
288181
288182
288183
288184
288185
288186
288187
288189
288190
288695
288696
288697
288698
288699
288700
288701
288704
288705
288706
288707
288708
288709
288710
288711
288712
288713
288714
288715
288716
288717
288718
289191
289192
289193
289194
289195
289196
289197
289198
289199
289200
289201
289202
289203
289204
289205
289206
289207
289208
289209
289210
289211
289212
289213
289661
289662
289663
289664
289665
289666
289667
289668
289669
289670
289672
289674
289675
289676
289677
289678
289679
289680
289681
289682
289683
289684
289685
289686
290151
290152
290153
290171
290172
290173
290174
290175
290176
290177
290178
290179
290180
290181
290182
290183
290184
290185
290186
290187
290188
290189
290190
290191
290192
290193
290194
290195
290196
290197
290198
290644
290645
290646
290647
290648
290649
290664
290665
290666
290667
290668
290669
290670
290671
290672
290673
290674
290675
290676
290677
290678
290679
290680
290681
290682
290683
290684
290685
290686
290687
290688
290689
291118
291119
291120
291121
291124
291125
291136
291137
291138
291139
291140
291141
291142
291143
291144
291145
291146
291150
291151
291152
291153
291154
291155
291156
291157
291158
291588
291589
291590
291591
291592
291593
291594
291595
291596
291597
291598
291599
291601
291602
291603
291604
291605
291606
291607
291608
291609
291610
291611
291612
291613
291614
291615
291616
291620
291621
291622
291625
291626
291627
291628
291629
292063
292064
292065
292066
292067
292068
292069
292070
292071
292072
292073
292075
292076
292077
292078
292079
292080
292081
292082
292083
292084
292085
292086
292087
292088
292089
292090
292091
292092
292093
292094
292095
292096
292097
292098
292099
292100
292101
292103
292104
292105
292112
292113
292114
292563
292564
292565
292566
292567
292568
292569
292570
292571
292572
292573
292574
292575
292576
292577
292579
292580
292581
292582
292583
292584
292585
292586
292587
292588
292589
292590
292591
292592
292593
292594
292595
292596
292597
292598
292599
292600
292601
292603
292604
292605
292611
292612
293065
293066
293067
293068
293069
293070
293071
293074
293078
293079
293080
293081
293082
293083
293084
293085
293086
293087
293088
293089
293090
293091
293092
293093
293094
293095
293096
293097
293098
293100
293101
293102
293103
293104
293565
293567
293569
293570
293571
293572
293573
293574
293575
293576
293580
293581
293582
293583
293584
293585
293586
293587
293588
293589
293590
293591
293592
293593
293594
293595
293596
293597
293598
293605
294067
294068
294069
294070
294072
294073
294074
294075
294076
294077
294078
294084
294085
294088
294089
294090
294091
294092
294093
294094
294095
294096
294097
294098
294099
294100
294101
294552
294553
294554
294555
294556
294557
294558
294559
294560
294561
294562
294563
294564
294565
294579
294580
294581
294582
294583
294584
294585
294586
295036
295037
295038
295039
295040
295041
295043
295061
295062
295063
295064
295065
295066
295067
295068
295069
295524
295525
295526
295527
295528
295529
295530
295531
295552
295553
295554
295555
295556
295557
296002
296003
296004
296005
296006
296007
296008
296028
296029
296030
296031
296032
296033
296034
296481
296482
296483
296484
296485
296487
296488
296500
296501
296502
296503
296504
296505
296506
296507
296508
296509
296510
296511
296512
296975
296976
296977
296978
296979
296990
296991
296992
296993
296994
296995
296996
296997
296998
296999
297000
297001
297002
297003
297488
297489
297491
297492
297503
297504
297505
297506
297507
297508
297509
297510
297511
297512
297513
297514
297515
298010
298011
298012
298023
298024
298025
298026
298027
298028
298029
298030
298032
298536
298537
298538
298539
298547
298548
298549
298550
298551
298552
299048
299049
299050
299054
299056
299057
299058
299059
299570
299571
299572
299573
299574
299575
299576
299577
299578
299579
299580
299581
299582
300067
300068
300069
300070
300071
300072
300073
300074
300075
300076
300077
300078
300079
300080
300081
300601
300602
300603
300604
300605
300606
300607
300608
300609
300610
300611
300612
301138
301139
301140
301141
301142
301143
301144
301145
301146
301147
301148
301696
301697
301698
301699
301700
301701
301702
301703
301704
301705
301706
301707
302224
302225
302228
302229
302230