39533
40061
40062
40063
40581
40582
40583
40584
40585
40586
41103
41104
41105
41106
41107
41108
41109
41110
41111
41112
41665
41666
41667
41668
41670
41671
41672
41673
41674
41675
41676
41677
41678
41679
41680
41681
42240
42241
42242
42243
42244
42245
42246
42247
42248
42249
42250
42251
42252
42253
42254
42255
42822
42823
42824
42825
42826
42827
42828
42829
42830
42831
42832
42833
42834
42835
42836
42837
43387
43388
43389
43390
43391
43392
43393
43394
43395
43396
43397
43398
43399
43400
43401
43402
43938
43939
43940
43941
43943
43944
43946
43947
43948
43949
43950
43951
43952
43953
43954
43957
43958
43959
43960
43961
43962
44492
44493
44494
44495
44496
44498
44499
44500
44501
44502
44503
44504
44505
44506
44507
44508
44509
44510
44511
44512
44513
44514
45027
45028
45029
45032
45033
45034
45035
45036
45037
45038
45039
45040
45041
45042
45043
45560
45561
45562
45563
45564
45565
45566
45567
45568
45569
45570
45571
45572
45573
45574
45575
45576
45577
45578
46070
46071
46072
46073
46074
46075
46076
46077
46078
46079
46080
46081
46082
46083
46084
46085
46086
46087
46581
46582
46583
46584
46585
46586
46587
46588
46589
46590
46591
46592
46593
46594
46595
46596
46597
46598
46599
46600
46601
46602
46603
46604
46605
46606
47050
47051
47052
47053
47054
47055
47056
47057
47058
47059
47060
47061
47062
47063
47064
47065
47066
47067
47068
47069
47501
47502
47503
47504
47505
47506
47507
47508
47509
47510
47511
47512
47513
47514
47515
47516
47517
47518
47519
47520
47521
47522
47523
47524
47525
47526
47527
47528
47529
47938
47939
47940
47941
47942
47943
47944
47945
47946
47947
47948
47949
47950
47951
47952
47953
47954
47955
47956
47957
47958
47959
47960
47961
47962
47963
47964
47965
47966
47967
47968
47969
48409
48410
48411
48412
48413
48414
48415
48416
48417
48418
48419
48420
48421
48422
48423
48424
48425
48426
48427
48428
48429
48430
48431
48432
48433
48434
48435
48436
48437
48438
48889
48890
48891
48892
48893
48894
48895
48896
48897
48898
48899
48900
48901
48902
48903
48904
48905
48906
48907
48908
48909
48911
48912
48913
48914
48915
48916
48917
48918
48919
49355
49356
49357
49358
49359
49360
49361
49362
49363
49364
49365
49366
49367
49368
49369
49370
49371
49372
49373
49374
49375
49376
49377
49378
49379
49380
49381
49382
49383
49384
49385
49386
49840
49841
49842
49843
49844
49845
49846
49847
49848
49849
49850
49851
49852
49853
49854
49855
49856
49857
49858
49859
49860
49861
49862
49863
49864
49865
49866
49867
49868
49869
49870
50313
50314
50315
50316
50317
50318
50319
50320
50321
50322
50323
50324
50325
50326
50327
50328
50329
50330
50331
50332
50333
50334
50335
50336
50337
50338
50339
50792
50793
50794
50795
50796
50797
50798
50799
50800
50801
50802
50803
50804
50805
50806
50807
50808
50809
50810
50811
50812
50813
50814
50815
50816
50817
50818
50819
50820
51254
51255
51256
51257
51258
51259
51260
51261
51262
51263
51264
51265
51266
51267
51268
51269
51270
51271
51272
51273
51274
51275
51276
51277
51278
51279
51280
51281
51717
51718
51719
51720
51721
51722
51723
51724
51725
51726
51727
51728
51729
51730
51731
51732
51733
51734
51735
51736
51737
51738
51739
51740
51741
51742
51743
51744
51745
51746
51747
52183
52184
52185
52186
52187
52188
52189
52190
52191
52192
52193
52194
52195
52196
52197
52198
52199
52200
52201
52202
52203
52204
52205
52206
52207
52208
52209
52661
52662
52663
52664
52665
52666
52667
52668
52669
52670
52671
52672
52673
52674
52675
52676
52677
52678
52679
52680
52681
52682
52683
52684
53133
53134
53136
53137
53138
53139
53140
53141
53142
53143
53144
53145
53146
53147
53148
53149
53150
53151
53152
53586
53587
53588
53589
53590
53591
53592
53593
53594
53595
53596
53597
53598
54040
54041
54042
54043
54044
54045
54046
54047
54048
54049
54050
54051
54052
54053
54054
54055
54516
54517
54518
54519
54520
54521
54522
54523
54524
54525
54526
54527
54995
54996
54997
54998
54999
55000
55001
55002
55003
55482
55483
55484
55485
55486
55487
55488
55489
55490
55491
55973
55974
55975
55976
55977
55978
55979
55980
55982
55983
55984
55985
55986
55987
56459
56460
56461
56462
56463
56464
56465
56466
56467
56468
56469
56470
56471
56472
56961
56962
56963
56964
56965
56966
56967
56968
56969
56970
56971
56972
56973
57503
57511
57513
57514
57517
57518
57519
57520
57521
57522
57523
57524
57525
58055
58056
58068
58069
58070
58071
58072
58073
58074
58075
58076
58077
58078
58624
58625
58626
58637
58638
58639
58640
58641
58642
58643
58644
58645
58646
58647
58648
58649
58650
59182
59183
59184
59185
59198
59199
59200
59201
59202
59203
59204
59205
59206
59207
59208
59209
59210
59769
59770
59771
59772
59784
59785
59786
59787
59788
59789
59790
59791
59792
59793
59794
59795
59796
59797
59798
59799
59800
59801
59802
59803
60382
60383
60384
60385
60386
60387
60393
60398
60399
60400
60401
60402
60403
60404
60405
60406
60407
60408
60409
60410
60411
60412
60413
60414
60988
60989
60990
60991
60992
60993
60994
60996
60997
60999
61000
61001
61002
61003
61004
61005
61006
61007
61008
61009
61010
61011
61012
61013
61014
61015
61016
61577
61578
61579
61580
61581
61582
61583
61584
61585
61586
61587
61588
61589
61590
61591
61592
61593
61594
61595
61596
61597
61598
61599
61600
61601
61602
61603
62177
62178
62179
62180
62181
62182
62183
62184
62185
62186
62187
62188
62189
62190
62191
62192
62193
62194
62195
62196
62197
62198
62199
62200
62201
62202
62203
62204
62205
62206
62207
62208
62209
62764
62765
62766
62768
62769
62770
62771
62772
62773
62774
62775
62776
62777
62778
62779
62780
62781
62782
62783
62784
62785
62786
63326
63327
63328
63329
63330
63331
63332
63333
63334
63335
63336
63337
63338
63339
63340
63341
63342
63343
63344
63345
63346
63347
63922
63923
63924
63925
63926
63927
63928
63929
63930
63931
63932
63933
63936
63937
63938
63939
63940
63941
63945
63946
63947
64521
64522
64523
64524
64525
64526
64530
64531
64532
64533
64534
64535
64539
64540
64541
65107
65108
65112
65113
65114
65115
65121
65122
65123
65124
65125
65678
65679
65680
65685
65686
65687
66236
66237
66238
66777
66778
66779
66780
67308
67309
67310
67311
67864
67865