197475
198032
198574
198575
198576
198577
198578
198579
198580
198581
198582
199170
199171
199172
199173
199174
199175
199176
199177
199765
199766
199767
199768
199769
199770
199771
199772
199773
199774
199775
200357
200358
200359
200360
200361
200362
200363
200364
200365
200366
200367
200368
200369
200370
200934
200935
200936
200937
200938
200939
200940
200943
200944
201483
201484
201485
201486
201487
201488
201489
201490
201491
201492
201493
201494
202050
202051
202052
202053
202054
202055
202056
202057
202058
202059
202060
202061
202630
202631
202632
202633
202634
202635
202636
202637
202638
202639
202640
203214
203215
203216
203217
203799
203800
203801
203802
203809
203810
204362
204363
204364
204365
204366
204367
204368
204369
204375
204376
204377
204906
204907
204908
204909
204910
204916
204918
205459
205460
205461
205462
205463
205468
205469
205470
205471
206005
206006
206007
206008
206009
206010
206011
206012
206017
206018
206019
206558
206559
206560
206561
206562
206563
206564
206565
206566
206567
206571
206572
206573
207093
207094
207095
207096
207097
207098
207099
207100
207101
207102
207103
207104
207105
207106
207107
207108
207109
207110
207111
207112
207630
207631
207632
207633
207634
207635
207636
207637
207638
207639
207640
207641
207642
207643
207644
207645
207646
207647
207650
208144
208145
208146
208147
208148
208149
208150
208151
208152
208153
208154
208155
208156
208157
208158
208159
208161
208164
208165
208166
208167
208650
208651
208652
208653
208654
208655
208656
208657
208658
208659
208660
208661
208662
208663
208664
208665
208666
208668
208670
208671
208672
209142
209143
209144
209145
209146
209147
209148
209149
209150
209151
209152
209153
209154
209155
209156
209157
209158
209162
209163
209164
209165
209617
209618
209619
209620
209621
209622
209623
209624
209625
209626
209627
209628
209629
209630
209631
209632
209633
209634
209635
209639
209640
209641
209642
210120
210121
210123
210124
210125
210126
210127
210128
210129
210131
210132
210133
210134
210135
210136
210137
210138
210139
210141
210142
210143
210144
210614
210615
210616
210617
210618
210619
210620
210621
210622
210623
210624
210625
210626
210627
210628
210629
210632
210635
211126
211127
211128
211129
211130
211131
211132
211133
211134
211135
211136
211137
211138
211139
211140
211142
211143
211144
211145
211146
211147
211148
211149
211153
211154
211155
211648
211649
211650
211651
211652
211653
211654
211655
211656
211657
211658
211659
211660
211661
211662
211663
211664
211665
211666
211667
211668
211669
211670
211671
211672
211673
211674
211676
211677
211678
211680
212164
212165
212166
212167
212168
212169
212170
212171
212172
212173
212174
212175
212176
212177
212178
212179
212180
212181
212182
212183
212184
212185
212186
212187
212188
212189
212190
212191
212192
212193
212194
212195
212196
212197
212198
212678
212679
212680
212681
212682
212683
212684
212685
212686
212687
212688
212689
212690
212691
212692
212693
212694
212695
212696
212697
212698
212699
212700
212701
212702
212703
212704
212705
212706
212708
212709
212710
212711
212712
213205
213206
213207
213208
213209
213210
213211
213212
213213
213214
213215
213216
213217
213218
213219
213220
213221
213222
213223
213224
213225
213226
213229
213230
213231
213232
213233
213234
213235
213236
213237
213238
213239
213743
213744
213745
213746
213747
213748
213749
213750
213751
213753
213754
213755
213756
213757
213758
213759
213760
213761
213762
213766
213767
213768
213769
213770
213771
213772
213773
213774
214306
214307
214308
214309
214310
214311
214312
214313
214314
214315
214316
214317
214318
214323
214324
214325
214326
214327
214328
214329
214330
214878
214879
214880
214881
214882
214883
214884
214885
214886
214887
214888
214889
214890
214891
214895
214896
214901
215445
215446
215447
215448
215449
215450
215451
215452
215453
215454
215455
215456
215457
215458
215459
215460
215464
215465
216009
216010
216011
216012
216013
216014
216015
216016
216017
216018
216019
216020
216021
216022
216570
216571
216572
216573
216574
216575
216576
216577
216578
216579
216580
216581
216582
216583
216584
216585
216586
216587
216588
216589
217150
217151
217152
217153
217154
217155
217156
217157
217158
217159
217160
217161
217162
217163
217164
217165
217166
217726
217727
217728
217729
217730
217731
217732
217733
217734
217735
217736
217737
217738
218288
218289
218290
218291
218292
218293
218294
218295
218296
218297
218298
218299
218300
218842
218843
218844
218845
218846
218847
218848
218849
218850
218851
218852
218853
218854
219362
219363
219364
219365
219366
219367
219368
219369
219371
219372
219373
219374
219891
219892
219893
219894
219895
219896
219897
219898
219899
219900
219901
219902
219903
220439
220440
220441
220442
220443
220444
220445
220446
220447
220448
220449
220450
220451
220452
220453
221014
221015
221016
221017
221018
221019
221020
221021
221022
221023
221576
221577
221578
221579
221580
221581
221582
221583
221584
221585
221586
221587
222107
222108
222109
222110
222111
222112
222113
222114
222115
222116
222117
222118
222119
222120
222634
222635
222636
222637
222638
222639
222640
222641
222642
222643
222644
222645
222646
223148
223149
223150
223151
223152
223153
223154
223155
223156
223157
223158
223159
223160
223161
223162
223664
223665
223666
223667
223668
223669
223670
223671
223672
223673
223674
223675
223676
223677
223678
223679
223680
224198
224199
224200
224201
224202
224203
224204
224205
224206
224207
224208
224209
224210
224211
224212
224213
224704
224705
224706
224707
224708
224709
224710
224711
224712
224713
224714
224715
224716
225216
225217
225218
225219
225220
225221
225222
225223
225224
225225
225226
225227
225228
225229
225230
225231
225232
225738
225739
225740
225741
225742
225743
225744
225745
225746
225747
225748
225749
225750
225751
225752
225753
225754
225755
226245
226246
226247
226248
226249
226250
226251
226252
226253
226254
226255
226256
226257
226258
226259
226260
226261
226262
226263
226264
226757
226758
226759
226760
226761
226762
226763
226764
226765
226766
226767
226768
226769
226770
226771
226772
226773
226774
226775
227251
227252
227253
227254
227255
227256
227257
227258
227259
227260
227261
227262
227263
227264
227265
227266
227267
227268
227269
227270
227271
227758
227759
227760
227761
227762
227763
227764
227765
227766
227767
227768
227769
227770
227771
227772
227773
227774
227775
228273
228274
228275
228276
228277
228278
228279
228280
228281
228282
228283
228284
228285
228286
228810
228811
228812
228813
228814
228815
228816
228817
228818
229335
229336
229864
229865
229866
229867
230404
230405
230406
230407
230408
230936
230937
230938
230939
231491
231492
231493
232049
232050
232051
232052
232053
232054
232055
232608
232609
232610
232611
232612
232613
232614
233207
233208
233209
233210
233211
233212
233213
233790
233791
233792
233793
233794
234346
234347
234348
234349
234350
234905
234906
234907
234908
234909
234910
234911
234912
234913
234914
235464
235465
235466
235467
235468
235469
236039
236640