1565
1566
1567
1972
1973
1976
1977
1978
1980
2382
2383
2384
2385
2386
2387
2388
2389
2390
2391
2799
2800
2801
2802
2803
2804
2805
2807
2808
2809
2810
3225
3226
3227
3228
3229
3230
3231
3233
3234
3235
3602
3603
3604
3605
3606
3607
3610
3611
3980
3981
3982
4355
4356
4357
4768
4769
4770
5188
5189
5190
5613
5614
5615
5616
5617
6052
6053
6054
6055
6056
6057
6058
6513
6514
6515
6516
6517
6518
6519
6520
6521
6992
6993
6994
6995
6996
6997
6998
6999
7000
7495
7496
7497
7498
7499
7500
7501
7502
7503
7504
7505
7997
7998
7999
8000
8001
8002
8003
8004
8005
8006
8484
8485
8486
8487
8488
8489
8490
8491
8492
8493
8975
8976
8977
8978
8979
8980
8981
8982
9507
9508
9509
9510
9511
9512
9513
10028
10029
10030
10031
10032
10033
10034
10576
10577
10578
10583
11120
11660
11677
11678
12250
12251
12269
12270
12271
12831
12832
12833
12851
12852
12853
12854
13432
13433
13434
13451
13452
13453
13454
13455
14026
14027
14028
14029
14030
14046
14047
14048
14049
14050
14613
14614
14615
14630
14631
14632
14633
14634
14635
15203
15204
15205
15206
15207
15208
15221
15222
15223
15224
15225
15226
15227
15228
15229
15782
15783
15784
15785
15786
15798
15799
15800
15801
15802
15803
15804
15805
15806
15807
16352
16353
16354
16355
16356
16357
16358
16359
16360
16361
16362
16377
16378
16379
16380
16381
16382
16383
16384
16385
16929
16930
16931
16932
16933
16934
16935
16936
16937
16938
16939
16940
16954
16955
16956
16957
16958
16959
16960
17519
17520
17521
17522
17523
17524
17525
17526
17527
17528
17529
17530
17531
17532
17542
17543
17544
17545
17546
18079
18080
18081
18082
18083
18084
18085
18086
18087
18088
18089
18099
18100
18101
18102
18103
18612
18613
18614
18615
18616
18617
18618
18619
18620
18621
18622
18623
18624
18627
18628
18629
18630
18631
18632
18633
18634
18635
19154
19155
19156
19157
19158
19159
19160
19161
19162
19163
19164
19165
19166
19167
19168
19169
19170
19171
19172
19173
19174
19175
19176
19177
19178
19179
19180
19181
19182
19183
19689
19690
19691
19692
19693
19694
19695
19696
19697
19698
19699
19700
19701
19702
19703
19704
19705
19706
19707
19708
19709
19710
19711
19712
19713
19714
19715
19716
19717
19718
19719
19720
19721
19722
19723
20227
20228
20229
20230
20231
20232
20233
20234
20235
20236
20237
20238
20239
20240
20241
20242
20243
20244
20245
20246
20247
20248
20249
20250
20251
20252
20253
20254
20255
20256
20257
20258
20259
20260
20261
20262
20263
20264
20265
20266
20267
20268
20792
20793
20794
20795
20796
20797
20798
20799
20800
20801
20802
20803
20804
20805
20806
20807
20808
20809
20810
20812
20813
20814
20815
20816
20817
20818
20819
20820
20821
20822
20823
20824
20825
20826
20827
20828
20829
20830
20831
20832
20833
21348
21349
21350
21351
21352
21353
21354
21355
21356
21357
21358
21359
21360
21361
21362
21363
21364
21365
21366
21367
21368
21369
21370
21371
21372
21373
21374
21375
21376
21377
21378
21379
21380
21381
21382
21383
21384
21385
21386
21387
21388
21389
21390
21897
21898
21899
21900
21903
21905
21906
21907
21908
21909
21910
21911
21912
21913
21914
21915
21916
21917
21918
21919
21920
21921
21922
21923
21924
21925
21926
21927
21928
21929
21930
21931
21932
21933
21934
22432
22433
22434
22435
22436
22437
22438
22439
22440
22441
22442
22443
22444
22445
22446
22447
22448
22449
22450
22451
22452
22453
22454
22455
22456
22457
22458
22459
22460
22461
22462
22463
22952
22953
22954
22955
22956
22957
22958
22959
22960
22961
22962
22963
22964
22965
22966
22967
22968
22969
22970
22971
22972
22973
22974
22975
22976
22977
22978
22979
22980
22981
22982
22983
22984
22985
23480
23481
23482
23483
23484
23485
23486
23487
23488
23489
23490
23491
23492
23493
23494
23495
23496
23497
23498
23499
23500
23501
23502
23503
23504
23505
23506
23507
23508
23509
23510
23511
23512
23513
23514
23515
23516
23517
24008
24009
24010
24011
24012
24013
24014
24015
24016
24017
24018
24019
24020
24021
24022
24023
24024
24025
24026
24027
24028
24029
24030
24031
24032
24033
24034
24035
24036
24037
24038
24519
24520
24521
24522
24523
24524
24525
24526
24527
24528
24529
24530
24531
24532
24533
24534
24535
24536
24537
24538
24539
24540
24541
24542
24543
24544
24545
24546
24547
24548
24549
25010
25013
25014
25015
25016
25017
25018
25019
25020
25021
25022
25023
25024
25025
25026
25027
25028
25029
25030
25031
25032
25033
25034
25035
25036
25037
25038
25039
25040
25041
25042
25043
25044
25045
25046
25505
25506
25508
25509
25510
25511
25512
25513
25514
25515
25516
25517
25518
25519
25520
25521
25522
25523
25524
25525
25526
25527
25528
25529
25530
25531
25991
25992
25993
25994
25995
25997
25998
25999
26000
26001
26002
26003
26004
26005
26006
26007
26008
26009
26010
26011
26012
26013
26014
26015
26016
26017
26018
26019
26499
26500
26501
26502
26503
26504
26505
26506
26507
26508
26509
26510
26511
26512
26513
26514
26515
26516
26517
26518
26519
26520
26521
26522
26523
26985
26986
26987
26988
26989
26990
26991
26992
26993
26994
26995
26996
26997
26998
26999
27000
27001
27002
27003
27004
27005
27006
27007
27008
27009
27486
27487
27489
27490
27491
27492
27493
27494
27495
27496
27497
27498
27499
27500
27501
27502
27503
27504
27505
27506
27507
27508
27509
27510
27511
27991
27992
27994
27995
27996
27997
27998
27999
28000
28001
28002
28003
28004
28005
28006
28007
28008
28009
28010
28011
28012
28013
28014
28015
28016
28478
28479
28480
28481
28482
28483
28484
28485
28486
28487
28488
28489
28490
28491
28492
28493
28494
28495
28945
28946
28947
28948
28949
28950
28951
28952
28953
28954
28955
28956
28957
28958
28959
28960
29413
29414
29415
29416
29417
29418
29419
29420
29421
29422
29423
29424
29425
29426
29427
29884
29885
29886
29887
29888
29889
29890
29891
29892
29893
29894
29895
29896
29897
30362
30363
30364
30365
30366
30367
30368
30369
30370
30371
30372
30373
30374
30868
30869
30870
30871
30872
30873
30874
30875
30876
31366
31367
31368
31369
31370
31371
31372
31886
31887
31888
31889
31890
32408
32409
32410
32411
32412
32413