173421
173422
173423
173424
173425
173941
173942
173943
173944
173945
173946
173947
173948
173949
173950
174482
174483
174484
174485
174486
174487
174488
174489
174490
174491
174492
174493
175019
175020
175021
175022
175023
175024
175025
175026
175031
175536
175537
175538
175539
175540
175541
175542
175543
175546
176115
176116
176117
176118
176119
176120
176121
176122
176123
176125
176126
176127
176723
176724
176725
176726
176727
176728
176729
176730
176732
176733
176734
177357
177358
177359
177360
177361
177362
177363
177364
177365
177366
177367
177368
177994
177995
177996
177997
177998
177999
178000
178001
178002
178003
178004
178005
178006
178007
178008
178643
178644
178645
178646
178647
178648
178649
178650
178651
178652
178653
178656
178657
178658
178659
178660
178661
179277
179278
179279
179280
179281
179282
179283
179284
179285
179287
179288
179289
179290
179906
179907
179908
179909
179910
179911
179912
179913
179914
179915
179916
179917
179918
179919
179920
179921
180550
180551
180552
180553
180554
180555
180556
180557
180558
180559
180560
180561
180562
180563
180564
181226
181227
181228
181229
181230
181232
181233
181234
181235
181236
181237
181238
181882
181883
181884
181885
181886
181889
181890
181891
181892
182526
182527
182528
182529
182530
182531
182533
182534
182535
182536
182537
182538
183152
183153
183154
183155
183156
183157
183158
183159
183160
183161
183162
183163
183165
183166
183167
183168
183169
183170
183171
183765
183766
183767
183768
183769
183770
183771
183773
183774
183775
183776
183777
183778
183779
183780
183781
183782
183783
183784
184352
184353
184354
184355
184356
184357
184361
184362
184363
184364
184365
184366
184367
184961
184962
184963
184967
184968
184969
184970
184971
184972
184973
184974
185591
185592
185597
185598
185599
185600
185601
185602
185603
185604
185605
186243
186244
186245
186246
186247
186251
186252
186253
186254
186255
186256
186257
186258
186884
186885
186886
186889
186890
186891
186892
186893
186894
187506
187507
187509
187510
187511
187512
187513
187514
187515
188112
188113
188114
188115
188116
188117
188118
188119
188120
188121
188122
188123
188725
188726
188727
188728
188729
188730
188731
188732
188733
188734
188735
189329
189330
189331
189332
189333
189334
189335
189336
189337
189338
189930
189931
189932
189933
189934
189935
189936
189937
189938
189939
190510
190511
190512
190513
190514
190515
190516
190517
190518
190519
190520
190521
190527
190528
191077
191078
191079
191080
191081
191082
191083
191084
191085
191086
191087
191088
191089
191090
191091
191092
191095
191096
191097
191098
191643
191644
191645
191646
191647
191648
191649
191650
191651
191652
191653
191654
191655
191656
191657
191658
191659
191660
191661
191662
191663
191664
191665
191666
191667
192213
192214
192215
192216
192217
192218
192219
192220
192221
192222
192223
192224
192225
192226
192227
192228
192229
192230
192231
192232
192233
192234
192235
192765
192766
192767
192768
192769
192770
192771
192772
192773
192774
192775
192776
192777
192778
192779
192780
192781
192782
192783
192784
192785
192786
192787
192788
192789
193318
193319
193320
193323
193324
193325
193326
193327
193328
193329
193330
193331
193332
193333
193334
193335
193336
193337
193338
193339
193340
193341
193342
193857
193858
193859
193860
193861
193862
193863
193866
193867
193868
193869
193870
193871
193872
193873
193874
193875
193876
193877
193878
193879
193880
193881
193882
193883
193884
193885
194422
194423
194424
194425
194426
194427
194428
194429
194430
194435
194436
194437
194438
194439
194440
194441
194442
194443
194444
194445
194446
194447
194448
194449
194450
194992
194993
194994
194995
194996
194997
194998
194999
195000
195001
195004
195005
195007
195008
195009
195010
195011
195012
195013
195014
195015
195523
195524
195525
195526
195527
195528
195529
195530
195531
195532
195533
195539
195540
195541
195542
195543
196061
196062
196063
196064
196065
196066
196067
196068
196069
196070
196071
196074
196075
196076
196077
196580
196581
196582
196583
196584
196585
196590
196591
196592
196593
196594
197101
197102
197103
197104
197105
197106
197107
197108
197109
197110
197111
197112
197113
197114
197619
197620
197621
197622
197623
197624
197625
197626
197627
197628
197629
197631
197632
197633
197634
198177
198178
198179
198180
198181
198182
198183
198184
198185
198186
198187
198188
198189
198190
198191
198193
198194
198741
198742
198743
198744
198745
198746
198747
198748
198749
198750
198751
198752
198753
198754
198755
198756
198757
199333
199334
199337
199338
199339
199340
199341
199342
199343
199344
199345
199346
199347
199348
199349
199350
199929
199930
199931
199932
199933
199934
199935
199936
199937
199938
199939
199940
199941
199942
199943
199944
199945
199946
199947
200524
200525
200526
200527
200528
200529
200530
200531
200532
200533
200534
200535
200536
200537
200539
201087
201088
201089
201090
201091
201092
201093
201094
201095
201096
201097
201098
201099
201640
201641
201642
201643
201644
201645
201646
201647
201648
201649
201650
201651
201652
201653
202215
202216
202217
202218
202219
202220
202221
202222
202223
202224
202225
202797
202798
202799
202800
202801
202802
202803
202804
202806
202807
202808
203372
203373
203374
203375
203376
203377
203378
203382
203935
203936
203937
203938
203939
203940
203941
203942
204492
204493
204494
204495
204496
204497
204498
205041
205043
205044
205045
205046
205047
205589
205590
205591
205592
205593
205594
205595
205596
206139
206140
206141
206142
206143
206144
206145
206146
206147
206148
206697
206698
206701
206702
206703
206704
206705
207243
207244
207245
207246
207247
207248
207249
207250
207251
207252
207776
207777
207778
207779
207780
207781
207782
207783
207784
207785
207786
207788
208287
208288
208289
208290
208291
208292
208293
208294
208295
208296
208298
208794
208795
208796
208797
208798
208801
208802
208803
208804
208807
208808
209287
209288
209289
209290
209291
209292
209293
209294
209295
209296
209297
209298
209299
209300
209301
209302
209771
209772
209773
209774
209775
209776
209777
209778
209779
209780
209781
209782
209784
209785
209786
209787
209788
209789
209790
209791
209792
209794
209795
210259
210260
210261
210262
210263
210264
210265
210266
210267
210268
210269
210270
210271
210273
210274
210275
210276
210277
210278
210279
210280
210281
210282
210283
210758
210759
210760
210761
210762
210763
210764
210765
210766
210767
210768
210769
210770
210771
210772
210773
210774
210775
210776
210777
210778
210779
210780
211297
211298
211299
211300
211301
211304
211305
211306
211307
211308
211309
211310
211311
211312
211313
211314
211315
211316
211317
211318
211821
211822
211823
211826
211827
211828
211829
211830
211831
211832
211833
211834
211835
211836
211837
211838
211839
211840
211841
212337
212338
212339
212340
212344
212345
212346
212347
212348
212349
212350
212351
212352
212353
212354
212355
212356
212357
212852
212853
212854
212855
212858
212862
212863
212864
213373
213374
213375
213383
213384
213385
213907
213913