48269
48270
48271
48272
48742
48743
48744
48745
48746
48747
48748
49203
49205
49206
49207
49208
49209
49210
49675
49676
49677
49678
49679
49681
49682
50161
50165
50167
50168
50628
50629
50630
50631
50633
50635
50636
50637
50638
50639
50640
51089
51090
51091
51092
51093
51094
51095
51098
51099
51100
51546
51547
51548
51549
51550
51551
51552
51553
51554
51555
51556
52003
52004
52005
52006
52007
52008
52009
52010
52011
52013
52014
52473
52479
52480
52481
52482
52483
52484
52485
52487
52488
52938
52939
52940
52941
52942
52945
52946
52947
52948
52949
52950
52951
52952
52953
53394
53395
53396
53397
53398
53401
53402
53403
53404
53405
53406
53407
53845
53846
53847
53848
53849
53850
53851
53852
53853
53854
53855
53856
53857
53858
53859
53860
53861
54324
54325
54326
54327
54328
54329
54330
54331
54332
54333
54334
54335
54336
54337
54338
54800
54801
54802
54803
54804
54805
54806
54807
54808
54809
54810
54811
54812
54813
54814
54815
55278
55279
55280
55281
55282
55283
55284
55285
55286
55287
55288
55289
55290
55291
55292
55293
55294
55295
55296
55297
55298
55299
55766
55767
55768
55769
55770
55771
55772
55773
55774
55775
55776
55777
55778
55779
55780
55781
56254
56255
56256
56257
56258
56259
56260
56261
56262
56265
56266
56267
56759
56760
56761
56762
56763
56764
56768
56769
56770
57284
57286
57287
57288
57290
57291
57292
57293
57849
57850
57851
57852
57853
57854
57856
57857
58411
58412
58413
58414
58415
58416
58974
58975
58976
58977
58978
58979
58980
58981
58983
58984
59556
59557
59558
59559
59560
59561
59562
60149
60150
60151
60152
60153
60154
60763
60764
60765
60766
60767
60768
61353
61354
61355
61356
61357
61942
61943
61944
61945
61946
61947
61948
61949
61950
61951
62530
62531
62532
62533
62534
62535
62536
62537
62538
62539
62540
62541
62542
62543
63096
63097
63098
63099
63100
63101
63102
63103
63104
63105
63106
63107
63108
63109
63110
63111
63675
63676
63677
63678
63679
63681
63682
63683
63684
63685
63686
63687
63688
63689
63690
63691
63692
63693
63694
64264
64265
64266
64267
64268
64269
64270
64272
64273
64274
64275
64276
64277
64278
64279
64280
64281
64282
64283
64284
64285
64847
64848
64849
64850
64851
64852
64853
64854
64857
64858
64859
64860
64861
64862
64863
64864
64865
64866
64867
64868
64869
64870
65430
65431
65432
65433
65434
65435
65436
65437
65438
65439
65440
65441
65442
65443
65444
65445
65446
65447
65448
65449
65450
65991
65992
65993
65994
65995
65996
65997
65998
65999
66000
66001
66002
66003
66004
66005
66006
66007
66008
66009
66010
66011
66012
66537
66538
66539
66540
66541
66542
66543
66544
66545
66546
66547
66548
66549
66550
66551
66552
66553
66554
66555
66556
66557
67072
67073
67074
67075
67076
67077
67078
67079
67080
67081
67082
67083
67084
67085
67086
67087
67088
67089
67090
67091
67092
67093
67617
67618
67619
67620
67621
67622
67623
67624
67625
67626
67627
67628
67629
67630
67631
67632
67633
67634
67635
67636
67637
67638
67639
67640
67641
67642
68176
68177
68178
68179
68180
68181
68182
68183
68184
68185
68186
68187
68188
68189
68190
68191
68192
68193
68194
68195
68196
68197
68198
68199
68200
68719
68720
68721
68722
68723
68724
68725
68726
68727
68728
68729
68730
68731
68732
68733
68734
68735
68736
68737
68738
68739
69256
69257
69258
69259
69260
69261
69262
69263
69264
69266
69267
69268
69269
69270
69271
69272
69273
69274
69275
69791
69793
69794
69795
69796
69797
69798
69799
69800
69801
69802
69803
69804
69805
69806
69807
69808
69809
69810
69811
69812
70328
70329
70330
70331
70332
70333
70334
70335
70336
70337
70338
70339
70340
70342
70343
70344
70345
70346
70347
70348
70349
70350
70351
70352
70353
70354
70355
70356
70357
70358
70876
70877
70878
70879
70880
70881
70882
70885
70886
70887
70888
70889
70890
70891
70892
70893
70894
70895
70896
70897
70898
70899
70900
70901
70902
70903
70904
70905
70906
70907
70908
71437
71438
71439
71440
71441
71442
71445
71446
71447
71448
71449
71450
71451
71456
71457
71458
71459
71460
71461
71462
71463
71464
71465
71466
71467
72003
72004
72005
72007
72008
72009
72010
72011
72012
72013
72014
72016
72017
72018
72019
72023
72024
72025
72026
72027
72028
72029
72030
72031
72032
72578
72579
72581
72582
72583
72584
72585
72586
72587
72588
72589
72590
72591
72592
72593
72600
72601
72602
72603
72605
72606
73131
73132
73133
73134
73135
73136
73137
73138
73139
73140
73141
73142
73143
73144
73145
73146
73147
73148
73149
73702
73703
73704
73705
73706
73707
73708
73709
73710
73711
73712
73713
73714
73715
73716
73717
73718
73719
73720
73721
74259
74261
74262
74263
74264
74265
74266
74267
74268
74269
74270
74271
74272
74273
74274
74275
74276
74277
74278
74279
74808
74809
74810
74811
74812
74813
74814
74815
74823
74824
74825
74827
75379
75380
75381
75382
75383
75384
75385
75386
75391
75392
75393
75394
75395
75397
75398
75976
75977
75978
75979
75980
75981
75982
75983
75984
75988
75990
75991
75994
75995
76545
76546
76547
76548
76549
76550
76551
76552
76555
76556
76557
76558
76559
76560
76561
76562
76563
77112
77113
77114
77115
77116
77117
77118
77119
77120
77121
77122
77123
77124
77125
77126
77127
77673
77674
77675
77676
77677
77678
77679
77680
77681
77682
77683
77684
77685
77686
77687
77688
77689
77690
78250
78251
78252
78253
78254
78255
78256
78257
78258
78259
78260
78262
78263
78264
78265
78266
78267
78844
78845
78846
78847
78848
78849
78850
78851
78854
78855
78856
78857
78858
78859
78860
78861
79436
79437
79438
79439
79440
79444
79445
79446
79447
79448
79449
79450
80031
80032
80036
80037
80038
80039
80040
80041
80042
80043
80044
80620
80621
80623
80624
80625
80626
80627
80628
80629
80630
80632
81205
81206
81207
81210
81211
81212
81213
81747
81748
81749
81753
81754
81755
81756
81757
82338
82339
82340
82341
82349
82350
82351
82352
82353
82934
82935
82943
82944
82945
82946
82947
83511
83512
83513
83514
83515
83516
83517
83518
83519
84070
84071
84072
84073
84074
84075
84076
84647
84651
84652
85214
85215
85216
85217
85218
85789
85790
85791
86345
86346
86347
86912
86913
86914
86915
87453
87454
87455
87456
87457
87458
87459
87975
87976
87977
88494
88495
88496
88497