239149
239154
239771
239775
239776
240391
240392
240393
240395
240396
240397
240398
240968
240969
240970
240971
240972
240973
240974
241545
241546
241547
241548
241549
241550
241551
241553
242127
242128
242129
242130
242131
242132
242716
242717
242718
242719
242720
242721
242722
242723
243311
243312
243313
243314
243315
243316
243318
243319
243320
243909
243910
243911
243912
243913
243914
243915
243916
243921
243922
244492
244493
244494
244495
244496
244497
244498
244499
244500
244504
244505
245102
245103
245104
245105
245106
245107
245108
245109
245112
245717
245718
245719
245720
245721
245722
245725
245726
246301
246302
246303
246304
246305
246306
246307
246308
246895
246896
246897
246898
246899
246900
247486
247487
247488
247489
247490
247491
248049
248050
248051
248052
248053
248054
248055
248620
248621
248622
248623
249168
249169
249170
249171
249172
249728
249729
249730
250270
250271
250272
250810
250811
250812
250816
251363
251364
251365
251366
251367
251368
251369
251370
251928
251929
251930
251931
251934
251935
251936
252522
252523
252524
252525
252526
252527
252528
253103
253104
253105
253106
253107
253108
253109
253110
253679
253680
253681
253682
253683
253684
253685
253686
253687
253688
253689
254253
254254
254255
254256
254257
254258
254260
254261
254262
254263
254877
254878
254879
254880
254881
254882
255498
255499
255500
255501
255502
255503
255504
256100
256101
256102
256103
256104
256105
256722
256723
256724
256725
256726
256727
256728
256729
256730
257344
257345
257346
257347
257348
257349
257350
257351
257352
257955
257956
257957
257958
257959
257960
257961
257962
257963
257964
257965
257966
257967
258570
258571
258572
258573
258574
258575
258576
258577
258578
258579
258580
258581
258582
258583
258584
258585
258586
258587
258588
259201
259202
259203
259204
259205
259206
259207
259208
259209
259210
259211
259212
259213
259214
259215
259216
259217
259218
259219
259220
259221
259848
259849
259850
259851
259852
259853
259854
259855
259856
259857
259858
259859
259860
259861
259862
259863
259864
259865
259866
259867
259868
260496
260497
260498
260499
260500
260501
260502
260503
260504
260505
260506
260507
260508
260509
260510
260511
260512
260513
260514
260515
260516
261118
261119
261120
261121
261122
261123
261124
261125
261126
261127
261128
261129
261130
261131
261132
261133
261134
261135
261727
261728
261729
261730
261731
261732
261733
261734
261735
261736
261737
261738
261739
261740
261741
261742
261743
262343
262344
262345
262346
262347
262348
262349
262350
262351
262352
262353
262354
262355
262356
262357
262358
262359
262360
262948
262949
262950
262951
262952
262953
262954
262955
262956
262957
262958
262959
262960
262961
262962
262963
262964
262965
263544
263545
263547
263548
263549
263550
263551
263552
263553
263556
263557
263558
263559
263560
263561
263562
263563
263564
263565
264144
264145
264146
264147
264148
264149
264150
264152
264153
264158
264159
264160
264161
264162
264163
264164
264165
264166
264768
264769
264770
264771
264772
264774
264775
264778
264779
264785
264786
264787
264788
264789
264790
264791
264792
264793
264794
264795
264796
265399
265400
265401
265402
265404
265405
265406
265407
265408
265415
265416
265417
265418
265419
265420
265421
265422
265423
265424
265425
266031
266032
266033
266034
266035
266036
266038
266039
266040
266044
266045
266046
266047
266048
266049
266050
266051
266052
266053
266054
266641
266642
266643
266644
266645
266646
266650
266651
266652
266653
266654
266655
266656
266657
266658
266659
267251
267252
267253
267254
267259
267260
267261
267262
267263
267264
267265
267266
267267
267877
267878
267879
267886
267887
267888
267889
267890
267891
267892
267893
267894
268505
268506
268507
268508
268509
268513
268514
268515
268516
268517
269134
269135
269136
269137
269138
269139
269147
269148
269149
269150
269765
269766
269767
269768
269769
269784
269785
269786
269787
269788
270415
270416
270417
270418
270419
270420
270421
270432
270433
270434
270435
270436
270437
271063
271064
271065
271066
271076
271077
271078
271079
271080
271081
271082
271083
271084
271711
271712
271713
271714
271715
271725
271726
271727
271728
271729
271730
271731
271732
271733
271734
271735
272356
272357
272358
272359
272360
272361
272362
272371
272372
272373
272374
272375
272376
272377
272378
272379
272380
273000
273002
273003
273004
273006
273014
273015
273016
273017
273018
273019
273020
273021
273022
273023
273669
273671
273680
273681
273682
273683
273684
273685
273686
273687
273688
273689
273690
273691
273692
274341
274342
274343
274344
274345
274346
274347
274348
274349
274350
274351
274352
274353
274354
274355
274356
274963
274964
274965
274967
274968
274969
274970
274971
274972
274973
274974
274975
274976
274977
274978
274979
274980
275577
275578
275580
275581
275589
275590
275591
275592
275593
275594
275595
275596
275597
275598
275599
275600
275601
275602
275603
275604
275605
276204
276205
276206
276207
276208
276209
276217
276218
276219
276220
276221
276222
276223
276224
276225
276226
276227
276228
276229
276230
276836
276837
276838
276840
276841
276842
276843
276845
276846
276847
276848
276849
276850
276851
276852
276853
276854
276855
276856
276857
276858
277459
277460
277461
277462
277463
277464
277465
277466
277467
277468
277469
277470
277471
277472
277473
277474
277475
277476
277477
277478
277479
278072
278073
278074
278075
278076
278077
278078
278079
278080
278081
278082
278083
278084
278085
278086
278087
278088
278089
278090
278091
278092
278093
278094
278689
278690
278691
278692
278693
278694
278695
278696
278697
278698
278699
278700
278701
278702
278703
278704
278705
278706
278707
278708
278709
278710
278711
279294
279295
279296
279297
279298
279299
279300
279301
279302
279303
279304
279305
279306
279307
279308
279309
279310
279311
279312
279313
279314
279315
279316
279900
279901
279902
279903
279904
279905
279906
279907
279908
279909
279910
279911
279912
279913
279914
279915
279916
279917
279918
279919
279920
280498
280499
280500
280501
280502
280503
280504
280505
280508
280509
280510
280511
280512
280513
280514
280515
280516
280517
280518
280519
281093
281094
281095
281096
281097
281098
281099
281100
281105
281106
281108
281109
281110
281111
281112
281113
281689
281691
281697
281698
281699
281700
281701
281702
281703
281704
281705
281706
281707
281708
281709
281710
281711
282289
282290
282291
282292
282293
282294
282295
282296
282297
282298
282299
282300
282301
282302
282869
282870
282871
282872
282873
282874
282875
282876
282877
282878
282879
282880
283477
283478
283479
283480
283481
283482
283483
283484
283485
283486
283487
283488
283489
284082
284083
284084
284085
284086
284087
284088
284089
284090
284091
284092
284093
284094
284095
284096
284689
284690
284691
284692
284693
284694
284695
284696
284697
284698
284699
284700
284701
285286
285287
285288
285289
285290
285291
285292
285293
285294
285295
285296
285297
285298
285299
285852
285853
285854
285855
285856
285857
285858
285859
285860
286385
286386
286387
286912
286913