184302
184303
184304
184906
184907
184908
184909
184910
184911
184912
184913
184914
185532
185533
185534
185535
185536
185537
185538
185539
185540
185541
185542
185543
186178
186179
186180
186181
186182
186183
186184
186185
186186
186187
186815
186816
186817
186818
186819
186820
186821
186822
186823
186824
186825
186826
186827
186828
187426
187427
187428
187429
187430
187441
187442
187443
187444
187445
187446
187447
187448
187449
187450
187451
187452
187453
187454
188036
188037
188038
188039
188040
188049
188050
188051
188052
188053
188054
188055
188056
188057
188058
188059
188060
188061
188062
188650
188651
188652
188653
188654
188655
188662
188663
188664
188665
188666
188667
188668
188669
188670
188671
188672
188673
188674
189258
189259
189260
189261
189262
189263
189270
189271
189272
189273
189274
189275
189276
189277
189278
189279
189280
189281
189282
189852
189855
189865
189866
189867
189868
189869
189870
189871
189872
189873
189874
189876
189877
190431
190432
190433
190434
190442
190443
190444
190445
190446
190447
190448
190449
190450
190451
190452
190453
191001
191007
191008
191009
191010
191011
191012
191013
191014
191015
191016
191017
191569
191570
191574
191575
191576
191577
191578
191579
191580
191581
191582
191583
191584
191585
191586
192142
192143
192144
192146
192147
192148
192149
192152
192153
192695
192696
192697
192698
192699
192700
192701
192702
193247
193248
193249
193250
193251
193252
193253
193254
193255
193789
193790
193791
193792
193793
194350
194351
194352
194353
194354
194355
194920
194921
194922
194923
194924
194925
195457
195458
195459
195460
195461
195462
195988
195989
195990
195991
195992
195993
195994
195995
195996
195997
195998
195999
196000
196001
196002
196003
196004
196506
196507
196508
196509
196510
196511
196512
196513
196514
196515
196516
196517
196518
196519
196520
196521
196522
197035
197036
197037
197038
197039
197041
197042
197043
197044
197045
197549
197550
197551
197552
197553
197554
197555
197556
197557
197558
197559
197560
197561
198111
198112
198113
198114
198115
198116
198117
198118
198119
198120
198121
198122
198667
198668
198669
198670
198671
198672
198673
198674
198675
199265
199266
199268
199271
199272
199273
199863
199864
199865
199866
199867
200462
200463
200464
200465
201020
201029
201030
201031
201032
201033
201573
201583
201584
201585
201586
201587
202141
202142
202143
202144
202157
202158
202724
202725
202726
202727
202728
202729
202730
202731
202742
202743
202744
202745
203295
203296
203297
203298
203299
203300
203301
203302
203303
203304
203305
203314
203315
203316
203863
203864
203865
203866
203867
203868
203869
203870
203871
203872
203873
203874
203875
203885
203886
203887
203888
204418
204419
204420
204421
204422
204423
204424
204425
204426
204427
204428
204429
204430
204440
204441
204442
204443
204444
204445
204446
204967
204968
204969
204970
204971
204972
204973
204974
204975
204976
204977
204978
204979
204980
204981
204982
204985
204987
204988
204989
204990
204991
204992
204993
204994
205517
205518
205519
205520
205521
205522
205523
205524
205525
205526
205527
205528
205529
205530
205531
205534
205535
205537
205538
205539
205542
205543
206068
206069
206070
206071
206072
206073
206074
206075
206076
206077
206078
206079
206080
206081
206082
206083
206084
206085
206086
206087
206088
206090
206091
206092
206624
206625
206626
206627
206628
206629
206630
206631
206632
206633
206634
206635
206636
206637
206638
206639
206640
206641
206642
206643
206644
206645
206646
206647
206648
207167
207168
207169
207170
207171
207172
207173
207174
207175
207176
207177
207178
207179
207180
207181
207182
207183
207184
207185
207186
207187
207188
207189
207190
207191
207193
207194
207195
207707
207708
207709
207710
207711
207712
207713
207714
207715
207716
207717
207718
207719
207720
207721
207722
207723
207724
207725
207726
207727
207728
207729
207732
208219
208220
208221
208222
208223
208224
208225
208226
208227
208228
208229
208230
208231
208232
208233
208234
208235
208236
208237
208725
208726
208727
208728
208729
208730
208731
208732
208733
208734
208735
208736
208737
208738
208739
208740
208741
208742
208743
209228
209229
209230
209231
209232
209233
209234
209235
209236
209237
209238
209239
209240
209241
209242
209705
209706
209707
209708
209709
209710
209711
209712
209713
209714
209715
209716
209717
209718
209719
209720
209721
209722
210195
210196
210197
210198
210199
210200
210201
210202
210203
210204
210205
210206
210207
210678
210679
210682
210683
210684
210685
210686
210687
210688
210689
210690
210691
210692
210693
210694
210695
210696
210697
210698
210699
210700
211212
211213
211214
211215
211219
211220
211221
211222
211223
211224
211225
211226
211227
211228
211229
211230
211231
211232
211234
211235
211236
211237
211736
211737
211738
211739
211740
211741
211742
211743
211744
211745
211746
211747
211748
211749
211750
211751
211752
211753
211754
211755
211756
211758
211759
211760
211761
212251
212252
212253
212254
212255
212256
212257
212258
212259
212260
212261
212262
212263
212264
212265
212266
212267
212268
212271
212272
212273
212763
212764
212765
212766
212767
212768
212769
212770
212771
212772
212773
212774
212775
212776
212777
212778
212779
212780
212783
212784
212785
212786
212787
213286
213287
213288
213289
213290
213291
213292
213293
213294
213295
213296
213297
213298
213299
213300
213301
213302
213304
213305
213306
213307
213308
213309
213310
213825
213826
213827
213828
213829
213830
213831
213832
213833
213834
213835
213836
213837
213838
213839
213840
213841
213842
213843
213844
213845
213846
214381
214382
214383
214384
214385
214386
214387
214388
214389
214390
214391
214392
214393
214394
214395
214396
214397
214398
214399
214400
214401
214402
214953
214954
214955
214956
214957
214958
214959
214960
214961
214962
214963
214964
214965
214966
214967
214968
214969
214970
214971
214972
214973
214974
215520
215521
215522
215523
215524
215525
215526
215527
215528
215529
215530
215531
215532
215533
215534
215535
215536
215537
215538
215539
215540
215541
216088
216089
216090
216091
216092
216093
216094
216095
216096
216097
216098
216099
216100
216101
216102
216103
216104
216105
216106
216107
216108
216109
216657
216658
216659
216660
216661
216665
216666
216667
216668
216669
216670
216671
216672
216673
216674
216675
216676
216677
216678
216679
216680
217234
217235
217236
217237
217238
217239
217240
217241
217242
217243
217244
217245
217246
217247
217802
217803
217804
217805
217806
217807
217808
217809
217810
217811
218358
218359
218360
218361
218362
218363
218364
218365
218366
218367
218368
218914
218915
218916
218917
218918
218919
218920
218921
218922
218923
218924
218925
218926
219426
219427
219428
219429
219430
219431
219433
219434
219435
219436
219437
219438
219964
219967
219971
219972
219973
219974
219975
219976
219977
220523
220524
220525
220528
220529
220531
220532
220533
220534
220535
220536
220537
221094
221102
221103
221104
221105
221106
221657
221658
221664
221665
221666
221667
221668
221669
222196
222197