97210
97828
97829
97830
97831
98439
98440
98441
98442
98443
99062
99063
99064
99065
99066
99067
99704
99705
99706
99707
99708
99709
99710
99711
100356
100357
100359
100360
100361
100362
100363
101024
101025
101026
101027
101028
101029
101030
101031
101032
101033
101034
101700
101701
101702
101703
101704
101705
101706
101707
101708
101709
101710
101711
101712
101713
101714
101715
101716
102335
102336
102337
102338
102339
102340
102341
102342
102343
102344
102345
102346
102347
102348
102349
102350
102351
102352
102353
102354
102355
102950
102951
102952
102953
102954
102955
102956
102957
102958
102959
102960
102961
102962
102963
102964
102965
102966
102967
102968
102969
102970
102971
102972
102974
102975
102976
102977
102978
103563
103564
103565
103566
103567
103568
103569
103570
103571
103572
103573
103574
103575
103576
103577
103578
103579
103580
103581
103582
103584
103585
103586
103587
104194
104195
104196
104197
104200
104201
104202
104203
104204
104205
104206
104207
104208
104209
104211
104212
104213
104829
104830
104831
104832
104833
104834
104835
104836
104837
104838
104839
104840
104841
104842
104843
104844
105436
105437
105438
105442
105443
105444
105445
105446
105447
105448
105452
105453
106034
106035
106036
106037
106038
106039
106040
106041
106042
106043
106044
106045
106046
106047
106048
106049
106050
106051
106054
106055
106056
106057
106058
106059
106060
106646
106647
106648
106649
106650
106651
106652
106653
106654
106655
106656
106657
106658
106659
106660
106661
106662
106663
106664
106665
106666
106667
106668
106669
106670
106671
106672
106673
107240
107241
107242
107243
107244
107245
107246
107247
107248
107249
107250
107251
107252
107253
107254
107255
107256
107257
107258
107259
107260
107261
107262
107263
107264
107265
107266
107267
107268
107269
107270
107271
107272
107273
107274
107275
107276
107277
107278
107279
107838
107839
107840
107841
107842
107843
107844
107845
107846
107847
107848
107849
107850
107851
107852
107853
107854
107855
107856
107857
107858
107859
107860
107861
107862
107863
107864
107865
107866
107867
107868
107869
107870
107871
107872
107873
107874
107875
107876
107877
107878
107879
107880
107881
107882
108450
108451
108453
108454
108455
108456
108457
108458
108459
108460
108461
108462
108463
108464
108465
108466
108467
108468
108469
108473
108474
108475
108476
108477
108478
108479
108480
108481
108482
108483
108484
108485
108486
108490
108491
108492
108493
108494
108495
108496
108497
108498
108499
108500
108501
108502
108503
109099
109100
109101
109102
109103
109104
109105
109106
109107
109108
109109
109110
109111
109112
109113
109114
109115
109116
109117
109122
109123
109124
109125
109126
109127
109128
109129
109130
109131
109132
109133
109134
109135
109136
109139
109140
109141
109142
109143
109144
109145
109146
109147
109148
109149
109150
109151
109152
109729
109730
109731
109732
109733
109734
109735
109736
109737
109738
109739
109740
109741
109742
109743
109744
109745
109746
109747
109748
109749
109750
109751
109757
109758
109759
109760
109761
109762
109763
109764
109765
109766
109767
109768
109769
109773
109774
109775
109776
109777
109778
109779
109780
109781
109782
109783
109784
109785
109786
110360
110361
110362
110363
110364
110365
110366
110367
110368
110369
110370
110371
110372
110373
110374
110375
110376
110377
110378
110379
110380
110381
110382
110384
110385
110386
110387
110388
110389
110390
110391
110392
110393
110394
110395
110396
110397
110398
110399
110400
110403
110404
110405
110406
110407
110408
110409
110410
110411
110412
110414
110415
110989
110990
110991
110992
110993
110994
110995
110997
110998
110999
111000
111001
111002
111003
111004
111005
111006
111007
111008
111009
111010
111011
111012
111013
111014
111015
111016
111017
111018
111019
111020
111021
111022
111023
111024
111026
111027
111028
111031
111032
111033
111034
111035
111036
111037
111038
111039
111040
111041
111617
111618
111619
111620
111621
111622
111623
111624
111625
111626
111627
111628
111629
111630
111631
111632
111633
111634
111635
111636
111637
111638
111639
111641
111642
111643
111644
111645
111646
111647
111648
111649
111650
111651
111652
111653
111659
111660
111661
111662
111663
111664
111665
111666
111667
111668
111669
111671
112200
112201
112202
112203
112204
112205
112206
112207
112208
112209
112210
112211
112212
112213
112214
112215
112216
112217
112218
112219
112220
112221
112223
112224
112226
112227
112228
112229
112230
112231
112232
112233
112234
112235
112236
112237
112243
112244
112245
112246
112247
112248
112249
112250
112251
112252
112253
112254
112255
112256
112799
112800
112801
112802
112803
112804
112805
112806
112807
112808
112809
112810
112811
112812
112813
112814
112815
112816
112817
112818
112819
112820
112821
112825
112827
112828
112829
112830
112831
112832
112833
112834
112835
112836
112837
112838
112839
112840
112843
112844
112845
112846
112847
112848
112849
112850
112851
112852
112853
112854
113394
113395
113396
113397
113398
113399
113400
113401
113402
113403
113404
113405
113406
113407
113408
113409
113410
113411
113412
113413
113422
113423
113424
113425
113426
113427
113428
113429
113430
113431
113432
113433
113434
113435
113436
113437
113438
113439
113440
113441
113442
113443
113444
113445
113446
113447
113966
113967
113968
113969
113970
113971
113972
113973
113974
113975
113976
113977
113978
113979
113980
113981
113982
113991
113992
113993
113994
113995
113996
113998
113999
114000
114001
114002
114003
114004
114005
114006
114007
114008
114009
114010
114011
114012
114014
114015
114016
114017
114018
114019
114511
114512
114513
114514
114515
114516
114517
114518
114519
114520
114521
114522
114523
114524
114525
114526
114536
114537
114538
114539
114540
114541
114542
114543
114544
114545
114546
114547
114548
114549
114550
114551
114555
114556
114557
114558
114559
114560
115070
115071
115072
115073
115074
115075
115076
115077
115078
115079
115080
115081
115082
115083
115084
115085
115086
115098
115099
115101
115102
115103
115104
115105
115106
115107
115108
115114
115115
115116
115117
115118
115119
115120
115625
115626
115627
115628
115629
115630
115633
115634
115635
115636
115637
115638
115639
115640
115649
115650
115651
115652
115653
115654
115655
115656
115657
115658
115659
115660
115669
115670
115671
115672
116175
116176
116177
116178
116182
116183
116184
116185
116186
116187
116188
116189
116202
116203
116204
116205
116206
116207
116208
116209
116210
116211
116212
116213
116214
116223
116737
116738
116739
116740
116744
116745
116746
116757
116759
116760
116761
116762
116763
116764
116765
116766
116767
117293
117294
117295
117296
117313
117314
117315
117316
117317
117318
117319
117320
117321
117840
117841
117854
117855
117856
117857
117858
117859
117860
117861
117862
117863
117864
118393
118394
118395
118396
118397
118398
118399
118400
118401
118402
118403
118404
118405
118924
118925
118926
118927
118928
118929
118930
118931
118932
118937
119475
119476
119477
119478
119479
119480
120036