145
146
147
148
149
150
151
609
610
611
1053
1054
1055
1483
1484
1485
1486
1487
1897
1898
1899
1900
1901
1902
2310
2311
2312
2313
2314
2718
2719
2720
2721
2722
2723
2724
2725
2726
2727
3142
3143
3144
3145
3146
3147
3148
3149
3150
3151
3152
3153
3525
3526
3527
3528
3529
3530
3531
3532
3533
3535
3536
3537
3540
3896
3898
3899
3900
3901
3902
3903
3905
3906
3907
3908
3909
3910
3911
3912
3913
3914
4263
4265
4266
4267
4268
4269
4270
4272
4273
4274
4275
4276
4277
4278
4279
4280
4281
4282
4283
4681
4682
4683
4684
4686
4687
4688
4693
4694
4695
4696
4697
4698
4699
4700
4701
5098
5099
5100
5101
5102
5103
5104
5105
5106
5110
5111
5112
5113
5114
5115
5116
5117
5118
5525
5526
5528
5529
5530
5536
5537
5538
5539
5540
5541
5542
5543
5962
5963
5964
5965
5966
5967
5968
5969
5970
5971
5973
5975
5976
6417
6418
6419
6420
6423
6424
6425
6426
6427
6428
6429
6430
6432
6887
6888
6889
6890
6892
6893
6894
6895
6896
6897
6898
6899
6900
6901
6902
6903
6904
7389
7390
7391
7392
7393
7394
7395
7396
7397
7398
7399
7400
7401
7402
7403
7404
7405
7406
7892
7893
7894
7895
7896
7897
7898
7899
7900
7901
7902
7907
7908
7909
7910
8386
8387
8388
8389
8390
8391
8392
8393
8394
8395
8396
8401
8402
8403
8404
8405
8406
8407
8869
8870
8871
8872
8873
8874
8875
8876
8877
8881
8884
8887
8888
8889
8890
8891
8892
8893
9390
9391
9392
9393
9394
9395
9396
9397
9398
9399
9400
9401
9402
9403
9404
9405
9408
9409
9410
9411
9413
9414
9415
9416
9417
9418
9419
9918
9919
9920
9921
9925
9927
9928
9932
9935
9936
9937
9938
9939
9940
9941
9942
10468
10469
10470
10471
10472
10473
10474
10482
10483
10484
10485
10486
10487
10488
10490
10491
11021
11022
11023
11024
11025
11026
11035
11036
11037
11038
11039
11040
11584
11585
11586
11587
11597
11598
11599
11601
12170
12171
12187
488713
488714
489108
489109
489110
489111
489112
489533
489534
489535
489536
489537
489538
489539
489961
489962
489963
489964
489965
490376
490377
490378
490379
490380
490381
490384
490385
490782
490783
490784
490785
490786
490787
490788
490789
490790
490791
490792
490793
491177
491178
491179
491180
491181
491182
491183
491184
491185
491186
491187
491197
491589
491590
491592
491593
491594
491595
491596
491607
491608
492006
492007
492008
492009
492010
492011
492012
492013
492014
492015
492023
492024
492025
492026
492027
492028
492034
492426
492427
492428
492429
492430
492431
492432
492433
492434
492435
492436
492445
492446
492447
492448
492449
492450
492454
492455
492456
492457
492458
492848
492849
492850
492851
492852
492853
492854
492855
492856
492857
492858
492859
492860
492861
492863
492864
492865
492866
492867
492868
492869
492873
492874
492875
492876
492877
492878
492879
493282
493283
493284
493285
493286
493287
493288
493289
493290
493291
493292
493293
493294
493295
493296
493297
493299
493300
493301
493302
493303
493304
493305
493306
493307
493308
493309
493310
493311
493312
493314
493315
493316
493317
493318
493319
493709
493710
493711
493712
493713
493714
493715
493716
493717
493718
493719
493720
493721
493722
493723
493724
493725
493726
493727
493728
493729
493730
493731
493732
493733
493734
493735
493736
493737
493738
493739
493740
493741
493742
493743
493744
493745
494141
494142
494143
494144
494145
494146
494149
494150
494151
494152
494153
494154
494155
494156
494157
494158
494159
494160
494161
494162
494163
494164
494165
494166
494167
494168
494169
494170
494171
494172
494173
494174
494175
494179
494180
494181
494594
494595
494596
494597
494598
494599
494604
494605
494606
494607
494608
494609
494610
494611
494612
494613
494614
494615
494616
494617
494618
494619
494620
494621
494622
494623
494624
494625
494626
494632
495049
495050
495051
495052
495053
495054
495056
495057
495058
495059
495060
495061
495062
495063
495064
495065
495066
495067
495068
495069
495070
495071
495072
495073
495074
495075
495076
495077
495078
495079
495080
495081
495082
495498
495499
495500
495501
495502
495503
495504
495505
495506
495507
495508
495509
495510
495511
495512
495513
495514
495515
495516
495517
495518
495519
495520
495521
495522
495523
495524
495525
495526
495527
495528
495529
495530
495531
495532
495533
495534
495535
495537
495951
495952
495954
495955
495956
495957
495958
495959
495960
495961
495962
495963
495964
495965
495966
495967
495968
495969
495970
495971
495972
495973
495974
495975
495976
495977
495978
495979
495980
495981
495982
495983
495986
496389
496390
496392
496393
496394
496395
496396
496398
496399
496400
496401
496402
496403
496404
496405
496406
496410
496411
496412
496413
496414
496415
496416
496417
496418
496419
496420
496421
496422
496423
496424
496425
496426
496427
496428
496429
496430
496431
496842
496845
496846
496847
496848
496849
496850
496851
496852
496853
496854
496855
496856
496857
496858
496859
496863
496864
496865
496866
496867
496868
496869
496870
496871
496872
496873
496874
496875
496876
496877
496878
497325
497326
497327
497328
497329
497330
497331
497332
497333
497334
497335
497336
497337
497338
497339
497340
497341
497342
497343
497344
497345
497347
497348
497349
497350
497351
497352
497353
497354
497355
497356
497357
497810
497811
497812
497813
497814
497815
497816
497817
497818
497819
497820
497821
497822
497823
497824
497826
497827
497828
497832
497833
497834
497835
497836
497837
497838
497839
497840
498303
498304
498305
498306
498307
498308
498309
498310
498311
498312
498313
498314
498315
498316
498319
498320
498328
498329
498330
498331
498332
498334
498813
498814
498815
498816
498817
498818
498819
498820
498821
498822
498823
498824
498825
498826
498827
498830
498831
498832
498842
498843
498844
498845
499333
499334
499335
499336
499337
499338
499339
499340
499341
499342
499343
499344
499345
499346
499347
499348
499349
499350
499353
499363
499364
499365
499366
499859
499860
499861
499862
499863
499864
499865
499866
499867
499868
499869
499870
499871
499872
499895
499897
499898
500397
500398
500399
500400
500401
500402
500403
500404
500405
500406
500407
500408
500435
500436
500933
500934
500935
500936
500937
500938
500939
500940
500941
500942
500943
500944
500945
500946
500947
501454
501455
501456
501457
501458
501459
501460
501461
501462
501463
501464
501465
501466
501467
501468
501469
501470
501972
501973
501974
501975
501976
501977
501978
501979
501980
501981
502435
502436
502437
502438
502439
502440
502441
502889
502890
502891
502892
502893
503353
503354
503355
503356
503357
503358
503359