353652
353653
354226
354227
354815
354818
354819
354820
355423
355424
355425
355426
355427
355428
355429
355430
356014
356015
356016
356017
356018
356019
356020
356021
356022
356023
356024
356025
356606
356607
356608
356610
356611
356612
356613
356614
356615
356616
356617
356618
356619
357164
357165
357167
357168
357169
357170
357171
357172
357173
357174
357175
357176
357177
357178
357179
357718
357719
357720
357721
357722
357723
357724
357725
357726
357727
357728
357729
357730
357731
357732
357733
357734
357736
357737
358261
358262
358263
358264
358265
358266
358267
358268
358269
358270
358271
358272
358273
358274
358275
358276
358277
358278
358279
358280
358281
358803
358804
358805
358806
358807
358808
358809
358810
358811
358812
358813
358814
358815
358816
358817
358818
359330
359331
359332
359333
359334
359335
359336
359337
359338
359339
359340
359341
359342
359343
359344
359345
359346
359347
359348
359349
359350
359351
359352
359861
359862
359863
359864
359865
359866
359867
359868
359869
359870
359871
359872
359873
359874
359875
359876
359877
359878
359879
359880
359881
359882
359883
359884
359885
360361
360362
360363
360364
360365
360366
360367
360368
360370
360372
360373
360374
360375
360376
360377
360378
360379
360380
360381
360382
360383
360384
360385
360386
360387
360388
360859
360860
360861
360862
360863
360864
360865
360870
360871
360872
360873
360874
360875
360876
360877
360878
360879
360880
360881
360882
360883
361355
361356
361357
361358
361359
361360
361361
361362
361363
361364
361365
361366
361367
361368
361369
361370
361371
361372
361373
361374
361375
361376
361377
361378
361379
361380
361877
361878
361879
361880
361881
361882
361883
361884
361885
361886
361887
361888
361889
361890
361891
361892
361893
361894
361895
361896
361897
361898
361899
361900
361901
361902
361903
362409
362411
362412
362413
362414
362415
362417
362418
362419
362420
362421
362422
362423
362424
362426
362427
362428
362429
362430
362431
362432
362433
362434
362435
362934
362935
362936
362937
362938
362939
362940
362941
362942
362943
362944
362945
362946
362947
362948
362949
362950
362951
362952
362953
362954
362955
362957
363441
363442
363443
363444
363445
363446
363447
363448
363449
363450
363451
363452
363453
363454
363455
363456
363457
363458
363459
363460
363461
363462
363968
363969
363970
363972
363973
363974
363975
363976
363977
363980
363981
363982
363983
363984
363985
363986
363987
363988
363989
364490
364491
364492
364493
364494
364495
364496
364497
364498
364499
364500
364501
364502
364503
364504
364505
364506
364997
364998
364999
365000
365001
365002
365003
365004
365005
365006
365007
365008
365009
365010
365011
365012
365013
365014
365015
365016
365017
365489
365490
365491
365492
365493
365494
365495
365496
365497
365498
365499
365500
365501
365502
365503
365965
365966
365967
365968
365969
365970
365971
365972
365973
365974
365975
365976
365977
366430
366431
366432
366433
366434
366435
366436
366437
366438
366439
366440
366441
366442
366443
366444
366445
366446
366447
366448
366449
366450
366917
366918
366919
366920
366921
366922
366923
366924
366925
366926
366927
366928
366929
366930
366931
366932
366933
366934
366935
366936
366937
366938
366939
366940
366941
366942
366943
367415
367416
367417
367418
367419
367420
367421
367422
367423
367424
367425
367426
367427
367428
367429
367430
367431
367432
367433
367434
367435
367436
367437
367438
367439
367440
367441
367442
367443
367444
367445
367446
367447
367448
367449
367450
367451
367452
367453
367922
367923
367924
367925
367926
367927
367928
367929
367930
367931
367933
367934
367935
367936
367937
367938
367939
367940
367941
367942
367943
367944
367945
367946
367947
367948
367949
367950
367951
367952
367953
367954
367955
367956
367957
367958
368445
368446
368447
368448
368449
368450
368451
368452
368453
368454
368456
368457
368458
368459
368460
368461
368462
368463
368464
368465
368466
368467
368468
368469
368470
368471
368472
368473
368474
368945
368946
368948
368949
368950
368951
368952
368953
368956
368957
368960
368961
368962
368963
368964
368965
368966
368967
368968
368969
368970
368971
368972
368973
368974
368975
368976
369434
369435
369436
369437
369438
369439
369440
369441
369442
369443
369444
369445
369447
369448
369449
369450
369451
369452
369453
369454
369455
369456
369457
369458
369459
369460
369461
369912
369913
369915
369916
369917
369918
369919
369920
369925
369926
369927
369928
369929
369930
369931
369932
369933
369934
369935
369936
369937
369938
369939
369940
369941
370411
370412
370413
370414
370415
370416
370417
370418
370423
370424
370425
370426
370427
370428
370429
370430
370431
370432
370433
370434
370435
370436
370437
370438
370439
370440
370925
370927
370928
370929
370930
370931
370932
370936
370937
370938
370939
370940
370941
370942
370943
370944
370945
370946
371436
371444
371445
371446
371447
371448
371449
371450
371451
371452
371453
371454
371455
371456
371457
371948
371949
371950
371951
371952
371953
371954
371955
371956
372447
372448
372449
372450
372451
372455
372960
372961
372962
372963
372964
372965
372970
372971
373490
373491
373492
373493
373494
373495
373498
373499
373500
373501
374030
374031
374032
374033
374034
374035
374036
374037
374039
374040
374604
374605
374606
374607
374608
374609
374610
374612
374613
374614
375182
375183
375184
375185
375186
375188
375189
375190
375191
375192
375193
375194
375195
375196
375197
375781
375782
375783
375784
375786
375788
375789
375790
375791
375792
375793
375794
375795
375796
375797
375798
376388
376389
376390
376391
376392
376393
376394
376395
376396
376397
376398
376399
376400
376401
376402
376403
376404
376405
376995
376996
376997
376998
376999
377000
377001
377002
377003
377004
377005
377006
377007
377008
377009
377010
377011
377599
377600
377601
377602
377603
377604
377605
377606
377607
377608
377609
377610
377611
378160
378161
378162
378163
378164
378165
378166
378167
378168
378169
378170
378171
378172
378173
378174
378175
378176
378705
378706
378707
378708
378709
378710
378711
378712
379244
379245
379246
379247
379248
379249
379804
379805
379806
379807
379808
379809
379810
380372
380373
380374
380375
380376
380377
380944
380945
380946
380947
380948
380949
380950
381526
381527
381528
381529
381530
381531
381532
382089
382090
382091
382092
382093
382094
382628
382629
382630
382631
382632
382633
382634
382637
382638
382639
383204
383205
383206
383207
383208
383209
383210
383211
383212
383213
383214
383767
383768
383769
383770
383771
383772
383773
383774
383775
383776
383777
383778
384341
384342
384343
384344
384345
384346
384347
384348
384349
384350
384351
384352
384353
384354
384355
384356
384904
384905
384906
384907
384908
384909
384910
384911
384912
384913
384914
384915
384916
385457
385458
385459
385461
385462
385463
385464
385465
385466
385467
386019
386022
386023
386024
386025
386026
386027
386028
386566
386567
386570
386571
386572
386573
386574
386575
387123
387124
387125
387126
387127
387128
387129
387677
387678
387679
387680
387681