100532
100533
101209
101210
101876
101877
101878
101879
101880
101881
102520
102521
102522
102523
102524
103142
103143
103144
103145
103146
103148
103751
103752
103753
103754
103755
103756
103757
103758
104369
104370
104371
104374
104375
104377
104378
104379
104380
104381
104995
104996
104997
104998
104999
105001
105002
105003
105004
105005
105006
105618
105619
105620
105621
105622
105623
105624
105625
105626
105627
105628
105629
105630
106230
106231
106232
106233
106234
106235
106236
106237
106238
106239
106240
106241
106242
106243
106841
106842
106843
106844
106845
106846
106848
106849
106850
106851
106854
106855
106856
106857
107435
107436
107437
107438
107439
107440
107441
107442
107443
107444
107450
107451
107452
107453
108039
108040
108041
108042
108045
108046
108047
108052
108053
108054
108663
108664
108665
108666
108671
108672
108673
108674
108675
108676
108677
108678
108679
108680
108681
108682
109295
109296
109297
109298
109299
109300
109301
109302
109303
109314
109315
109316
109317
109318
109319
109320
109321
109932
109933
109934
109935
109936
109937
109938
109939
109952
109953
110548
110549
110550
110551
110552
110553
110554
110555
110570
111191
111192
111193
111194
111195
111196
111197
111198
111199
111200
111217
111218
111808
111809
111810
111811
111812
111813
111814
111815
111816
111817
111818
111836
111837
112403
112404
112405
112406
112407
112409
112410
112411
112412
112413
112428
112429
112430
112431
112432
112433
112434
112995
112996
112997
112998
112999
113000
113001
113002
113003
113004
113005
113020
113021
113022
113023
113024
113585
113586
113587
113590
113591
113592
114148
114149
114150
114151
114152
114705
114706
115260
115261
115264
115265
115809
115810
115811
115812
115813
115814
116369
116370
116371
116372
116373
116917
116918
116920
116921
116922
116923
116929
117477
117478
117479
117480
117481
117482
117483
117485
117486
117487
117488
117492
117493
117494
117495
117496
117497
117499
118023
118024
118025
118026
118027
118028
118029
118030
118032
118033
118034
118035
118036
118037
118038
118039
118040
118041
118042
118567
118568
118569
118570
118571
118572
118573
118574
118575
118576
118577
118578
118579
118580
118581
118582
118583
118584
118585
118586
118587
118588
119097
119098
119099
119100
119101
119102
119103
119104
119105
119106
119107
119108
119109
119110
119111
119112
119113
119114
119115
119116
119117
119118
119119
119120
119121
119122
119123
119641
119642
119643
119644
119645
119646
119647
119648
119649
119650
119651
119652
119653
119654
119655
119656
119657
119658
119659
119660
119661
119662
119663
119664
119665
119666
119667
119669
119670
119671
119672
119673
120181
120182
120185
120186
120187
120188
120189
120190
120191
120192
120193
120194
120195
120196
120198
120199
120200
120201
120202
120203
120204
120205
120206
120207
120208
120209
120210
120211
120212
120213
120214
120215
120216
120217
120218
120219
120228
120229
120230
120231
120232
120233
120721
120722
120723
120724
120725
120726
120727
120728
120729
120730
120731
120732
120733
120734
120736
120737
120738
120739
120740
120741
120742
120743
120744
120745
120746
120747
120748
120749
120750
120751
120752
120753
120754
120755
120756
120757
120758
120762
120763
120764
120767
120768
120769
120770
120771
121253
121254
121255
121256
121257
121258
121259
121260
121261
121262
121263
121264
121265
121266
121267
121268
121269
121270
121271
121272
121273
121274
121275
121276
121277
121278
121279
121280
121281
121282
121283
121284
121285
121286
121287
121288
121289
121290
121293
121294
121295
121300
121301
121303
121304
121305
121306
121765
121766
121767
121768
121769
121770
121771
121772
121773
121774
121775
121776
121777
121778
121779
121780
121781
121782
121783
121784
121785
121786
121787
121788
121789
121790
121791
121792
121793
121794
121795
121796
121797
121798
121799
121800
121801
121802
121803
121804
121805
121806
121807
121808
121809
121810
121814
121815
121816
121817
122285
122286
122287
122289
122294
122295
122296
122297
122298
122299
122300
122301
122302
122303
122304
122305
122306
122307
122308
122309
122310
122311
122312
122313
122314
122315
122316
122317
122318
122319
122320
122321
122322
122323
122324
122325
122326
122327
122328
122329
122330
122331
122823
122824
122830
122831
122832
122833
122834
122835
122836
122837
122838
122839
122840
122841
122842
122843
122844
122845
122846
122847
122848
122849
122850
122851
122852
122853
122854
122855
122856
122857
122858
122859
122860
122861
122862
122863
122864
122865
122866
122867
123387
123388
123389
123390
123391
123392
123393
123394
123395
123396
123397
123398
123399
123400
123401
123402
123403
123404
123405
123406
123407
123408
123409
123410
123411
123412
123413
123414
123415
123416
123417
123418
123419
123420
123421
123422
123423
123963
123964
123965
123966
123967
123968
123969
123970
123971
123972
123973
123974
123975
123976
123977
123978
123979
123980
123981
123982
123983
123984
123985
123986
123987
123988
123989
123990
123991
123992
123993
123994
124530
124531
124532
124533
124534
124535
124536
124537
124538
124539
124540
124541
124542
124543
124544
124545
124546
124547
124548
124549
124550
124551
124552
124553
124554
124555
124556
124557
124558
124559
124560
124561
124562
124563
124564
124565
125079
125080
125081
125082
125083
125084
125085
125086
125087
125088
125089
125090
125091
125092
125093
125094
125095
125096
125097
125098
125099
125100
125101
125102
125103
125104
125105
125106
125107
125108
125109
125110
125111
125112
125113
125630
125631
125632
125633
125634
125635
125636
125637
125638
125639
125640
125641
125642
125643
125644
125645
125646
125647
125648
125649
125650
125651
125652
125653
125654
125655
125656
125657
125658
125659
125660
125661
125662
125663
125664
125665
126178
126179
126180
126181
126182
126183
126184
126185
126186
126187
126188
126189
126190
126191
126192
126193
126194
126195
126196
126197
126198
126199
126200
126201
126202
126203
126204
126205
126206
126207
126208
126209
126731
126732
126733
126734
126735
126736
126737
126738
126739
126740
126741
126742
126743
126744
126745
126746
126747
126748
126749
126750
126751
126752
126753
126754
127276
127277
127278
127279
127280
127281
127282
127283
127284
127285
127286
127287
127288
127289
127290
127291
127292
127293
127294
127295
127296
127297
127298
127299
127300
127301
127803
127804
127805
127806
127807
127808
127809
127810
127811
127812
127813
127814
127815
127816
127817
127818
127819
127820
127821
127827
127828
128319
128320
128321
128322
128323
128324
128325
128326
128327
128328
128334
128335
128336
128345
128813
128814
128815
128816
128817
128818
128819
128820
128825
128826
128827
128828
128829
128830
128831
128832
129323
129324
129325
129329
129330
129335
129336
129337
129338
129339
129340
129341
129342
129836
129837
129840
129841
129842
129844
129845
129846
129847
129848
129849
129850
129851
129852
129853
130348
130349
130350
130351
130352
130353
130354
130355
130356
130357
130358
130359
130360
130872
130873
130874
130875
130876
131384