265839
265840
266463
266464
266465
266466
266467
267063
267066
267067
267068
267069
267082
267675
267676
267677
267678
267679
267680
267685
267694
267695
267696
268298
268299
268300
268304
268305
268306
268307
268309
268310
268311
268312
268313
268314
268316
268317
268319
268325
268326
268327
268925
268926
268927
268928
268929
268930
268931
268932
268933
268934
268935
268936
268937
268938
268939
268940
268941
268942
268943
268944
268945
268946
268947
268948
268949
268953
268954
268955
269542
269543
269544
269545
269546
269547
269548
269549
269550
269551
269552
269553
269554
269555
269556
269557
269558
269559
269560
269561
269562
269563
269564
269565
269566
269572
269573
269598
269602
270184
270185
270186
270187
270188
270189
270190
270191
270192
270193
270194
270195
270196
270197
270200
270201
270203
270204
270205
270206
270207
270210
270211
270212
270213
270214
270215
270218
270235
270236
270237
270238
270239
270828
270829
270830
270831
270832
270833
270834
270835
270836
270837
270838
270839
270840
270841
270842
270843
270844
270846
270847
270848
270849
270850
270851
270856
270857
270858
270863
270864
270874
270875
270876
270877
270878
270879
271475
271476
271477
271478
271479
271480
271481
271482
271483
271485
271486
271487
271488
271489
271490
271491
271492
271494
271495
271496
271497
271498
271499
271500
271505
271506
271507
271508
271510
271511
271512
271514
271515
271516
271526
271527
271528
271529
271530
271531
271532
271533
272134
272135
272136
272137
272138
272139
272140
272141
272142
272143
272144
272145
272146
272148
272151
272152
272153
272154
272155
272156
272157
272158
272159
272160
272161
272162
272163
272164
272173
272174
272175
272176
272177
272178
272179
272180
272181
272182
272773
272774
272775
272776
272777
272778
272779
272780
272781
272782
272783
272786
272787
272788
272789
272790
272791
272792
272793
272794
272795
272796
272797
272798
272799
272800
272801
272811
272812
272813
272814
272818
272819
273431
273432
273433
273434
273435
273436
273437
273438
273442
273443
273444
273445
273446
273447
273448
273449
273450
273451
273452
273453
273454
273455
273456
273465
273466
273467
273468
273469
273470
274089
274091
274092
274093
274094
274095
274096
274099
274100
274101
274102
274103
274104
274105
274106
274107
274108
274109
274110
274111
274112
274113
274114
274115
274116
274117
274125
274126
274127
274128
274129
274130
274131
274726
274727
274728
274731
274732
274733
274734
274735
274736
274737
274738
274739
274740
274741
274742
274743
274744
274746
274747
274748
274749
274753
274754
274757
274758
275346
275347
275348
275349
275350
275351
275352
275353
275354
275355
275356
275357
275358
275359
275360
275361
275362
275363
275364
275369
275370
275372
275373
275374
275375
275376
275378
275978
275979
275980
275981
275982
275983
275984
275985
275986
275987
275988
275989
275990
275991
275992
275993
275994
275995
276000
276001
276002
276003
276004
276005
276006
276007
276008
276009
276010
276621
276622
276623
276624
276625
276626
276627
276628
276629
276630
276631
276632
276633
276634
276636
276637
276638
276639
276640
276641
276642
276643
276644
276645
276646
276647
276648
276649
276650
276651
277231
277232
277236
277238
277239
277240
277241
277242
277243
277244
277245
277246
277247
277248
277249
277250
277251
277252
277253
277254
277255
277256
277257
277848
277850
277851
277852
277853
277854
277856
277857
277859
277860
277861
277862
277863
277864
277865
277866
277867
277869
278454
278455
278456
278457
278458
278459
278460
278461
278462
278463
278464
278465
278466
278467
278468
278469
278470
278471
278472
278473
278474
278475
279055
279056
279057
279058
279062
279063
279064
279065
279066
279067
279068
279069
279070
279072
279674
279680
279681
279682
279683
279684
280280
280281
280282
280283
280874
280876
280877
280878
281465
281466
281467
281468
281469
282062
282065
282066
282067
282647
282648
282649
282650
282651
282652
282653
283246
283247
283248
283251
283252
283253
283254
283255
283256
283257
283858
283859
283860
283861
283862
283863
283864
283865
283866
284468
284469
284470
284473
284474
284478
285079
285080
285082
285083
285654
285655
285656
285657
285658
285659
286191
286192
286193
286194
286195
286196
286721
286722
286723
286724
286725
286726
286727
287233
287234
287235
287236
287237
287238
287239
287240
287746
287747
287748
287749
287750
287751
288272
288273
288274
288275
288276
288277
288792
288793
288794
288795
288796
289276
289280
289281
289282
289286
289287
289288
289289
289290
289753
289754
289755
289756
289757
289758
289759
289765
289766
289767
289768
289769
290249
290250
290251
290252
290253
290254
290255
290260
290261
290262
290263
290264
290265
290743
290744
290745
290746
290747
290748
290749
290752
290753
290754
290755
290756
290757
291206
291207
291208
291209
291210
291211
291212
291214
291215
291216
291217
291218
291219
291672
291673
291674
291675
291676
291677
291678
291679
291680
291681
291682
291683
291684
291685
291686
291687
292160
292161
292162
292163
292164
292165
292166
292167
292168
292169
292170
292171
292172
292173
292174
292175
292176
292660
292661
292662
292663
292664
292667
292668
292669
292670
292671
292672
292673
292675
292676
292677
292678
292679
293171
293172
293173
293174
293175
293176
293177
293178
293179
293180
293181
293182
293183
293184
293185
293186
293187
293188
293189
293190
293673
293674
293675
293676
293677
293678
293679
293680
293681
293682
293683
293684
293685
293686
293687
293688
294180
294181
294182
294183
294184
294185
294186
294187
294188
294189
294190
294191
294668
294669
294670
294671
294672
294673
294674
294675
295142
295143
295144
295145
295146
295147
295148
295149
295150
295627
295628
295629
295630
295631
295632
295633
295634
295635
295636
295637
295638
295639
295640
296105
296106
296107
296108
296109
296110
296111
296112
296113
296115
296116
296117
296588
296589
296590
296591
296592
296593
296594
296595
296596
296597
296598
296599
296600
296601
296602
297084
297085
297086
297087
297088
297089
297090
297091
297092
297093
297095
297096
297097
297098
297099
297100
297101
297102
297593
297594
297595
297596
297597
297598
297599
297600
297601
297602
297603
297604
297605
297606
297607
297608
297609
297610
297611
297612
298107
298108
298109
298110
298111
298112
298113
298114
298115
298116
298117
298118
298119
298120
298121
298122
298123
298124
298125
298624
298625
298626
298627
298628
298629
298630
298631
298632
298633
298635
298636
298637
298638
298639
298640
298641
298642
298643
298644
299136
299137
299138
299139
299140
299141
299142
299143
299147
299149
299150
299151
299152
299153
299154
299155
299156
299159
299160
299666
299667
299668
299669
299673
299674
299675
299676
299677
299678
299679
299680
299681
299682
299683
299684
299685
299686
299687
300177
300178
300179
300180
300181
300184
300185
300186
300187
300188
300189
300190
300191
300192
300193
300194
300195
300196
300197
300198
300719
300720
300721
300722
300723
300729
300730
300731
300732
300733
301250
301259
301260
301261
301805
301806
302331