368927
369413
369414
369415
369416
369884
369885
369887
369888
369889
369890
370379
370380
370381
370382
370385
370386
370387
370888
370889
370890
370891
370897
370898
371393
371394
371395
371396
371397
371398
371399
371404
371405
371406
371898
371899
371900
371901
371902
371903
371904
371905
371907
371908
371909
371910
371911
371912
371913
372405
372406
372407
372408
372409
372410
372411
372412
372413
372414
372415
372416
372417
372418
372419
372925
372926
372927
372928
372929
372930
372931
372932
372933
372934
372935
372936
372937
372938
372940
372941
373456
373457
373458
373459
373460
373461
373462
373463
373464
373465
373466
373467
373468
373469
373470
373993
373994
373995
373996
373997
373998
373999
374000
374001
374002
374003
374004
374005
374006
374007
374008
374011
374012
374022
374023
374567
374568
374569
374570
374571
374572
374573
374574
374575
374576
374577
374578
374579
374580
374581
374582
374583
374584
374585
374586
374588
374589
374592
374593
374594
374595
374596
374597
374598
374599
375149
375154
375155
375156
375157
375158
375159
375160
375161
375162
375163
375164
375165
375166
375167
375168
375169
375170
375173
375176
375745
375746
375747
375748
375749
375750
375751
375752
375753
375754
375755
375756
375757
375758
375759
375760
375761
375762
375763
375768
375769
375773
375774
375775
375776
376350
376351
376352
376353
376356
376357
376358
376359
376360
376361
376362
376363
376364
376365
376366
376367
376368
376369
376370
376371
376372
376373
376374
376375
376376
376380
376381
376382
376384
376954
376955
376956
376957
376961
376962
376963
376964
376965
376966
376967
376968
376969
376970
376971
376972
376974
376975
376976
376977
376979
376980
376981
376982
376983
376984
376985
376986
376987
377570
377571
377572
377573
377574
377575
377576
377577
377578
377579
377581
377582
377583
377584
377586
377587
377588
377589
377590
377591
377592
377593
378129
378130
378131
378132
378133
378134
378135
378136
378137
378138
378139
378141
378142
378143
378144
378145
378146
378147
378148
378149
378151
378152
378153
378154
378155
378156
378675
378676
378677
378678
378679
378680
378681
378682
378683
378684
378685
378686
378687
378688
378689
378690
378691
378692
378693
378694
378695
378696
378697
378698
378699
378700
378701
378702
378703
378704
379214
379215
379216
379217
379218
379219
379220
379221
379222
379223
379224
379225
379226
379227
379228
379229
379230
379231
379232
379233
379234
379235
379236
379237
379238
379239
379240
379241
379242
379243
379776
379777
379778
379779
379780
379781
379782
379783
379784
379785
379786
379787
379788
379789
379790
379791
379792
379793
379794
379795
379796
379797
379798
379799
379800
379801
379802
379803
380340
380341
380342
380343
380344
380345
380346
380347
380348
380349
380350
380351
380352
380353
380354
380355
380356
380357
380358
380359
380360
380361
380362
380363
380364
380365
380366
380367
380368
380369
380370
380371
380915
380916
380917
380918
380919
380920
380921
380922
380923
380924
380925
380926
380927
380928
380929
380930
380931
380932
380933
380934
380935
380936
380937
380938
380939
380940
380941
380942
380943
381500
381501
381502
381503
381504
381505
381506
381507
381508
381509
381510
381511
381512
381513
381514
381515
381516
381517
381518
381519
381520
381521
381522
381523
381524
381525
382064
382065
382066
382067
382068
382069
382070
382071
382072
382073
382074
382075
382076
382077
382078
382079
382080
382081
382082
382083
382084
382085
382086
382087
382088
382607
382608
382609
382610
382611
382612
382613
382614
382615
382616
382617
382618
382619
382620
382621
382622
382623
382624
382625
382626
382627
383178
383179
383180
383181
383182
383183
383184
383185
383186
383187
383188
383193
383194
383195
383196
383197
383198
383199
383200
383201
383202
383203
383745
383746
383747
383748
383749
383750
383753
383754
383759
383760
383761
383762
383763
383764
383765
383766
384319
384320
384321
384322
384325
384326
384327
384328
384330
384331
384332
384333
384334
384335
384336
384337
384338
384339
384340
384883
384884
384886
384887
384888
384889
384890
384891
384892
384893
384894
384895
384896
384897
384898
384899
384900
384901
385437
385438
385439
385440
385441
385442
385443
385444
385445
385446
385447
385448
385449
385450
385451
386003
386004
386005
386006
386007
386008
386009
386010
386011
386012
386545
386546
386547
386548
386549
386550
386551
386552
386553
386554
386555
386556
386557
386558
387106
387107
387108
387109
387110
387111
387659
387660
387661
387662
387663
387664
387665
388222
388223
388224
388225
388226
388227
388228
388776
388777
388778
388779
388780
388781
389316
389317
389318
389319
389320
389321
389863
389864
389865
389866
389867
389868
390405
390406
390407
390408
390409
390410
390411
390962
390963
390964
390965
390966
390987
391509
391510
391511
391512
391530
391531
391532
391533
392064
392065
392066
392067
392068
392069
392084
392089
392090
392091
392092
392093
392094
392618
392619
392620
392621
392622
392634
392635
392638
392639
392640
392641
392642
392643
392644
392645
392646
392647
392648
392649
393147
393148
393149
393150
393151
393152
393153
393154
393161
393162
393163
393164
393165
393166
393167
393172
393173
393675
393676
393677
393678
393679
393680
393681
393682
393683
393684
393685
393690
393695
393696
393697
393698
393699
393700
393705
393706
393707
394219
394220
394221
394222
394223
394224
394225
394226
394227
394228
394229
394230
394231
394233
394234
394235
394236
394237
394238
394239
394242
394243
394244
394245
394251
394738
394739
394740
394742
394743
394744
394745
394746
394747
394748
394749
394750
394751
394752
394754
394755
394756
394766
394767
394768
394769
394770
395272
395273
395274
395275
395276
395277
395278
395279
395282
395283
395286
395287
395288
395300
395301
395302
395303
395819
395820
395821
395823
395824
395825
395834
395835
395847
395848
395849
395850
396389
396390
396391
396392
396393
396394
396395
396916
396917
396918
396919
396920
396921
396922
397430
397431
397432
397433
397434
397435
397436
397957
397962
397963
397964
397965
397966
397967
397968
397969
397970
397971
397972
398508
398511
398512
398513
398514
398515
398516
398517
398518
398519
398520
398521
398522
399079
399080
399081
399082
399083
399084
399085
399086
399087
399088
399089
399090
399091
399092
399093
399094
399613
399614
399615
399616
399617
399618
399619
399622
399623
399624
399625
399626
400137
400144
400145
400146
400147
400148
400149
400634
400635
400636
400637
400638
400639
400641
400643
400644
401127
401128
401129
401130
401131
401132
401133
401134
401135
401136
401137
401138
401139
401140
401141
401142
401636
401637
401640
401641
401642
401643
401644
401645
401646
401647
402132
402133
402138
402139
402140
402141
402142
402143
402144
402145
402146
402647
402648
402649
402650
402651
402652
402653
402654
402655
403139
403140
403141
403142
403143
403144
403145
403614
403615
403616
403617
403618
403619
403620
404094
404095
404096
404097
404562
404563
404564
405026
405027
405028
405029
405478
405479
405480