50617
50618
51078
51079
51537
51538
51539
51990
51991
51992
52456
52457
52458
52459
52460
52461
52462
52921
52922
52923
52924
52925
52926
52927
53376
53377
53378
53379
53380
53382
53383
53384
53385
53826
53827
53828
53829
53831
53832
53833
53834
53835
54302
54303
54304
54305
54306
54307
54311
54312
54779
54780
54781
54782
55250
55251
55252
55253
55254
55255
55256
55739
55740
55741
56224
56225
56226
56227
56726
56727
56734
56735
57243
57244
57245
57246
57254
57255
57256
57257
57808
57809
57810
57811
57812
57813
57814
57819
57820
57821
57822
57823
58365
58366
58367
58368
58369
58370
58372
58373
58378
58379
58380
58381
58921
58922
58923
58924
58925
58926
58927
58928
58929
58930
58934
58935
58936
59498
59499
59500
59501
59502
59503
59504
59505
59506
59507
59510
59511
59512
60092
60093
60094
60095
60096
60097
60098
60099
60100
60101
60102
60103
60104
60106
60107
60108
60109
60705
60706
60707
60708
60709
60710
60711
60712
60713
60714
60715
60716
60717
60718
60719
60720
60721
60722
60723
60724
61297
61299
61300
61301
61302
61303
61304
61305
61306
61307
61308
61309
61310
61311
61312
61313
61314
61315
61316
61317
61318
61878
61879
61880
61881
61882
61885
61886
61887
61888
61889
61890
61891
61892
61893
61894
61895
61896
61897
61898
61899
61900
61901
61902
61903
61904
61905
61906
61907
61908
61909
61910
61911
61912
62458
62459
62460
62461
62462
62463
62464
62465
62466
62471
62472
62473
62474
62475
62476
62477
62478
62479
62480
62481
62482
62483
62484
62485
62486
62487
62489
62490
62491
62492
62493
62494
62495
63029
63030
63031
63032
63033
63034
63035
63036
63037
63038
63039
63040
63041
63046
63047
63048
63049
63050
63051
63052
63053
63054
63055
63056
63057
63060
63061
63063
63064
63065
63066
63067
63068
63069
63600
63601
63602
63603
63604
63605
63606
63607
63608
63609
63610
63611
63612
63616
63617
63618
63619
63620
63621
63622
63623
63624
63625
63626
63627
63628
63629
63630
63631
63632
63633
63634
63635
63636
63637
63638
63639
63640
63641
63642
63643
63644
63645
63646
63647
63648
63649
64188
64189
64190
64191
64192
64193
64194
64195
64196
64197
64198
64199
64200
64206
64207
64208
64209
64210
64211
64212
64213
64214
64215
64216
64217
64218
64219
64220
64221
64222
64223
64224
64225
64226
64227
64228
64229
64230
64231
64232
64233
64234
64235
64236
64771
64772
64773
64774
64775
64776
64777
64778
64779
64780
64781
64787
64788
64789
64790
64791
64792
64793
64794
64795
64796
64797
64798
64799
64800
64801
64802
64803
64804
64805
64806
64807
64808
64809
64810
64811
64812
64813
64814
64815
64816
64817
64818
64819
64820
64821
64822
65357
65358
65359
65360
65361
65362
65363
65364
65365
65366
65367
65368
65375
65376
65377
65378
65379
65380
65381
65382
65383
65384
65385
65386
65387
65388
65389
65390
65391
65392
65393
65394
65395
65396
65397
65398
65399
65400
65401
65402
65403
65404
65405
65406
65407
65408
65409
65410
65920
65921
65922
65923
65924
65925
65926
65927
65928
65929
65930
65931
65939
65940
65941
65942
65943
65944
65945
65946
65947
65948
65949
65950
65951
65952
65953
65954
65955
65956
65957
65958
65959
65960
65961
65962
65963
65964
65965
65966
65967
65968
65969
65970
66468
66469
66471
66472
66473
66474
66475
66476
66477
66478
66479
66480
66484
66485
66486
66487
66488
66489
66490
66491
66492
66493
66494
66495
66496
66497
66498
66499
66500
66501
66502
66503
66504
66505
66506
66507
66508
66509
66510
66512
66513
66996
66997
66998
66999
67000
67001
67002
67003
67004
67005
67006
67007
67008
67009
67010
67011
67012
67013
67014
67015
67016
67017
67018
67019
67020
67021
67022
67023
67024
67025
67026
67027
67028
67029
67030
67031
67032
67033
67034
67035
67036
67037
67038
67039
67041
67042
67043
67544
67545
67546
67547
67548
67549
67550
67551
67552
67553
67554
67555
67556
67557
67558
67559
67560
67561
67562
67563
67564
67565
67566
67567
67568
67569
67570
67571
67572
67573
67574
67575
67576
67577
67578
67579
67580
67581
67582
67583
67587
67588
68109
68110
68111
68112
68113
68114
68115
68116
68117
68118
68119
68120
68121
68122
68123
68124
68125
68126
68127
68128
68129
68130
68131
68132
68133
68134
68135
68136
68137
68138
68139
68140
68141
68142
68143
68144
68145
68655
68656
68657
68658
68659
68660
68661
68662
68663
68664
68666
68667
68668
68669
68670
68671
68672
68673
68674
68675
68676
68677
68678
68679
68680
68681
68682
68683
68684
68685
68686
69187
69188
69189
69190
69191
69192
69193
69194
69195
69196
69197
69198
69199
69200
69202
69203
69204
69208
69209
69210
69211
69212
69213
69214
69215
69216
69217
69218
69219
69220
69221
69222
69223
69224
69225
69731
69732
69733
69734
69735
69736
69737
69738
69739
69740
69741
69742
69743
69744
69745
69746
69749
69750
69751
69753
69754
69755
69756
69757
69758
69759
69760
69761
69762
69763
69764
69765
69766
69767
70272
70275
70276
70277
70278
70279
70280
70281
70282
70283
70284
70285
70286
70287
70288
70289
70290
70291
70292
70293
70294
70295
70296
70297
70298
70299
70300
70820
70821
70825
70827
70830
70831
70832
70834
70836
70837
70838
70839
70840
70841
70842
70843
70844
70845
71379
71384
71386
71389
71393
71394
71395
71396
71399
71400
71959
71960
71961
71962
71963
72521
72522
72523
72525
72526
72527
72528
72529
72530
72531
73073
73074
73075
73076
73077
73078
73079
73080
73081
73082
73083
73084
73085
73643
73644
73646
73647
73648
73649
73653
74204
74205
74206
74207
74208
74209
74210
74211
74214
74215
74216
74753
74756
74757
74758
74759
74760
74761
74762
74763
74764
75328
75329
75330
75331
75332
75333
75334
75335
75336
75930
75931
75932
75934
75935
75937
76511
76512
77075
77077
77078
77631
77632
77633
77634
77635
78204
78205
78206
78207
78208
78209
78210
78789
78790
78791
78792
78793
78794
78795
78796
78797
78798
78799
78800
79384
79385
79386
79387
79388
79389
79390
79391
79392
79971
79972
79973
79974
79975
79976
79977
79978
79979
79980
79981
79982
79983
79984
80557
80559
80560
80561
80562
80563
80564
80565
80566
80567
80568
81149
81151
81154
81155
81156
81157
81158
81159
81160
81687
81688
81689
81692
81693
81694
81695
81696
81697
81698
82276
82277
82278
82281
82282
82285
82882