231468
231470
232025
232026
232027
232028
232588
232589
232590
232591
233183
233186
233189
233190
233191
233192
233193
233194
233195
233758
233759
233760
233761
233762
233763
233769
233770
233771
233772
233773
233774
233775
233776
234302
234303
234304
234305
234306
234307
234308
234309
234320
234321
234322
234323
234324
234325
234326
234327
234328
234329
234330
234331
234849
234850
234851
234852
234853
234854
234855
234856
234857
234858
234871
234872
234873
234874
234875
234876
234877
234878
234879
234880
234881
234882
234883
234884
234885
234886
234887
234888
235403
235404
235405
235406
235407
235408
235409
235410
235411
235412
235413
235414
235425
235426
235427
235428
235429
235430
235431
235432
235433
235434
235435
235436
235437
235438
235439
235440
235441
235442
235443
235974
235975
235976
235977
235978
235979
235980
235981
235982
235983
235984
235985
235993
235994
235995
235996
235997
235998
235999
236000
236001
236002
236003
236004
236005
236006
236007
236008
236009
236010
236011
236012
236013
236014
236015
236016
236017
236018
236578
236579
236581
236582
236583
236584
236585
236586
236587
236588
236597
236598
236599
236600
236601
236602
236603
236604
236605
236606
236607
236609
236610
236611
236612
236613
236614
236615
236616
236617
236618
236619
236620
236621
237199
237200
237201
237202
237203
237204
237205
237206
237207
237208
237209
237214
237220
237221
237222
237223
237224
237225
237226
237227
237228
237233
237234
237235
237236
237237
237238
237239
237240
237241
237242
237243
237244
237820
237821
237822
237823
237824
237825
237826
237827
237828
237829
237830
237834
237839
237840
237841
237842
237843
237844
237845
237852
237853
237854
237855
237856
237857
237858
237859
237860
237861
237862
238425
238426
238427
238428
238429
238430
238431
238433
238434
238439
238440
238441
238442
238443
238445
238446
238447
238448
238449
238450
238460
238461
238462
238463
238464
238465
238466
238467
238468
238472
239030
239031
239032
239033
239034
239035
239036
239037
239039
239040
239045
239046
239047
239048
239049
239050
239051
239052
239053
239054
239055
239056
239057
239070
239071
239072
239075
239076
239077
239078
239079
239080
239081
239082
239083
239084
239085
239662
239663
239664
239665
239666
239667
239668
239669
239670
239672
239673
239678
239679
239680
239681
239682
239683
239684
239685
239686
239687
239688
239689
239702
239703
239707
239708
239709
239710
239711
239712
239713
239714
239715
239716
239717
239718
240291
240292
240295
240296
240297
240298
240299
240300
240301
240305
240306
240307
240308
240309
240310
240311
240312
240313
240314
240315
240316
240336
240337
240338
240339
240340
240341
240342
240343
240344
240876
240877
240878
240879
240880
240882
240883
240884
240885
240886
240887
240888
240889
240890
240891
240893
240894
240895
240896
240897
240898
240915
240916
240917
240918
240919
240920
240922
240923
241440
241441
241442
241443
241444
241445
241450
241451
241452
241453
241454
241456
241457
241458
241459
241460
241461
241477
241478
241479
241480
241481
241482
241483
241485
241486
242025
242026
242027
242034
242035
242036
242037
242039
242040
242041
242042
242043
242044
242045
242062
242063
242064
242065
242066
242068
242069
242610
242619
242620
242621
242622
242623
242624
242625
242626
242627
242628
242629
242630
242631
242632
242651
242652
242653
242654
242655
242656
242657
242659
242660
243205
243210
243211
243212
243213
243214
243215
243216
243217
243219
243220
243221
243222
243223
243224
243225
243243
243244
243245
243246
243247
243248
243249
243250
243251
243252
243805
243806
243807
243808
243809
243811
243812
243813
243814
243815
243816
243817
243818
243819
243820
243821
243822
243823
243824
243825
243843
243845
243846
243847
243848
244397
244398
244399
244400
244401
244402
244403
244404
244405
244406
244407
244408
244409
244410
244411
244412
244413
244414
244431
244432
244433
244434
244435
244436
245004
245005
245006
245007
245008
245009
245010
245011
245012
245013
245014
245015
245016
245017
245018
245019
245020
245021
245022
245023
245035
245036
245037
245038
245616
245617
245618
245619
245620
245621
245622
245623
245624
245625
245626
245627
245628
245629
245630
245631
245632
245633
245634
245635
245636
245637
245638
245639
245640
245641
246192
246193
246194
246195
246196
246197
246198
246199
246200
246201
246202
246206
246207
246208
246209
246210
246211
246212
246213
246214
246215
246216
246217
246218
246219
246220
246221
246222
246775
246776
246777
246778
246779
246780
246781
246782
246783
246784
246785
246786
246787
246788
246789
246790
246791
246792
246793
246794
246795
246799
246800
246801
246802
246803
246804
246805
246806
246807
246808
246809
246810
246811
246812
246813
247355
247356
247357
247358
247359
247360
247361
247362
247363
247364
247365
247366
247367
247368
247369
247370
247371
247372
247373
247374
247375
247376
247377
247378
247379
247383
247384
247385
247386
247387
247388
247389
247390
247391
247392
247393
247394
247395
247396
247397
247920
247921
247922
247923
247924
247925
247926
247927
247928
247929
247930
247931
247932
247933
247934
247935
247936
247937
247938
247939
247940
247941
247942
247943
247944
247945
247947
247949
247950
247951
247952
247954
247955
247956
247957
247958
247959
247960
248478
248485
248486
248487
248488
248489
248490
248491
248492
248493
248494
248495
248496
248497
248498
248499
248500
248501
248502
248503
248506
248507
248508
248509
248510
248511
248512
248513
248514
248515
248516
249039
249040
249041
249042
249043
249044
249045
249046
249047
249048
249049
249050
249051
249052
249053
249054
249055
249057
249061
249062
249063
249064
249065
249066
249067
249068
249597
249598
249599
249600
249601
249602
249603
249604
249605
249606
249607
249608
249609
249610
249611
249612
249613
249614
249615
249616
249620
249621
249622
249623
249624
249625
249626
249627
249628
250141
250142
250143
250144
250145
250146
250147
250148
250149
250150
250151
250152
250153
250158
250162
250163
250164
250165
250166
250167
250168
250169
250680
250681
250682
250683
250684
250685
250686
250687
250688
250689
250690
250691
250692
250693
250694
250700
250701
250702
250703
250704
250705
250706
250707
250708
250709
250710
251231
251232
251233
251234
251235
251236
251237
251238
251239
251240
251241
251242
251243
251244
251245
251253
251254
251255
251256
251257
251258
251259
251260
251261
251787
251788
251789
251790
251791
251792
251793
251794
251795
251796
251797
251806
251807
251808
251809
251810
251811
251812
252372
252373
252374
252375
252376
252377
252378
252379
252380
252381
252382
252383
252384
252385
252395
252396
252397
252956
252957
252958
252959
252960
252961
252962
252963
252964
252965
252966
252967
252968
252969
252970
252971
253536
253537
253538
253539
253540
253541
253542
253543
253544
253545
253546
254109
254110
254111
254112
254113
254114
254115
254116
254117
254118
254119
254716
254717
254718
254719
254720
254721
254722
254723
254724
254725
254726
255329
255330
255331
255332
255333
255334
255335
255336
255933
255934