235815
235816
236400
236401
236402
236403
237012
237013
237014
237015
237635
237636
237637
237638
237639
238253
238254
238255
238256
238257
238258
238259
238856
238857
238858
238859
238860
238861
239471
239472
239473
239474
239475
239476
239477
239478
239480
239481
239482
240111
240112
240113
240114
240115
240116
240117
240118
240119
240120
240121
240122
240708
240709
240710
240711
240712
240713
240714
240715
240716
240717
240718
240719
240720
241272
241273
241274
241275
241276
241277
241278
241279
241280
241281
241850
241851
241852
241853
241854
241855
241856
241857
241858
241859
241860
242454
242455
242456
242457
242458
242459
242460
242461
242462
242463
242464
242465
242466
242467
242468
243046
243047
243048
243049
243050
243051
243052
243053
243054
243055
243056
243057
243058
243059
243060
243649
243650
243651
243652
243653
243654
243655
243656
243657
243658
243659
243660
243661
243662
243665
243666
243667
244245
244246
244247
244248
244249
244250
244251
244252
244253
244254
244255
244256
244257
244258
244259
244260
244261
244262
244263
244844
244845
244846
244847
244848
244849
244850
244851
244852
244853
244854
244855
244856
244857
244858
244859
244860
244861
244862
244863
245449
245450
245451
245452
245453
245454
245455
245456
245457
245458
245459
245460
245461
245462
245463
245464
245465
245466
245467
245468
245469
246039
246040
246041
246042
246043
246044
246045
246046
246047
246048
246049
246050
246051
246052
246053
246054
246055
246622
246623
246624
246625
246626
246627
246628
246629
246630
246631
246632
246633
246634
246635
246636
246637
246638
246639
246640
246641
247205
247206
247207
247208
247209
247210
247211
247212
247213
247214
247215
247216
247217
247218
247219
247220
247221
247222
247223
247224
247773
247774
247775
247776
247777
247778
247779
247780
247781
247782
247783
247784
247785
247786
247787
247788
247789
247790
247791
247792
247793
247794
247795
247796
247797
247798
248328
248329
248330
248331
248332
248333
248334
248335
248336
248337
248338
248339
248340
248341
248342
248343
248344
248345
248346
248347
248348
248349
248886
248888
248889
248890
248891
248892
248893
248894
248895
248896
248897
248898
248900
248901
248902
249439
249440
249441
249442
249443
249444
249445
249446
249447
249448
249449
249452
249453
249454
249455
249456
249987
249988
249989
249990
249991
249992
249993
249994
249995
249996
249997
249998
249999
250003
250004
250006
250523
250524
250525
250526
250527
250528
250529
250530
250531
250532
250533
250534
250538
250539
250540
250541
251062
251063
251064
251065
251066
251067
251068
251069
251070
251071
251072
251073
251074
251075
251076
251077
251079
251080
251081
251082
251083
251084
251612
251613
251614
251615
251616
251617
251618
251619
251620
251621
251622
251623
251624
251625
251626
251627
251629
251630
251631
252189
252190
252191
252192
252193
252194
252195
252196
252197
252198
252199
252200
252201
252202
252203
252204
252205
252208
252209
252211
252212
252213
252785
252786
252787
252788
252789
252790
252791
252792
252793
252794
252795
252796
252797
252798
252799
252800
252801
252803
252804
252805
252806
252807
253367
253368
253369
253370
253371
253372
253373
253374
253375
253376
253377
253378
253379
253380
253382
253383
253384
253947
253948
253949
253950
253951
253952
253953
253954
253955
253956
253957
253958
253959
253960
253961
253962
253963
253964
253965
253966
253967
253968
253969
253970
254532
254533
254534
254535
254536
254537
254538
254539
254540
254541
254542
254543
254544
254545
254546
254547
254548
254549
254550
254551
254552
254553
254554
254555
254556
254557
254558
254559
254560
254561
254562
255151
255152
255153
255154
255155
255156
255157
255158
255159
255160
255161
255162
255163
255164
255165
255166
255167
255168
255169
255170
255171
255172
255173
255174
255175
255176
255177
255178
255179
255180
255181
255182
255183
255761
255762
255763
255764
255765
255766
255767
255768
255769
255770
255771
255772
255773
255774
255775
255776
255777
255778
255779
255780
255781
255782
255783
255784
255785
255786
255787
255788
255789
255790
255791
256380
256381
256382
256383
256384
256385
256386
256387
256388
256389
256390
256391
256392
256393
256394
256395
256396
256397
256398
256399
256400
256401
256402
256403
256404
256405
256406
256407
256408
256409
256410
256411
256412
256413
256987
256990
256991
256992
256993
256994
256995
256996
256997
256998
256999
257000
257001
257002
257003
257004
257005
257006
257007
257008
257009
257010
257011
257012
257013
257014
257015
257016
257017
257018
257019
257020
257021
257022
257023
257024
257027
257028
257600
257601
257602
257603
257604
257605
257606
257607
257608
257609
257610
257611
257612
257613
257614
257615
257616
257617
257618
257619
257620
257621
257622
257623
257624
257625
257626
257627
257628
257629
257630
257631
257632
257633
257634
257635
257636
257637
257638
257639
257640
257642
257643
257644
257645
257646
257647
257648
257649
258213
258214
258215
258216
258217
258218
258219
258220
258221
258222
258223
258224
258225
258226
258227
258228
258229
258230
258231
258232
258233
258234
258235
258236
258237
258238
258239
258240
258241
258242
258243
258244
258245
258246
258247
258248
258249
258250
258251
258252
258253
258254
258255
258256
258257
258258
258259
258260
258261
258262
258832
258833
258834
258835
258836
258837
258838
258839
258840
258841
258842
258844
258845
258846
258847
258848
258849
258850
258851
258852
258853
258854
258855
258856
258857
258858
258859
258860
258861
258862
258863
258864
258865
258866
258867
258869
258870
258871
258872
258873
258874
258875
258876
258877
258878
258879
259479
259480
259481
259482
259483
259484
259485
259486
259487
259490
259491
259493
259494
259495
259496
259497
259498
259499
259500
259501
259502
259503
259504
259505
259506
259507
259508
259509
259512
259513
259514
259515
259516
259517
259518
259519
259520
259521
260128
260129
260130
260131
260132
260133
260136
260137
260140
260141
260142
260143
260144
260145
260146
260147
260148
260149
260150
260151
260152
260153
260154
260155
260156
260157
260162
260163
260164
260165
260166
260167
260168
260169
260170
260774
260775
260776
260777
260778
260785
260786
260787
260788
260789
260790
260791
260792
260793
260794
260795
260802
260803
260804
260805
260806
260807
260808
260809
261398
261409
261410
261411
261412
261413
261414
261420
261421
261422
261423
261424
261425
261426
261427
261428
261429
261430
261431
262019
262020
262021
262031
262032
262033
262034
262035
262036
262037
262038
262039
262040
262041
262042
262043
262634
262635
262636
262648
262649
262650
262651
262652
262653
262654
262655
262656
262657
262658
262659
262660
262661
262662
262663
263251
263252
263253
263254
263255
263256
263257
263258
263259
263260
263261
263262
263263
263264
263265
263850
263851
263852
263853
263854
263855
263856
263857
263858
263859
263860
263861
263862
263863
263864
264468
264469
264470
264471
264472
264473
264474
264475
264476
264478
265094
265095
265096
265097
265098
265099
265100
265733
265734
266361
266362