214
215
216
217
218
219
220
221
222
223
224
225
226
675
676
677
678
679
680
681
682
685
686
1120
1121
1122
1123
1124
1125
1126
1127
1128
1130
1131
1132
1552
1553
1554
1555
1556
1557
1558
1559
1560
1561
1562
1961
1962
1963
1964
1965
1966
1967
1968
1969
1970
1971
2369
2370
2371
2372
2373
2374
2375
2376
2377
2378
2379
2380
2381
2786
2787
2788
2789
2790
2791
2792
2793
2794
2795
2796
2797
2798
3214
3215
3216
3217
3218
3219
3220
3221
3222
3223
3224
3590
3591
3592
3593
3594
3595
3596
3597
3598
3599
3600
3970
3971
3972
3973
3974
3975
3976
3977
3978
3979
4345
4346
4347
4348
4349
4350
4351
4352
4353
4354
4759
4760
4761
4762
4763
4764
4765
4766
4767
5180
5181
5182
5183
5184
5185
5186
5187
5603
5604
5605
5606
5607
5608
5609
5610
5611
5612
6039
6040
6041
6042
6043
6044
6045
6046
6047
6048
6049
6050
6051
6497
6498
6499
6500
6501
6502
6503
6504
6505
6506
6507
6508
6509
6510
6511
6512
6972
6973
6974
6975
6976
6977
6978
6979
6980
6981
6982
6983
6984
6985
6986
6987
6988
6989
6990
6991
7476
7477
7478
7479
7480
7481
7482
7483
7484
7485
7486
7487
7488
7489
7490
7491
7492
7493
7494
7973
7974
7975
7976
7977
7978
7979
7980
7981
7982
7983
7984
7985
7986
7987
7988
7989
7990
7991
7992
7993
7994
7995
8460
8461
8462
8463
8464
8465
8466
8467
8468
8469
8470
8471
8472
8473
8474
8475
8476
8477
8478
8479
8480
8481
8482
8483
8946
8947
8948
8949
8950
8951
8952
8953
8954
8955
8956
8957
8958
8959
8960
8961
8962
8963
8964
8965
8966
8967
8968
8969
8970
8971
8972
8973
8974
9477
9478
9479
9480
9481
9482
9483
9484
9485
9486
9487
9488
9489
9490
9491
9492
9493
9494
9495
9496
9497
9498
9499
9500
9501
9502
9503
9504
9505
9506
9999
10000
10001
10002
10003
10004
10005
10006
10007
10008
10009
10010
10011
10012
10013
10014
10015
10016
10017
10018
10019
10020
10021
10022
10023
10024
10025
10026
10027
10546
10547
10548
10549
10550
10551
10552
10553
10554
10555
10556
10557
10558
10559
10560
10561
10562
10563
10564
10565
10566
10567
10568
10569
10570
10571
10572
10573
10574
10575
11088
11089
11090
11091
11092
11093
11094
11095
11096
11097
11098
11099
11100
11101
11102
11103
11104
11105
11106
11107
11108
11109
11110
11111
11112
11113
11114
11115
11116
11117
11118
11119
11651
11652
11653
11654
11655
11656
11657
11658
11659
11661
11662
11663
11664
11665
11666
11667
11668
11669
11670
11671
11672
11673
11674
11675
11676
12242
12243
12244
12245
12246
12247
12248
12249
12252
12253
12254
12255
12256
12257
12258
12259
12260
12261
12262
12263
12264
12265
12266
12267
12268
12828
12829
12830
12834
12835
12836
12837
12838
12839
12840
12841
12842
12843
12844
12845
12846
12847
12848
12849
12850
13425
13426
13427
13428
13429
13430
13431
13435
13436
13437
13438
13439
13440
13441
13442
13443
13444
13445
13446
13447
13448
13449
13450
14018
14019
14020
14021
14022
14023
14024
14025
14031
14032
14033
14034
14035
14036
14037
14038
14039
14040
14041
14042
14043
14044
14045
14605
14606
14607
14608
14609
14610
14611
14612
14616
14617
14618
14619
14620
14621
14622
14623
14624
14625
14626
14627
14628
14629
15195
15196
15197
15198
15199
15200
15201
15202
15209
15210
15211
15212
15213
15214
15215
15216
15217
15218
15219
15220
15776
15777
15778
15779
15780
15781
15787
15788
15789
15790
15791
15792
15793
15794
15795
15796
15797
16350
16351
16363
16364
16365
16366
16367
16368
16369
16370
16371
16372
16373
16374
16941
16942
16943
16944
16945
16946
16947
16948
16949
16950
16951
17533
17534
17535
17536
17537
17538
17539
17541
18090
18091
18092
18093
18094
18095
18096
18097
18098
18625
18626
491720
491721
491722
491723
492141
492142
492143
492144
492145
492146
492563
492564
492565
492566
492567
492570
492571
492572
492989
492990
492991
492992
492993
492994
492995
492997
492998
492999
493000
493001
493002
493003
493418
493419
493420
493421
493422
493423
493424
493425
493426
493429
493430
493837
493838
493839
493840
493841
493842
493843
493844
493845
493846
493847
493848
494274
494275
494276
494277
494278
494279
494280
494283
494284
494285
494286
494287
494288
494289
494723
494724
494725
494726
494727
494728
494729
494730
494732
494733
494734
494735
494736
494737
494738
495174
495175
495176
495177
495178
495179
495180
495181
495184
495185
495186
495187
495188
495189
495190
495632
495633
495634
495635
495636
495637
495638
495639
495640
495641
495646
495647
495648
495649
495650
495651
495652
496088
496089
496090
496091
496092
496093
496094
496095
496096
496097
496098
496100
496101
496102
496103
496105
496106
496542
496543
496544
496545
496546
496547
496548
496549
496550
496551
496552
496553
496554
496555
496556
496557
496559
496560
496561
497009
497010
497011
497012
497013
497014
497015
497016
497017
497018
497019
497020
497021
497022
497023
497024
497025
497026
497027
497028
497029
497488
497489
497490
497491
497492
497493
497494
497495
497497
497498
497499
497500
497501
497502
497503
497504
497505
497506
497507
497508
497509
497966
497967
497968
497969
497970
497971
497972
497973
497976
497977
497978
497979
497980
497981
497982
497983
497984
497985
497986
497987
497988
498454
498455
498456
498457
498458
498459
498460
498461
498462
498464
498465
498466
498467
498468
498469
498470
498471
498472
498473
498474
498475
498476
498477
498478
498959
498960
498961
498962
498963
498965
498966
498967
498968
498969
498970
498971
498972
498973
498974
498975
498976
499473
499474
499475
499476
499477
499480
499481
499482
499483
499484
499485
499486
499487
499488
499489
499490
499992
499993
499994
499995
499996
499997
499998
500002
500003
500004
500006
500007
500008
500516
500517
500518
500519
500520
500521
500522
500526
500527
500528
501044
501045
501046
501047
501048
501049
501050
501051
501052
501567
501568
501569
501570
501571
501572
501573
501574
501575
501576
501577
501578
501581
502065
502066
502067
502068
502069
502070
502071
502072
502073
502074
502075
502076
502077
502521
502522
502523
502524
502525
502526
502527
502528
502529
502971
502972
502973
502974
502975
502976
502977
502978
502979
502980
502981
502982
502987
503432
503433
503434
503435
503436
503437
503438
503439
503440
503441
503442
503443