117070
117071
117072
117614
117615
118149
118150
118151
118152
118153
118154
118682
118683
118684
118685
118686
118687
118688
119219
119220
119221
119222
119223
119224
119225
119226
119227
119228
119229
119230
119774
119775
119776
119777
119778
119779
119780
119781
119782
119783
119784
119785
120328
120330
120331
120332
120333
120334
120335
120336
120337
120338
120339
120340
120341
120342
120343
120864
120865
120866
120867
120868
120869
120870
120871
120872
120873
120874
120875
120876
120877
120878
120879
120880
121392
121393
121394
121395
121396
121397
121398
121399
121400
121401
121402
121403
121912
121913
121914
121916
121917
121918
121919
121920
121921
121922
121923
121924
121925
122426
122427
122428
122429
122430
122431
122432
122433
122434
122435
122436
122437
122438
122439
122440
122441
122442
122443
122444
122958
122959
122960
122961
122962
122963
122964
122965
122966
122967
122968
122969
122970
122971
122972
122973
122974
122975
123509
123510
123511
123512
123513
123514
123515
123516
123517
123518
123519
123520
123521
123522
123523
123524
123525
123526
123527
124081
124082
124084
124085
124086
124087
124088
124089
124090
124091
124092
124093
124094
124095
124096
124097
124647
124648
124649
124654
124655
124657
124658
124659
124660
124661
124662
124663
124664
124665
124666
125217
125218
125220
125221
125222
125223
125224
125225
125226
125227
125228
125229
125230
125780
125781
125782
125783
125784
125785
125786
125787
125788
125789
125790
125791
126328
126329
126330
126331
126332
126333
126334
126335
126336
126337
126875
126876
126877
126878
126879
126880
126881
126882
126883
126884
126885
126886
126887
126888
127416
127417
127419
127420
127423
127425
127426
127427
127934
127935
127936
127937
127938
127939
127940
127941
127944
127945
127946
127947
127948
127949
127950
127951
128443
128444
128445
128446
128447
128448
128449
128450
128451
128452
128453
128454
128456
128457
128458
128459
128460
128461
128462
128463
128464
128465
128931
128932
128933
128934
128935
128936
128937
128938
128939
128940
128941
128942
128944
128945
128946
128947
128948
128949
128950
128951
128957
128958
129445
129446
129447
129448
129449
129450
129451
129452
129453
129454
129455
129456
129457
129458
129459
129460
129461
129462
129463
129464
129473
129474
129967
129968
129969
129970
129971
129972
129973
129974
129975
129976
129977
129978
129979
129980
129981
129982
129983
129984
129985
129986
129988
129989
129994
129995
129996
129997
129998
130480
130481
130482
130483
130484
130485
130489
130490
130491
130492
130493
130494
130495
130496
130497
130498
130499
130500
130501
130503
130504
130505
130506
130997
130998
130999
131000
131001
131002
131003
131004
131005
131006
131007
131008
131009
131010
131011
131012
131013
131014
131015
131016
131017
131018
131019
131020
131021
131022
131023
131508
131509
131510
131511
131512
131513
131514
131515
131516
131517
131518
131519
131520
131521
131522
131523
131524
131525
131526
131527
131528
131529
131530
131531
131532
131533
131534
131535
131536
131537
131538
131539
132031
132032
132033
132034
132035
132036
132037
132038
132039
132040
132041
132042
132043
132044
132045
132046
132047
132048
132049
132050
132051
132052
132053
132054
132055
132056
132057
132058
132059
132060
132061
132062
132063
132064
132556
132557
132558
132559
132560
132561
132562
132563
132564
132565
132566
132567
132568
132569
132570
132571
132572
132573
132574
132575
132576
132577
132578
132579
132580
132581
132582
132583
132584
132585
132586
133096
133097
133098
133099
133100
133101
133102
133103
133104
133105
133106
133107
133108
133109
133110
133111
133112
133113
133114
133115
133116
133117
133118
133119
133120
133121
133122
133123
133124
133125
133126
133127
133656
133657
133658
133659
133660
133661
133662
133663
133664
133665
133666
133667
133668
133669
133670
133671
133672
133673
133674
133675
133676
133677
133678
133679
133680
133681
133682
133683
133684
133685
133686
133687
134236
134237
134238
134239
134240
134241
134242
134243
134244
134245
134246
134247
134248
134249
134250
134251
134252
134253
134254
134255
134256
134257
134258
134259
134260
134261
134262
134263
134264
134265
134266
134267
134825
134826
134827
134828
134829
134830
134831
134832
134833
134834
134835
134836
134837
134838
134839
134840
134841
134842
134843
134844
134845
134846
134847
134848
134849
134850
134851
134853
135434
135435
135436
135437
135438
135439
135440
135441
135442
135443
135444
135445
135446
135447
135448
135449
135450
135451
135452
135453
135454
135455
135456
135457
135458
136030
136031
136032
136033
136034
136035
136036
136037
136038
136039
136040
136041
136042
136043
136044
136045
136046
136047
136048
136049
136050
136054
136055
136056
136636
136637
136638
136639
136640
136641
136642
136643
136644
136645
136646
136647
136648
136649
136650
136651
136652
136653
136654
136657
136658
136659
136660
137231
137232
137233
137234
137235
137236
137237
137238
137239
137240
137241
137242
137243
137244
137245
137246
137247
137248
137252
137253
137254
137800
137801
137802
137803
137804
137805
137806
137807
137808
137809
137810
137811
137812
137813
137814
137815
137821
137822
137823
137824
138386
138387
138388
138389
138390
138391
138392
138393
138394
138396
138397
138398
138399
138400
138401
138402
138406
138407
138408
138409
138411
138974
138975
138976
138977
138978
138979
138980
138981
138982
138983
138984
138985
138986
138987
138988
138989
138990
138991
139583
139584
139585
139586
139587
139588
139589
139590
139591
139592
139593
139594
139595
139596
139597
140201
140202
140203
140204
140205
140206
140207
140208
140209
140210
140211
140212
140213
140214
140215
140218
140219
140806
140807
140808
140809
140810
140811
140812
140813
140814
140815
140816
140817
140818
140819
140820
140821
140822
140823
140824
140829
141394
141395
141396
141397
141398
141399
141400
141401
141402
141403
141404
141405
141406
141407
141408
141409
141410
141978
141979
141980
141981
141982
141983
141984
141985
141986
141987
141988
141989
141990
141991
141992
141993
141995
142548
142549
142550
142551
142552
142553
142554
142555
142556
142557
142558
142559
142560
142561
142562
142563
142564
142565
142566
142567
142568
143106
143107
143108
143109
143110
143111
143112
143113
143114
143115
143116
143117
143118
143119
143120
143121
143122
143123
143124
143125
143668
143669
143670
143672
143677
143678
143679
143680
143681
143682
143683
143684
143685
143686
143687
144197
144202
144203
144204
144205
144206
144207
144208
144209
144210
144211
144212
144747
144750
144751
144752
144753
144754
144755
144756
144757
144758
144759
144760
144761
145315
145319
145320
145321
145322
145323
145324
145325
145326
145327
145328
145329
145330
145331
145878
145879
145880
145881
145882
145883
145884
145885
145886
146442
146443
146444
146445
146446
146447
146448
146449
146450
146451
146452
147000
147001
147002
147003
147004
147005
147006
147007
147008
147009
147544
147545
147546
147547
147548
147549
147551
147552
148086
148087
148088
148089
148643
148644