178067
178068
178069
178070
178071
178718
178719
178720
178721
178722
178723
178724
178725
178726
178727
179344
179345
179346
179347
179348
179349
179350
179351
179352
179353
179354
179355
179356
179357
179358
179969
179970
179971
179972
179973
179974
179975
179976
179977
179978
179979
179980
179981
179982
179983
179984
179985
179986
179987
180612
180613
180614
180615
180616
180617
180618
180619
180620
180621
180622
180623
180624
180625
180626
180627
180628
180629
180630
181283
181284
181285
181286
181287
181288
181289
181290
181291
181292
181293
181294
181295
181296
181297
181298
181299
181300
181301
181302
181947
181948
181949
181950
181951
181952
181953
181954
181955
181956
181957
181958
181959
181960
181961
181962
182594
182595
182596
182597
182598
182599
182600
182601
182602
182603
182604
182605
182606
182607
182608
182609
182610
182611
183226
183227
183228
183229
183230
183231
183232
183233
183234
183235
183236
183237
183238
183239
183240
183241
183242
183243
183830
183831
183832
183833
183834
183835
183836
183837
183838
183839
183840
183841
183842
183843
183844
183845
184408
184409
184410
184411
184412
184413
184414
184415
184416
184417
184418
184419
184420
184421
184422
185013
185014
185015
185016
185017
185018
185019
185021
185022
185023
185024
185025
185026
185027
185028
185029
185030
185031
185032
185033
185034
185035
185647
185649
185650
185651
185652
185653
185654
185655
185656
185657
185658
185659
185660
185661
185662
185663
185664
185665
185666
185667
185668
185669
185670
185671
185672
185673
185674
185675
185676
185677
185678
185679
185680
185681
186299
186300
186301
186302
186303
186305
186306
186307
186308
186309
186310
186311
186312
186313
186314
186315
186316
186317
186318
186319
186320
186321
186322
186323
186324
186325
186326
186327
186328
186329
186330
186331
186332
186333
186334
186935
186936
186937
186938
186939
186940
186941
186942
186943
186944
186945
186946
186947
186948
186949
186950
186951
186952
186953
186954
186955
186956
186957
186958
186959
186960
186961
186962
186963
186964
186965
186966
186967
186968
186969
186970
186971
186972
186973
187545
187546
187547
187552
187553
187554
187555
187556
187557
187558
187559
187560
187561
187562
187563
187564
187565
187566
187567
187568
187569
187570
187571
187572
187573
187574
187575
187576
187577
187578
187579
187580
187581
187582
187583
187584
187585
187586
187587
188155
188156
188157
188161
188162
188163
188164
188165
188166
188167
188168
188169
188170
188171
188172
188173
188174
188175
188176
188177
188178
188179
188180
188181
188182
188183
188184
188185
188186
188187
188188
188189
188190
188191
188192
188193
188194
188195
188196
188197
188769
188770
188771
188772
188773
188774
188775
188776
188777
188778
188779
188780
188781
188782
188783
188784
188785
188786
188787
188788
188789
188790
188791
188792
188793
188794
188795
188796
188797
188798
188799
188800
188801
188802
188803
188804
188805
188806
188807
188808
188809
188810
189372
189373
189374
189375
189376
189377
189378
189379
189380
189381
189382
189383
189384
189385
189386
189387
189388
189389
189390
189391
189392
189393
189394
189395
189396
189397
189398
189399
189400
189401
189402
189403
189404
189405
189406
189407
189408
189409
189410
189411
189412
189413
189414
189971
189972
189973
189974
189975
189976
189977
189978
189979
189980
189981
189982
189983
189984
189985
189986
189987
189988
189989
189990
189991
189992
189993
189994
189995
189996
189997
189998
189999
190000
190001
190002
190003
190004
190005
190006
190007
190008
190009
190010
190560
190561
190562
190563
190564
190565
190566
190567
190568
190569
190570
190571
190572
190573
190574
190575
190576
190577
190578
190579
190580
190581
190582
190583
190584
190585
190586
190587
190588
190589
190590
190591
190592
190593
190594
190595
190596
190597
190598
190599
190600
190601
191132
191133
191134
191135
191136
191137
191138
191139
191140
191141
191142
191143
191144
191145
191146
191147
191148
191149
191150
191151
191152
191153
191154
191155
191156
191157
191158
191159
191160
191161
191162
191163
191164
191165
191166
191167
191168
191169
191170
191171
191172
191697
191698
191699
191700
191701
191702
191703
191704
191705
191706
191707
191708
191709
191710
191711
191712
191713
191715
191716
191717
191718
191719
191720
191721
191722
191723
191724
191725
191726
191727
191728
191729
191730
191731
191732
191733
191734
191735
192260
192261
192262
192263
192264
192265
192266
192267
192268
192269
192270
192271
192272
192273
192274
192275
192276
192277
192278
192279
192280
192281
192282
192283
192284
192285
192286
192289
192290
192291
192292
192293
192294
192295
192811
192812
192813
192814
192815
192816
192817
192818
192819
192820
192821
192822
192823
192824
192825
192826
192827
192828
192829
192830
192831
192832
192833
192834
192838
192839
192840
192841
192842
192843
192844
192845
193365
193366
193367
193368
193369
193370
193371
193372
193373
193374
193375
193376
193377
193378
193379
193380
193381
193382
193383
193384
193385
193386
193387
193388
193389
193395
193396
193397
193398
193399
193400
193401
193906
193907
193908
193909
193910
193911
193912
193913
193914
193915
193916
193917
193918
193919
193920
193921
193922
193923
193924
193925
193926
193927
193928
193934
193935
193936
193937
193938
193939
193940
193941
193942
193943
194470
194471
194472
194473
194474
194475
194476
194477
194478
194479
194480
194481
194482
194483
194484
194485
194486
194487
194488
194489
194490
194492
194493
194494
194495
194496
194497
194498
194503
194504
194505
194506
194507
194508
194509
194510
194511
194512
195037
195038
195040
195041
195042
195043
195044
195045
195046
195047
195048
195049
195050
195051
195052
195053
195054
195055
195056
195057
195058
195060
195061
195063
195064
195069
195070
195071
195072
195073
195074
195075
195076
195077
195570
195571
195572
195573
195574
195575
195576
195577
195578
195579
195580
195582
195583
195584
195585
195586
195587
195588
195589
195602
195603
195604
195605
195606
195607
195608
195609
195610
196111
196112
196113
196114
196115
196116
196117
196118
196119
196120
196122
196123
196124
196125
196126
196127
196128
196129
196142
196143
196144
196145
196146
196147
196148
196149
196150
196633
196634
196635
196636
196637
196638
196639
196640
196641
196642
196643
196644
196645
196646
196647
196648
196664
196665
196666
196667
196668
196669
196670
196671
197154
197155
197156
197157
197158
197159
197160
197161
197162
197163
197179
197180
197181
197182
197183
197184
197185
197675
197676
197677
197678
197681
197683
197684
197685
197686
197703
197704
197705
197706
197707
197708
197709
197710
197711
198235
198236
198237
198238
198239
198240
198241
198242
198243
198809
198810
198811
198812
198813
199392
199393
199394
199396
199397
199398
199399
199400
199986
199987
199988
199989
199990
199991
199992
199993
199994
199995
199996
200576
200577
200578
200579
200580
200581
200582
200583
200584
201128
201129
201130
201131
201132
201133
201696
201697
201698
201699
201700
201701
202266
202267
202268