169543
169544
169545
170059
170060
170061
170062
170063
170064
170067
170068
170591
170592
170593
170594
170595
170596
170597
170598
170599
170600
170601
170602
170603
171138
171139
171140
171141
171142
171143
171144
171145
171146
171147
171148
171149
171150
171151
171152
171658
171659
171660
171661
171662
171663
171664
171665
171666
171667
171668
171669
171670
171671
171672
171673
171674
171678
172179
172180
172181
172182
172183
172184
172185
172186
172187
172188
172189
172190
172191
172192
172193
172194
172195
172196
172197
172198
172199
172200
172201
172202
172203
172693
172694
172695
172696
172697
172698
172699
172700
172701
172702
172703
172704
172705
172706
172707
172708
172709
172710
172711
172712
172713
172714
172715
173196
173197
173198
173199
173200
173201
173202
173203
173204
173205
173206
173207
173208
173209
173212
173213
173214
173215
173216
173217
173724
173725
173726
173727
173728
173729
173730
173731
173732
173733
173734
173735
173736
173737
173738
173741
173742
173743
173744
173745
173746
173747
173748
173749
174249
174250
174251
174252
174253
174254
174255
174256
174257
174258
174259
174260
174261
174262
174263
174264
174265
174268
174269
174270
174271
174272
174273
174274
174275
174785
174786
174787
174788
174789
174790
174791
174792
174793
174794
174795
174796
174797
174798
174799
174800
174803
174804
174805
174806
174807
174808
175305
175306
175307
175308
175309
175310
175311
175312
175313
175314
175315
175316
175317
175318
175319
175320
175321
175322
175323
175324
175325
175326
175329
175330
175331
175332
175333
175844
175845
175846
175847
175848
175849
175850
175851
175852
175853
175854
175855
175856
175857
175858
175859
175860
175861
175862
175863
175864
175865
175866
175867
175868
175869
175870
175871
175872
175873
175874
175875
175876
175879
175880
175881
175882
175883
176440
176441
176442
176443
176444
176445
176446
176447
176448
176449
176450
176451
176452
176453
176454
176455
176456
176457
176458
176459
176460
176461
176462
176463
176464
176465
176466
176467
176468
176471
176472
176473
176474
176475
176476
177056
177057
177058
177059
177060
177061
177062
177063
177064
177065
177066
177067
177068
177069
177070
177076
177077
177078
177079
177080
177081
177082
177083
177084
177085
177086
177091
177092
177093
177094
177095
177096
177097
177704
177705
177706
177707
177708
177709
177710
177711
177712
177713
177714
177715
177716
177720
177721
177722
177723
177724
177725
177726
177727
177728
177729
177730
177735
177736
177737
177738
177739
177740
177741
177742
177743
177744
178350
178351
178352
178353
178354
178355
178356
178357
178358
178359
178360
178361
178362
178363
178364
178365
178369
178370
178371
178372
178373
178374
178375
178376
178377
178378
178379
178380
178381
178385
178386
178387
178388
178389
178390
178391
178392
178393
178394
178395
178396
178987
178988
178989
178990
178991
178992
178993
178994
178995
178996
178997
178998
178999
179000
179001
179002
179003
179006
179007
179008
179009
179010
179011
179012
179014
179015
179016
179017
179018
179019
179020
179021
179023
179024
179025
179026
179027
179028
179029
179030
179031
179638
179639
179640
179641
179642
179643
179644
179645
179646
179647
179648
179649
179650
179651
179652
179653
179654
179655
179656
179657
179658
179659
179660
179661
179662
179663
179664
179665
179666
179667
179668
179669
179670
179671
179672
179673
179674
179675
179676
179677
179678
179679
179681
179682
180279
180280
180281
180282
180283
180284
180285
180286
180287
180288
180289
180290
180291
180292
180293
180294
180295
180296
180297
180298
180299
180300
180301
180302
180303
180304
180305
180306
180307
180308
180309
180310
180311
180312
180313
180314
180315
180316
180317
180318
180319
180320
180321
180325
180946
180947
180948
180949
180950
180951
180952
180953
180954
180955
180956
180957
180958
180959
180960
180961
180962
180963
180964
180965
180966
180967
180968
180969
180970
180971
180972
180973
180974
180975
180976
180977
180978
180979
180980
180981
180982
180983
180984
180985
180986
181621
181622
181623
181624
181625
181626
181627
181628
181629
181630
181631
181632
181633
181634
181635
181636
181637
181638
181639
181640
181641
181642
181643
181644
181645
181646
181647
181648
181649
181650
181651
181652
181653
181654
181655
181656
181657
181658
182284
182285
182286
182287
182288
182289
182290
182291
182292
182293
182294
182295
182296
182297
182298
182299
182300
182301
182302
182303
182304
182305
182306
182307
182308
182309
182310
182311
182312
182313
182314
182315
182316
182317
182318
182319
182320
182321
182322
182323
182324
182923
182924
182925
182926
182927
182928
182929
182930
182931
182932
182933
182934
182935
182936
182937
182938
182939
182940
182941
182942
182943
182944
182945
182946
182947
182948
182949
182951
182952
182953
182954
182955
182956
182957
182958
182959
182960
182961
182962
182963
182964
183551
183552
183553
183554
183555
183556
183557
183558
183559
183560
183561
183562
183563
183564
183565
183566
183567
183568
183569
183570
183571
183572
183573
183574
183575
183576
183577
183578
183579
183580
183581
183582
183583
183584
183585
183586
184140
184141
184142
184143
184144
184145
184146
184147
184148
184149
184150
184151
184152
184153
184154
184155
184156
184157
184158
184159
184160
184161
184162
184163
184164
184165
184166
184167
184168
184169
184170
184745
184746
184747
184748
184749
184750
184751
184752
184753
184754
184755
184756
184757
184758
184759
184760
184761
184762
184763
184764
184765
184766
184767
184768
184769
184770
184772
184773
184774
185375
185376
185377
185378
185379
185380
185381
185382
185383
185384
185385
185386
185387
185388
185389
185390
185391
185392
185393
185396
185397
185398
185400
185401
185402
185403
185404
185405
185406
186016
186017
186018
186019
186020
186021
186022
186023
186024
186025
186026
186027
186028
186029
186030
186031
186032
186033
186034
186035
186045
186046
186047
186048
186658
186659
186660
186661
186662
186663
186664
186665
186666
186667
186668
186669
186670
186671
186672
186673
186674
186675
186686
186687
186688
187270
187271
187272
187273
187274
187275
187276
187277
187278
187279
187280
187281
187282
187283
187284
187285
187286
187287
187305
187306
187881
187882
187883
187884
187885
187886
187887
187888
187889
187890
187891
187892
187893
187894
187895
187896
187897
187898
187914
188492
188493
188494
188495
188496
188497
188498
188499
188500
188501
188502
188503
188504
188505
188506
188507
188508
188509
188510
188511
189107
189108
189109
189110
189111
189112
189113
189114
189115
189116
189117
189118
189119
189120
189121
189122
189123
189124
189706
189707
189708
189709
189711
189712
189713
189714
189715
189716
189717
189718
189719
190285
190286
190287
190288
190291
190292
190293
190294
190295
190296
190861
190862
190863
190864
190866
190867
190868
190869
191423
191424
191425
191426
191427
191430
191431
191432
191433
191994
191995
191998
191999
192000
192001
192550
192551
192552
192553
192557
192558
192559
192560
193108
193114
193115
193116
193117