288461
288466
288975
288976
288977
288978
288979
288980
288981
288982
289437
289438
289459
289460
289461
289462
289463
289464
289465
289466
289467
289468
289469
289470
289954
289955
289956
289965
289966
289967
289968
289976
289977
289978
289979
289980
289981
289982
289983
289984
289985
289986
289987
289988
290448
290449
290450
290451
290458
290459
290460
290461
290462
290463
290464
290473
290474
290475
290476
290477
290478
290479
290480
290481
290482
290483
290933
290934
290935
290936
290937
290938
290947
290948
290949
290950
290951
290952
290954
290958
290959
290960
290961
290962
290963
291385
291386
291387
291388
291389
291390
291391
291392
291393
291394
291401
291402
291403
291404
291405
291406
291407
291408
291409
291410
291411
291412
291421
291422
291423
291424
291425
291426
291427
291428
291429
291430
291431
291432
291433
291860
291861
291862
291863
291864
291865
291866
291867
291868
291869
291877
291878
291879
291880
291881
291882
291883
291884
291885
291887
291888
291889
291892
291893
291898
291899
291900
291901
291902
291903
291904
291905
291906
292354
292355
292356
292357
292358
292359
292360
292361
292369
292370
292371
292372
292373
292374
292375
292376
292377
292379
292380
292381
292384
292385
292390
292391
292392
292393
292394
292395
292396
292397
292398
292399
292841
292842
292843
292844
292845
292846
292847
292848
292849
292850
292851
292852
292853
292854
292863
292864
292865
292866
292867
292868
292870
292872
292873
292874
292875
292876
292877
292878
292880
292881
292882
292883
292884
292885
292886
292887
292888
292889
293348
293349
293352
293353
293354
293355
293356
293357
293358
293362
293363
293364
293365
293366
293367
293368
293369
293370
293371
293372
293373
293374
293375
293376
293377
293378
293380
293381
293382
293383
293386
293387
293388
293389
293390
293391
293392
293393
293394
293395
293845
293846
293847
293848
293849
293850
293851
293852
293853
293854
293855
293856
293857
293858
293859
293860
293861
293862
293864
293865
293866
293867
293868
293869
293870
293871
293872
293873
293874
293875
293876
293877
293878
293879
293880
293881
293882
293883
293884
294340
294341
294342
294343
294344
294345
294346
294347
294348
294349
294350
294351
294352
294353
294354
294355
294356
294359
294360
294361
294362
294363
294365
294366
294367
294368
294369
294370
294371
294372
294373
294374
294375
294376
294377
294378
294379
294824
294825
294826
294827
294828
294829
294830
294831
294832
294833
294834
294835
294836
294837
294838
294839
294842
294843
294844
294845
294847
294848
294852
294853
294854
294855
294856
294857
294858
294859
294860
294861
295320
295321
295322
295323
295324
295325
295326
295327
295328
295329
295330
295331
295332
295333
295334
295335
295336
295338
295339
295340
295341
295342
295343
295344
295347
295348
295349
295350
295351
295352
295353
295354
295355
295816
295817
295818
295819
295820
295821
295822
295823
295824
295825
295826
295827
295828
295829
295832
295833
295834
295835
295836
295837
295838
295839
295840
296283
296284
296285
296289
296290
296291
296292
296293
296294
296295
296296
296297
296298
296300
296301
296302
296303
296304
296305
296306
296307
296308
296769
296773
296774
296775
296776
296777
296778
296779
296780
296781
296782
296783
296784
296785
296786
296787
296788
296789
296790
296791
296792
296793
297268
297269
297270
297271
297272
297273
297274
297275
297276
297277
297278
297279
297280
297281
297282
297283
297284
297285
297286
297287
297288
297289
297290
297291
297776
297778
297779
297780
297781
297782
297783
297784
297785
297786
297787
297788
297789
297790
297791
297792
297793
297794
297795
297796
297797
297798
297799
297800
298307
298308
298309
298310
298311
298312
298313
298314
298315
298316
298317
298318
298319
298320
298321
298322
298323
298324
298325
298326
298327
298328
298329
298330
298331
298332
298333
298817
298820
298821
298822
298823
298824
298825
298826
298827
298828
298829
298830
298831
298832
298833
298834
298835
298836
298837
298838
298839
298840
298841
298842
298843
299334
299335
299336
299337
299338
299339
299340
299341
299342
299343
299344
299345
299346
299347
299348
299349
299350
299351
299352
299353
299354
299355
299356
299357
299358
299359
299360
299361
299849
299850
299851
299852
299853
299854
299855
299856
299857
299858
299859
299860
299861
299862
299863
299864
299865
299866
299867
299868
299869
299870
299871
299872
299873
299874
299875
299876
299877
300367
300370
300372
300373
300376
300377
300378
300379
300380
300381
300382
300383
300384
300385
300386
300387
300388
300389
300390
300391
300392
300393
300394
300395
300396
300397
300398
300912
300913
300914
300915
300916
300917
300918
300919
300920
300922
300923
300924
300925
300926
300927
300928
300929
300930
300931
300932
300933
300934
300935
300936
300937
300938
300939
300940
300941
301442
301443
301444
301445
301446
301447
301448
301449
301450
301451
301452
301453
301454
301455
301456
301457
301458
301459
301460
301461
301462
301463
301464
301465
301466
301467
301468
301469
301470
301980
301984
301985
301986
301987
301988
301989
301990
301991
301992
301993
301994
301995
301996
301997
301998
301999
302000
302001
302002
302509
302513
302514
302515
302516
302517
302518
302519
302520
302521
302522
302523
302524
302525
302526
302527
302528
302529
302530
302531
302532
302533
303058
303059
303060
303061
303062
303063
303064
303065
303066
303067
303068
303069
303070
303071
303072
303073
303074
303075
303076
303077
303078
303593
303594
303595
303596
303597
303598
303599
303600
303601
303602
303603
303604
303605
303606
303607
303608
303609
303611
303612
303613
303614
303615
303616
303617
303618
304138
304139
304140
304141
304142
304143
304144
304145
304146
304147
304148
304149
304150
304151
304152
304153
304154
304156
304157
304158
304159
304160
304161
304162
304163
304685
304686
304687
304688
304689
304690
304691
304692
304693
304694
304695
304696
304697
304698
304699
304700
304701
304703
304704
304705
304706
304707
304708
304709
304710
304711
304712
305236
305237
305238
305239
305240
305241
305242
305243
305244
305245
305246
305247
305248
305250
305251
305252
305253
305254
305255
305256
305257
305258
305259
305260
305261
305788
305789
305790
305791
305792
305793
305794
305795
305796
305797
305798
305799
305801
305802
305803
305804
305805
305806
305808
305809
305810
305811
306346
306347
306348
306349
306350
306351
306352
306353
306354
306355
306356
306357
306358
306359
306360
306361
306362
306898
306899
306900
306901
306902
306903
306904
306905
306906
306907
306908
306909
306910
306911
306912
306913
306914
306915
306916
306917
306919
307455
307456
307457
307458
307459
307460
307461
307462
307463
307464
307465
307466
307467
307472
307473
308001
308002
308003
308004
308005
308006
308007
308008
308009
308010
308011
308012
308013
308014
308015
308016
308017
308018
308550
308551
308552
308553
308556
308557
308558
308559
308560
308561
308562
308563
308564
308565
309103
309106
309107
309108
309109
309110
309111
309112
309113
309114
309115
309630
309634
309635
310174