393135
393136
393662
393663
394204
394205
394206
394207
394724
394725
394726
394727
394728
394729
394730
395255
395256
395257
395258
395259
395260
395261
395262
395263
395264
395265
395797
395798
395799
395800
395801
395802
395803
395804
395805
395806
395807
395808
395809
395810
395811
396354
396355
396356
396357
396358
396359
396360
396361
396362
396363
396364
396365
396366
396367
396368
396881
396882
396883
396884
396885
396886
396887
396888
396889
396890
396891
396892
396893
396894
397401
397402
397403
397404
397405
397406
397407
397408
397409
397410
397411
397412
397928
397929
397930
397931
397932
397933
397934
397935
397936
397937
397938
398471
398472
398473
398474
398475
398476
398477
398478
398479
398480
398481
398482
398483
398484
398485
398486
398487
399040
399041
399042
399043
399044
399045
399046
399047
399048
399049
399050
399051
399052
399053
399054
399055
399056
399057
399058
399578
399579
399580
399581
399582
399583
399584
399585
399586
399587
399588
399589
399590
399591
399592
399593
399594
399595
399596
400095
400096
400097
400098
400099
400100
400101
400102
400103
400104
400105
400106
400107
400108
400109
400110
400111
400112
400113
400114
400115
400116
400117
400118
400119
400120
400585
400586
400587
400588
400589
400590
400591
400592
400593
400594
400595
400596
400597
400598
400599
400600
400601
400602
400603
400604
400605
400606
400607
400608
400609
400610
401077
401078
401079
401080
401081
401082
401083
401084
401085
401086
401087
401088
401089
401090
401091
401092
401093
401094
401095
401096
401097
401098
401099
401100
401101
401588
401590
401591
401592
401594
401595
401596
401599
401600
401601
401602
401603
401604
401605
401606
401607
401608
401609
401610
401611
401612
402082
402083
402084
402091
402092
402093
402094
402095
402096
402097
402098
402099
402100
402101
402102
402103
402601
402602
402603
402604
402605
402606
402607
402608
402609
402610
402611
402612
402613
402614
403088
403089
403090
403091
403092
403093
403094
403095
403096
403097
403098
403099
403100
403101
403105
403575
403576
403577
403578
403579
403580
403581
403582
403583
403584
403586
403593
403594
403595
403596
403597
403598
403599
404058
404059
404060
404061
404062
404063
404064
404065
404066
404067
404069
404075
404076
404077
404078
404079
404080
404081
404523
404524
404525
404526
404527
404528
404529
404530
404531
404532
404533
404534
404535
404536
404537
404545
404546
404547
404548
404549
404550
404551
404983
404984
404985
404986
404987
404988
404989
404990
404991
404992
404993
404994
404995
404996
404997
404998
404999
405000
405001
405002
405009
405010
405011
405012
405013
405014
405441
405442
405443
405444
405445
405446
405447
405448
405449
405450
405451
405452
405453
405454
405465
405466
405467
405468
405902
405903
405904
405905
405906
405907
405908
405909
405910
405911
405912
405913
405914
405915
405916
405917
405918
405919
405920
405921
405928
405929
405930
405931
406356
406357
406358
406359
406360
406361
406362
406363
406364
406365
406366
406367
406368
406369
406370
406371
406372
406373
406374
406375
406376
406377
406378
406379
406380
406381
406382
406384
406385
406795
406796
406797
406798
406799
406800
406801
406802
406803
406804
406805
406806
406807
406808
406809
406810
406811
406812
406813
406814
406815
406816
406817
406818
406819
406820
406821
406822
406823
406824
406825
406826
406827
406828
406829
406830
407246
407247
407248
407249
407250
407251
407252
407253
407254
407255
407256
407257
407258
407259
407260
407261
407262
407263
407264
407265
407266
407267
407268
407269
407270
407271
407272
407273
407274
407275
407276
407277
407278
407673
407674
407675
407676
407677
407678
407680
407681
407682
407683
407684
407685
407686
407687
407688
407689
407690
407691
407692
407693
407694
407695
407696
407697
407698
407699
407700
407701
407702
407703
407704
407705
407706
407707
407708
407709
407710
407711
408105
408111
408112
408113
408114
408115
408116
408117
408118
408119
408120
408121
408122
408123
408124
408125
408126
408127
408128
408129
408130
408131
408132
408133
408134
408135
408136
408137
408138
408139
408140
408141
408142
408143
408144
408145
408146
408540
408541
408542
408543
408544
408545
408550
408551
408552
408553
408554
408555
408556
408557
408558
408559
408560
408561
408562
408563
408564
408565
408566
408567
408569
408570
408571
408572
408573
408574
408575
408576
408577
408578
408579
408580
408581
408582
408583
408584
408585
408586
408973
408974
408975
408976
408977
408978
408979
408980
408981
408982
408984
408985
408986
408987
408988
408989
408990
408991
408992
408993
408994
408995
408997
408998
409001
409002
409003
409004
409006
409007
409008
409009
409010
409011
409012
409013
409014
409015
409016
409017
409018
409019
409432
409433
409434
409435
409436
409437
409438
409439
409440
409441
409442
409443
409444
409445
409446
409447
409448
409449
409450
409451
409452
409453
409459
409460
409461
409463
409464
409465
409466
409467
409471
409472
409473
409474
409475
409476
409477
409478
409479
409480
409481
409902
409903
409904
409905
409906
409907
409908
409909
409910
409911
409912
409913
409914
409915
409916
409917
409918
409919
409920
409921
409922
409930
409931
409932
409933
409934
409940
409941
409942
409943
409944
409945
409946
409947
409948
410356
410357
410358
410359
410360
410361
410362
410363
410364
410365
410366
410367
410368
410369
410370
410371
410372
410373
410374
410375
410384
410385
410386
410387
410388
410396
410397
410398
410399
410400
410401
410805
410806
410807
410808
410809
410810
410811
410812
410813
410814
410815
410816
410817
410818
410819
410820
410821
410822
410823
410824
410832
410833
410834
410835
410837
410838
410844
410845
410846
410847
411259
411260
411261
411262
411263
411264
411265
411266
411267
411268
411269
411270
411271
411272
411273
411274
411275
411276
411277
411278
411279
411286
411289
411296
411297
411298
411730
411731
411732
411733
411734
411735
411736
411737
411738
411739
411740
411741
411742
411743
411750
411751
411753
411759
411760
411761
412208
412209
412210
412211
412212
412213
412214
412215
412216
412217
412218
412219
412235
412236
412237
412238
412239
412240
412241
412686
412687
412688
412689
412690
412691
412692
412693
412694
412712
412713
412714
412715
412716
412717
412718
413170
413171
413172
413173
413192
413193
413194
413195
413196
413675
413676
413694
413695
413696
413697
413698
413699
413700
413701
413702
414162
414163
414164
414182
414183
414184
414185
414186
414187
414188
414189
414190
414191
414192
414193
414194
414649
414650
414651
414652
414673
414674
414675
414676
414677
414678
414679
414680
414681
414682
414683
414684
414685
415186
415187
415188
415189
415210
415211
415212
415213
415214
415215
415216
415217
415218
415219
415220
415741
415742
415743
415744
415745
415746
415747
415748
416276
416277
416278
416279
416280
416281
416282
416283
416284
416794
416795
416796
416797
416798
416799
416800
417262
417263
417264
417265
417266
417742
417743
417744
417745
418212
418213
418214
418704
418705
418706
419213