166976
167479
167480
167481
167482
167484
167485
167994
167995
167996
167997
167998
167999
168519
168520
168521
168522
168523
168524
169033
169034
169035
169036
169543
169544
169545
169546
169547
169548
169549
169550
169551
170059
170060
170061
170062
170063
170064
170065
170066
170067
170068
170069
170070
170071
170591
170592
170593
170594
170595
170596
170597
170598
170599
170600
170601
170602
170603
170604
170605
171138
171139
171140
171141
171142
171143
171144
171145
171146
171147
171148
171149
171150
171151
171153
171154
171155
171658
171659
171660
171661
171662
171663
171664
171665
171666
171667
171668
171669
171670
171671
171672
171673
171675
171676
171678
172179
172181
172182
172183
172184
172185
172186
172189
172190
172191
172192
172193
172194
172196
172197
172198
172199
172200
172201
172202
172203
172693
172694
172696
172697
172698
172699
172700
172701
172707
172708
172709
172710
172711
172712
172713
172714
172715
173196
173197
173198
173199
173200
173201
173202
173203
173204
173205
173206
173212
173213
173214
173215
173724
173725
173726
173727
173728
173729
173730
173731
173732
173733
173734
173735
173736
173741
173742
173743
173744
173745
173746
173747
173748
174252
174253
174254
174255
174256
174257
174258
174259
174260
174261
174262
174263
174264
174265
174268
174269
174270
174271
174272
174273
174274
174275
174791
174792
174793
174794
174795
174796
174797
174798
174799
174800
174803
174804
174805
174806
174807
174808
175316
175317
175318
175319
175320
175321
175322
175323
175324
175329
175330
175331
175332
175333
175856
175857
175858
175859
175860
175861
175862
175863
175864
175865
175866
175867
175868
175869
175870
175871
175873
175874
175875
175876
176451
176452
176453
176454
176455
176456
176457
176458
176459
176460
176461
176462
176463
176464
176465
176466
176467
176468
177036
177037
177067
177068
177069
177070
177076
177077
177078
177079
177080
177081
177082
177083
177085
177086
177682
177683
177684
177685
177715
177716
177720
177722
177723
177724
177725
177726
177727
177728
177729
178329
178330
178331
178335
178371
178372
178373
178374
178375
178376
178378
178379
178380
178963
178964
178965
178966
178967
178968
178969
178970
178972
178973
178974
178986
179006
179007
179008
179009
179010
179011
179012
179013
179015
179016
179017
179019
179020
179021
179616
179617
179618
179619
179621
179622
179623
179624
179625
179626
179627
179636
179637
179656
179657
179658
179659
179660
179661
179662
179663
179664
179665
179666
179667
179668
179669
179670
179671
179672
179673
180256
180257
180258
180259
180260
180261
180262
180263
180264
180265
180266
180267
180268
180276
180277
180278
180299
180300
180301
180307
180308
180309
180310
180311
180312
180313
180314
180315
180316
180317
180318
180919
180920
180921
180922
180923
180924
180925
180926
180927
180928
180929
180930
180931
180932
180933
180940
180941
180942
180943
180944
180945
180966
180967
180968
180973
180974
180975
180976
180977
180978
180979
180980
180981
180982
180983
180984
181597
181598
181599
181600
181601
181602
181603
181604
181605
181606
181607
181608
181615
181616
181617
181618
181619
181620
181641
181642
181643
181648
181649
181654
181655
181656
181657
182258
182259
182260
182261
182262
182263
182264
182265
182266
182267
182268
182269
182270
182277
182278
182279
182280
182281
182282
182298
182299
182303
182304
182305
182306
182307
182318
182319
182320
182321
182322
182323
182324
182899
182900
182901
182902
182903
182904
182905
182906
182907
182908
182909
182910
182911
182917
182918
182919
182920
182921
182936
182937
182938
182940
182941
182942
182943
182944
182945
182946
182947
182948
182959
182960
182961
182962
182963
182964
183530
183531
183532
183533
183534
183535
183536
183537
183538
183539
183540
183541
183542
183543
183544
183545
183546
183547
183559
183560
183561
183562
183563
183564
183565
183566
183567
183568
183569
183570
183571
183572
183573
183574
183575
183579
183580
183581
183582
183583
183584
183585
184118
184119
184120
184121
184122
184123
184124
184125
184126
184127
184128
184129
184130
184131
184132
184133
184134
184135
184136
184137
184138
184145
184146
184149
184150
184151
184152
184153
184154
184155
184156
184157
184158
184159
184160
184161
184162
184163
184164
184167
184168
184169
184170
184722
184723
184724
184725
184726
184727
184728
184729
184730
184731
184732
184733
184734
184735
184736
184737
184738
184739
184740
184741
184742
184743
184744
184749
184750
184751
184752
184753
184755
184756
184759
184760
184761
184762
184763
184764
184765
184766
184767
184768
184773
184774
185349
185350
185351
185352
185353
185354
185355
185356
185357
185358
185359
185360
185361
185362
185363
185364
185365
185366
185367
185368
185369
185370
185371
185372
185373
185374
185375
185376
185377
185378
185379
185381
185383
185384
185385
185387
185388
185389
185390
185391
185392
185393
185401
185402
185403
185404
185405
185406
185989
185990
185993
185994
185995
185996
185997
185998
185999
186000
186001
186002
186003
186004
186005
186006
186007
186008
186009
186010
186011
186012
186013
186014
186015
186016
186017
186018
186019
186020
186021
186022
186023
186026
186030
186031
186032
186033
186034
186035
186045
186046
186047
186048
186049
186050
186634
186635
186636
186637
186638
186639
186640
186641
186642
186643
186644
186645
186646
186647
186648
186649
186650
186651
186652
186653
186654
186655
186656
186657
186658
186659
186660
186661
186662
186663
186664
186665
186666
186672
186673
186674
186675
186686
186687
186688
187251
187252
187254
187255
187256
187257
187258
187259
187260
187261
187262
187263
187264
187265
187266
187267
187268
187269
187270
187271
187272
187273
187274
187275
187276
187277
187278
187279
187280
187286
187287
187305
187306
187867
187868
187869
187870
187871
187872
187873
187874
187875
187876
187877
187880
187881
187882
187883
187884
187885
187886
187887
187888
187896
187914
188477
188478
188479
188480
188481
188482
188483
188484
188485
188486
188492
188493
188494
188495
188496
188497
188498
189090
189091
189092
189093
189094
189095
189096
189097
189098
189099
189107
189108
189109
189110
189111
189112
189690
189691
189692
189693
189695
189696
189697
189698
189699
189706
189707
189708
189709
190268
190269
190270
190271
190274
190275
190276
190277
190278
190279
190285
190286
190287
190288
190846
190849
190850
190851
190852
190854
190855
190861
190862
190863
190864
191411
191412
191413
191414
191415
191416
191417
191423
191424
191425
191983
191984
191985
191986
191987
191990
191991
191992
191993
191994
191995
191996
192545
192546
192547
192548
192549
192550
192551
192552
192553
192555
192556
193102
193103
193104
193105
193106
193107
193108
193109
193110
193111
193112
193113
193667
193668
193669
193670
193671
193672
193673
193674
193675
193676
193677
193678
194223
194224
194225
194226
194227
194228
194229
194230
194231
194232
194233
194234
194789
194790
194791
194792
194793
194794
194795
194796
195332
195333
195334
195335
195337
195338
195877
195878
195879
195880
195881
196403