171311
171845
171846
171847
171869
172358
172359
172360
172361
172362
172381
172871
172872
172873
172887
172888
173392
173393
173394
173395
173408
173409
173913
173914
173915
173916
173917
173918
173919
173926
173927
173928
173929
173930
173931
174453
174454
174455
174456
174457
174458
174459
174460
174461
174469
174470
174471
174472
174473
174997
174998
174999
175000
175001
175002
175003
175004
175005
175009
175010
175011
175012
175507
175510
175511
175512
175513
175514
175515
175516
175517
175518
175523
175524
175525
175526
175527
175528
175529
176084
176085
176086
176087
176088
176089
176090
176091
176092
176093
176094
176095
176096
176100
176101
176102
176103
176104
176105
176106
176107
176108
176109
176110
176691
176692
176693
176694
176695
176696
176697
176698
176699
176700
176701
176702
176703
176704
176710
176711
176712
176713
176714
176715
176716
176717
176718
176719
176720
176721
176722
177319
177320
177321
177322
177323
177324
177325
177326
177327
177328
177329
177330
177331
177332
177333
177334
177340
177341
177342
177343
177344
177345
177346
177347
177348
177349
177350
177351
177352
177353
177354
177355
177356
177958
177959
177960
177961
177962
177963
177964
177965
177966
177967
177968
177969
177970
177971
177972
177973
177974
177975
177976
177978
177979
177980
177981
177982
177983
177984
177985
177986
177987
177988
177989
177990
177991
177992
177993
178610
178611
178612
178613
178614
178615
178616
178617
178618
178619
178620
178621
178622
178623
178624
178625
178626
178627
178628
178629
178630
178631
178632
178633
178635
178636
178637
178638
178639
178640
178641
178642
179248
179249
179250
179251
179252
179253
179254
179255
179256
179257
179258
179259
179260
179261
179262
179263
179264
179265
179266
179267
179268
179269
179270
179271
179272
179273
179274
179275
179276
179867
179868
179869
179870
179871
179874
179875
179876
179877
179878
179879
179880
179881
179882
179883
179884
179885
179886
179887
179888
179889
179890
179891
179892
179893
179894
179895
179896
179897
179898
179899
179900
179901
179902
179903
179904
179905
180511
180513
180514
180515
180516
180517
180518
180519
180520
180521
180522
180523
180524
180525
180526
180527
180528
180529
180530
180531
180532
180533
180534
180535
180536
180537
180538
180539
180540
180541
180542
180543
180544
180545
180546
180547
180548
180549
181187
181188
181189
181190
181191
181192
181193
181194
181195
181196
181197
181198
181199
181200
181201
181202
181203
181204
181205
181206
181207
181208
181209
181210
181211
181212
181213
181214
181215
181216
181217
181218
181219
181220
181221
181222
181223
181224
181225
181839
181840
181841
181842
181843
181844
181845
181846
181847
181848
181849
181850
181851
181852
181853
181854
181855
181856
181857
181858
181859
181860
181861
181862
181863
181864
181865
181866
181867
181868
181869
181870
181871
181872
181873
181874
181875
181876
181877
181878
181879
181880
181881
182482
182483
182484
182485
182486
182487
182488
182489
182490
182491
182492
182493
182494
182495
182496
182497
182498
182499
182500
182501
182502
182503
182504
182505
182506
182507
182508
182509
182510
182511
182512
182513
182514
182515
182516
182517
182518
182519
182520
182521
182522
182523
182524
182525
183118
183119
183120
183121
183122
183123
183124
183125
183126
183127
183128
183129
183130
183131
183132
183133
183134
183135
183136
183137
183138
183139
183140
183141
183142
183143
183144
183145
183146
183147
183148
183149
183150
183151
183727
183730
183731
183732
183733
183734
183735
183736
183737
183738
183739
183740
183741
183742
183743
183744
183745
183746
183747
183748
183749
183750
183751
183752
183753
183754
183755
183756
183757
183758
183759
183760
183761
183762
183763
183764
184313
184314
184315
184317
184318
184319
184320
184321
184322
184323
184324
184325
184326
184327
184328
184329
184330
184331
184332
184333
184334
184335
184336
184337
184338
184339
184340
184341
184342
184343
184344
184345
184346
184347
184348
184349
184350
184351
184919
184920
184921
184922
184924
184925
184927
184928
184929
184930
184931
184932
184935
184936
184937
184938
184939
184940
184941
184942
184943
184944
184945
184946
184947
184948
184949
184950
184951
184952
184953
184954
184955
184956
184957
184958
184959
184960
185551
185552
185553
185554
185555
185556
185557
185558
185559
185560
185561
185562
185563
185564
185568
185569
185570
185571
185572
185573
185574
185575
185576
185577
185578
185579
185580
185581
185582
185583
185584
185585
185586
185587
185588
185589
185590
186198
186199
186200
186201
186202
186203
186204
186205
186206
186207
186208
186209
186210
186211
186212
186213
186219
186220
186221
186222
186223
186224
186225
186226
186227
186228
186229
186230
186231
186232
186233
186234
186235
186236
186237
186238
186239
186240
186241
186242
186838
186839
186840
186842
186843
186844
186845
186846
186847
186848
186849
186850
186851
186852
186853
186858
186859
186860
186861
186862
186863
186864
186865
186866
186867
186868
186869
186870
186871
186872
186873
186874
186875
186876
186877
186878
186879
186880
186881
186882
186883
187463
187464
187465
187468
187469
187470
187471
187472
187473
187474
187475
187476
187477
187483
187484
187485
187486
187487
187488
187489
187490
187491
187492
187493
187494
187495
187496
187497
187498
187499
187500
187501
187502
187503
187504
187505
188072
188073
188074
188075
188076
188077
188078
188079
188080
188081
188082
188083
188090
188091
188092
188093
188094
188095
188096
188097
188098
188099
188100
188101
188102
188103
188104
188105
188106
188107
188108
188109
188110
188111
188684
188686
188687
188688
188689
188690
188691
188692
188693
188694
188695
188703
188705
188706
188707
188708
188709
188710
188711
188712
188713
188714
188715
188716
188717
188718
188719
188720
188721
188722
188723
188724
189290
189291
189292
189298
189299
189300
189301
189302
189303
189304
189311
189312
189313
189314
189315
189316
189317
189318
189319
189320
189321
189322
189323
189324
189325
189326
189327
189328
189888
189890
189897
189898
189899
189900
189901
189902
189909
189910
189911
189912
189913
189914
189915
189916
189917
189918
189919
189920
189921
189922
189923
189924
189925
189926
189927
189928
190466
190467
190475
190476
190477
190488
190489
190490
190491
190492
190493
190494
190495
190496
190497
190498
190499
190500
190501
190502
190503
190504
190505
190506
190508
190509
191032
191057
191058
191059
191060
191061
191062
191063
191064
191065
191066
191067
191068
191069
191070
191602
191623
191624
191625
191626
191627
191628
191629
191630
191631
191632
191633
191634
191635
191636
192169
192193
192194
192195
192196
192197
192198
192199
192200
192201
192202
192203
192204
192205
192747
192748
192749
192750
192751
192752
192753
192754
192755
192756
192757
192758
192759
192760
193297
193298
193299
193300
193301
193302
193303
193304
193841
193842
193843
193844
193845
194405
194406
194407
194408
194409
194410
194411
194973
194974
194975
194976
194977
194978
195506
195507
195508
196047
196048
196049
196050
196051