468919
468920
469216
469217
469218
469219
469220
469519
469520
469521
469523
469805
469806
469807
469809
470083
470086
470087
470091
470092
470343
470344
470345
470347
470348
470351
470352
470353
470585
470586
470587
470588
470589
470590
470591
470592
470593
470595
470596
470597
470600
470601
470603
470604
470605
470850
470851
470852
470853
470854
470855
470856
470859
470860
470861
470862
470863
470864
470865
470866
470867
470868
470869
470870
471126
471127
471128
471129
471130
471131
471132
471133
471134
471135
471136
471137
471138
471139
471140
471141
471142
471143
471144
471145
471146
471399
471400
471403
471404
471405
471406
471407
471411
471412
471413
471414
471415
471416
471417
471418
471419
471422
471423
471424
471680
471681
471687
471688
471689
471690
471691
471692
471695
471696
471934
471935
471936
471937
471938
471939
471940
471943
471944
471945
471946
471947
472215
472216
472217
472218
472219
472220
472221
472222
472223
472224
472225
472226
472511
472512
472513
472514
472515
472516
472517
472518
472519
472520
472521
472522
472808
472809
472810
472811
472812
472813
472814
472815
472816
472817
472818
472819
472820
472821
473109
473110
473111
473112
473113
473114
473115
473116
473117
473118
473119
473120
473411
473412
473415
473416
473417
473418
473419
473420
473421
473422
473423
473424
473425
473707
473709
473710
473711
473712
473713
473714
473715
473716
473717
473718
473719
473720
473721
473722
473723
474031
474032
474034
474035
474036
474038
474039
474040
474041
474042
474043
474044
474045
474046
474047
474048
474049
474338
474339
474341
474342
474343
474344
474345
474346
474347
474348
474349
474350
474351
474352
474353
474354
474356
474357
474358
474359
474360
474361
474661
474662
474663
474664
474665
474666
474667
474668
474669
474670
474671
474672
474673
474674
474675
474676
474677
474678
474679
474680
474681
474682
474683
474684
474982
474983
474984
474985
474986
474987
474988
474989
474990
474991
474994
474995
474996
474997
474998
474999
475000
475001
475002
475003
475004
475314
475315
475316
475317
475318
475319
475320
475321
475322
475329
475330
475331
475332
475333
475334
475335
475336
475337
475338
475339
475340
475341
475342
475343
475344
475655
475656
475657
475658
475659
475660
475661
475670
475671
475672
475673
475674
475675
475676
475677
475678
475679
475680
475681
475682
475683
475684
475685
475686
475687
475985
475986
475987
475988
475989
475990
475991
476000
476001
476002
476003
476004
476005
476006
476007
476008
476009
476010
476011
476012
476013
476014
476015
476016
476017
476018
476019
476312
476313
476314
476315
476316
476317
476318
476320
476321
476322
476323
476324
476325
476326
476327
476328
476329
476330
476331
476332
476333
476334
476335
476336
476337
476338
476339
476340
476341
476660
476661
476662
476663
476664
476665
476666
476667
476668
476669
476670
476671
476672
476673
476674
476675
476676
476677
476678
476679
476680
476681
476682
476683
476684
476685
476686
476687
476688
476689
477016
477017
477018
477019
477020
477021
477022
477023
477024
477025
477026
477027
477028
477029
477030
477031
477032
477033
477034
477035
477036
477037
477038
477039
477040
477041
477042
477369
477370
477371
477372
477373
477374
477375
477376
477377
477378
477379
477380
477381
477382
477383
477384
477385
477386
477387
477388
477389
477390
477391
477392
477393
477394
477395
477745
477746
477747
477748
477749
477750
477751
477752
477753
477754
477755
477756
477757
477758
477759
477760
477761
477762
477763
477764
477765
477766
477767
477768
477769
477770
477771
477772
477773
477774
477775
477776
477777
477778
478119
478120
478121
478122
478123
478125
478126
478127
478128
478129
478130
478131
478132
478133
478134
478135
478136
478137
478138
478139
478140
478141
478142
478143
478144
478145
478146
478147
478148
478149
478150
478151
478152
478480
478481
478482
478483
478484
478485
478486
478487
478488
478489
478490
478491
478492
478493
478494
478495
478496
478497
478498
478499
478500
478501
478502
478503
478504
478505
478506
478507
478510
478829
478830
478831
478832
478833
478835
478836
478837
478838
478839
478840
478841
478842
478843
478844
478845
478846
478847
478848
478849
478850
478851
478852
478853
478854
478855
478856
478857
478858
478859
479175
479176
479177
479178
479179
479180
479181
479182
479183
479184
479185
479186
479187
479188
479189
479190
479191
479192
479193
479194
479195
479196
479197
479198
479200
479201
479202
479203
479204
479205
479206
479491
479492
479493
479494
479495
479496
479497
479498
479501
479502
479503
479504
479505
479506
479508
479509
479510
479511
479512
479513
479514
479515
479516
479806
479807
479808
479809
479810
479811
479812
479813
479814
479815
479816
479818
479819
479820
479821
479822
479825
479826
479827
479828
479829
479830
479831
480123
480124
480125
480126
480127
480128
480129
480130
480131
480132
480133
480134
480135
480136
480137
480138
480139
480140
480141
480142
480143
480441
480442
480443
480445
480446
480447
480448
480449
480450
480451
480452
480453
480454
480455
480456
480457
480459
480460
480461
480462
480463
480464
480746
480747
480748
480749
480750
480751
480752
480753
480754
480755
480756
480757
480758
480759
480760
480761
480762
480763
480764
480765
480766
480767
480769
480770
480771
480772
480773
480774
481055
481056
481057
481058
481059
481060
481061
481062
481063
481064
481065
481066
481067
481068
481069
481070
481071
481072
481073
481074
481075
481076
481077
481078
481079
481080
481081
481082
481083
481084
481085
481366
481367
481368
481369
481370
481371
481372
481373
481374
481375
481376
481377
481378
481379
481380
481381
481382
481383
481384
481385
481386
481387
481388
481389
481390
481391
481392
481393
481394
481395
481396
481397
481398
481707
481708
481709
481710
481711
481712
481713
481714
481715
481716
481717
481718
481719
481720
481721
481723
481724
481725
481726
481728
481731
481732
481733
481734
481735
481736
481737
481738
482055
482056
482057
482058
482059
482060
482061
482062
482063
482064
482065
482066
482067
482068
482069
482072
482073
482074
482075
482078
482079
482080
482081
482082
482395
482396
482397
482398
482399
482400
482401
482402
482403
482404
482405
482406
482408
482409
482410
482411
482412
482413
482414
482415
482416
482417
482729
482730
482731
482732
482733
482734
482735
482736
482737
482738
482739
482743
482744
482745
482746
482747
482748
482749
482750
482751
482752
483077
483078
483079
483080
483081
483082
483083
483084
483085
483086
483087
483088
483089
483097
483098
483100
483101
483102
483103
483443
483444
483445
483446
483447
483448
483449
483450
483451
483452
483453
483454
483466
483467
483468
483799
483800
483801
483802
483803
483804
483805
483806
483807
483808
483819
483820
483821
484134
484135
484136
484137
484138
484139
484140
484141
484142
484143
484144
484145
484155
484156
484157
484463
484464
484465
484466
484467
484468
484469
484470
484471
484472
484473
484474
484484
484485
484486
484790
484791
484792
484793
484794
484795
484796
484797
484809
485137
485138