93564
93566
94192
94193
94194
94195
94196
94197
94198
94809
94810
94811
94812
94813
94814
94815
94816
94817
94818
95432
95433
95434
95436
95437
95438
95439
95440
95441
95442
95443
95444
95445
95446
95471
95472
95473
95474
95475
95476
95477
96083
96084
96087
96088
96090
96091
96092
96093
96094
96110
96111
96112
96114
96115
96116
96117
96118
96119
96120
96121
96728
96731
96732
96733
96734
96735
96736
96737
96742
96743
96744
96752
96753
96754
96755
96756
96757
96758
96759
96760
96761
96762
96763
97381
97382
97383
97384
97385
97387
97388
97389
97390
97391
97392
97393
97396
97397
97398
97399
97409
97410
97411
97412
97413
97414
97415
97416
98000
98001
98002
98003
98004
98005
98006
98007
98010
98011
98012
98013
98023
98024
98025
98028
98029
98030
98031
98602
98603
98604
98605
98606
98607
98608
98609
98614
98615
98616
98617
98630
98631
98632
98634
98636
98637
98638
98639
98640
99208
99209
99210
99212
99213
99214
99215
99216
99219
99220
99221
99222
99238
99239
99240
99242
99243
99244
99245
99246
99247
99248
99249
99250
99848
99849
99850
99851
99852
99853
99854
99855
99856
99857
99858
99861
99862
99863
99864
99865
99866
99881
99882
99883
99884
99885
99886
99887
99888
99889
99890
99891
99892
99893
99894
99895
99896
99897
99898
100504
100505
100506
100508
100509
100510
100511
100512
100513
100514
100515
100516
100517
100532
100533
100534
100535
100536
100537
100538
100539
100540
100541
100542
100543
100544
100545
100546
100547
100548
100549
101179
101180
101181
101182
101183
101187
101188
101189
101190
101191
101192
101193
101194
101195
101199
101200
101209
101210
101211
101212
101213
101214
101215
101216
101217
101218
101219
101220
101221
101222
101223
101224
101225
101852
101853
101854
101855
101856
101857
101858
101859
101860
101861
101862
101863
101864
101865
101866
101868
101869
101870
101871
101872
101876
101877
101878
101879
101880
101881
101882
101883
101884
101885
101886
101887
101888
101889
101892
101893
101894
101895
101896
102501
102502
102503
102504
102505
102506
102507
102508
102509
102510
102511
102512
102513
102514
102515
102520
102521
102522
102523
102524
102525
102526
102527
102528
102529
102530
102531
102534
102535
102536
102537
102538
102539
103123
103124
103125
103126
103127
103128
103129
103130
103131
103132
103133
103134
103135
103136
103142
103143
103144
103145
103146
103147
103148
103153
103154
103155
103156
103157
103158
103734
103735
103736
103737
103738
103739
103740
103742
103743
103744
103745
103746
103747
103748
103751
103752
103753
103754
103755
103756
103757
103758
103764
103765
104359
104360
104361
104362
104363
104364
104365
104366
104367
104368
104369
104370
104371
104373
104374
104375
104376
104377
104378
104379
104380
104381
104382
104391
104392
104393
104986
104987
104988
104989
104990
104991
104992
104993
104994
104995
104996
104997
104998
104999
105000
105001
105002
105003
105004
105005
105006
105012
105607
105608
105609
105610
105611
105612
105613
105614
105615
105616
105617
105618
105619
105620
105621
105622
105623
105624
105625
105626
105627
105628
105629
105630
106218
106219
106220
106221
106222
106223
106224
106225
106226
106227
106228
106229
106230
106231
106232
106233
106234
106235
106236
106237
106238
106239
106240
106241
106242
106243
106830
106831
106832
106833
106834
106835
106836
106837
106838
106839
106840
106841
106842
106843
106844
106845
106846
106847
106848
106849
106850
106851
106852
106853
106854
106855
107422
107423
107424
107426
107427
107428
107430
107431
107432
107433
107434
107435
107436
107437
107438
107439
107440
107441
107442
107443
107444
107445
107446
107447
107448
107449
107450
107451
107452
108023
108024
108029
108030
108031
108032
108034
108035
108036
108037
108038
108039
108040
108041
108042
108043
108044
108045
108046
108047
108048
108049
108050
108051
108052
108053
108054
108643
108644
108645
108646
108652
108653
108654
108655
108658
108660
108661
108662
108663
108664
108665
108666
108667
108668
108669
108670
108671
108672
108673
109276
109277
109278
109279
109280
109285
109286
109287
109288
109289
109290
109295
109296
109297
109298
109299
109300
109301
109302
109303
109304
109305
109306
109307
109308
109309
109916
109917
109918
109922
109923
109924
109925
109926
109927
109928
109929
109930
109932
109933
109934
109935
109936
109937
109938
109939
109940
109941
109942
109943
109944
110531
110532
110533
110537
110538
110539
110540
110541
110542
110543
110544
110545
110548
110549
110550
110551
110552
110553
110554
110555
110556
110557
110558
110559
110560
110561
110562
111171
111172
111174
111175
111176
111177
111178
111179
111180
111181
111182
111183
111184
111185
111186
111187
111188
111191
111192
111193
111194
111195
111196
111197
111198
111199
111200
111203
111204
111205
111206
111207
111208
111792
111793
111794
111795
111796
111797
111798
111799
111800
111801
111802
111803
111804
111805
111806
111807
111808
111809
111810
111811
111812
111813
111814
111815
111816
111817
111818
112389
112390
112391
112392
112393
112395
112396
112397
112398
112399
112400
112401
112402
112403
112404
112405
112406
112407
112408
112409
112410
112411
112412
112413
112983
112984
112985
112986
112987
112988
112989
112990
112991
112992
112993
112994
112995
112996
112997
112998
112999
113000
113001
113002
113003
113004
113005
113577
113578
113579
113580
113581
113582
113583
113584
113585
113586
113587
113588
113589
113590
113591
113592
114140
114141
114142
114143
114144
114145
114146
114147
114148
114149
114150
114151
114152
114153
114696
114697
114698
114699
114700
114701
114702
114705
114706
114707
115252
115253
115254
115255
115256
115257
115258
115259
115260
115261
115264
115265
115266
115267
115268
115802
115803
115804
115805
115806
115807
115808
115809
115810
115811
115812
115813
115814
115815
115816
115817
115818
116362
116363
116364
116365
116366
116367
116368
116369
116370
116371
116372
116373
116374
116375
116376
116377
116378
116379
116912
116913
116914
116915
116916
116917
116918
116919
116920
116921
116922
116923
116924
116925
116926
116927
116928
117481
117482
117483
117484
117485
117486
117487
117488
117489
117491
117492
117493
117494
117495
117496
117497
118025
118026
118027
118028
118029
118030
118032
118033
118034
118035
118036
118037
118038
118039
118572
118573
118574
118575
118576
118577
118578
118579
118580
118581
118582
118583
118584
119102
119104
119105
119106
119107
119108
119109
119110
119111
119112
119113
119114
119115
119116
119644
119645
119646
119647
119648
119649
119650
119651
119652
119653
119654
119655
119657
119658
120188
120189
120190
120191
120192
120193
120194
120195
120196
120197
120198
120727
120728
120729
120730
120731
120732
120733
120734
120735
121261
121262
121263
121264
121267
121268
121773
121774
121775
121776
121777
121778
121779
121780
122293
122294
122295
122296
122297
122830
122831