196079
196080
196081
196595
196596
196597
196598
196599
196600
196602
197115
197116
197117
197118
197119
197120
197121
197122
197123
197124
197125
197126
197127
197636
197637
197638
197639
197640
197641
197642
197643
197644
197645
198195
198196
198197
198198
198199
198200
198201
198202
198758
198759
198760
198761
198762
198763
198764
198765
198766
198767
198768
199351
199352
199353
199354
199355
199356
199357
199358
199359
199360
199948
199949
199950
199951
199952
199953
199954
199955
199956
199957
200544
200545
200546
200547
200548
200549
200550
201106
201107
201108
201109
201110
201112
201662
201663
201664
201665
201666
201667
201668
201669
201670
201671
201672
201673
201674
201675
202235
202236
202237
202238
202239
202240
202241
202242
202243
202244
202245
202246
202247
202248
202817
202818
202819
202820
202821
202822
202823
202824
203396
203397
203398
203399
203400
203959
203960
203961
204511
204512
204513
204514
204515
204516
204517
205057
205058
205059
205060
205061
205062
205063
205064
205609
205610
205611
205612
205613
205614
205615
205616
205617
205618
205619
205620
205621
206158
206159
206160
206161
206162
206163
206164
206165
206166
206167
206168
206169
206170
206171
206172
206724
206725
206726
206727
206728
206729
206730
206731
206732
206733
206734
206735
207268
207269
207270
207271
207272
207273
207274
207275
207276
207801
207802
207803
207804
207805
207806
207807
207808
207809
207810
207811
208313
208314
208315
208316
208317
208318
208319
208320
208321
208322
208824
208825
208826
208827
208828
208829
208830
208831
208832
208833
208834
208835
208836
209316
209317
209318
209319
209320
209321
209322
209323
209324
209325
209326
209327
209328
209800
209801
209802
209803
209804
209805
209806
209807
209808
209809
209810
209811
209812
209813
209814
209815
209816
209817
209818
209819
209820
210288
210289
210290
210291
210292
210293
210294
210295
210296
210297
210298
210299
210300
210301
210302
210303
210304
210305
210306
210307
210308
210783
210784
210785
210786
210787
210790
210791
210792
210793
210794
210795
210796
210797
210798
210799
210800
210801
210802
211320
211321
211322
211325
211326
211327
211328
211329
211330
211331
211843
211844
211845
211846
211847
211848
211849
211850
211851
211852
211853
211854
211855
211856
212364
212365
212366
212367
212368
212369
212370
212371
212372
212373
212374
212375
212376
212377
212378
212379
212380
212872
212873
212874
212875
212876
212877
212878
212879
212880
212881
212882
212883
212884
212885
212886
212887
212888
213393
213394
213395
213396
213397
213398
213399
213400
213401
213402
213403
213404
213405
213406
213407
213923
213924
213925
213926
213927
213928
213929
213930
213931
213932
213933
213934
213935
214480
214484
214485
214486
214487
214488
214489
214490
214491
214492
214493
214494
214495
214496
214497
214498
214499
214500
215054
215055
215056
215057
215058
215059
215060
215061
215062
215063
215064
215065
215066
215067
215068
215069
215070
215071
215072
215073
215074
215075
215076
215077
215078
215079
215080
215614
215615
215616
215617
215618
215619
215620
215621
215622
215623
215624
215625
215626
215627
215628
215629
215630
215631
215632
215633
215634
215635
215636
215637
215638
215639
215640
215641
216185
216186
216187
216188
216189
216190
216191
216192
216193
216194
216195
216196
216197
216198
216199
216200
216201
216202
216203
216204
216205
216206
216748
216749
216750
216751
216752
216753
216754
216755
216756
216760
216761
216762
216763
216764
216765
217314
217315
217316
217317
217318
217319
217320
217321
217322
217323
217324
217331
217332
217333
217334
217335
217336
217341
217874
217875
217876
217877
217878
217879
217880
217881
217882
217883
217884
217885
217886
217894
217895
217896
217897
217901
217902
218432
218433
218434
218435
218436
218437
218438
218439
218440
218441
218442
218452
218453
218454
218457
218458
218459
218987
218988
218989
218990
218991
218992
218993
218994
218995
218996
218997
218998
218999
219000
219008
219009
219010
219011
219012
219013
219014
219015
219016
219498
219499
219500
219501
219502
219503
219504
219505
219506
219507
219508
219509
219510
219511
219512
219517
219518
219519
219520
219521
219522
219523
219524
219525
219526
219527
219528
219529
220034
220035
220036
220037
220038
220039
220040
220041
220042
220043
220044
220045
220046
220047
220048
220049
220052
220053
220054
220055
220057
220058
220059
220060
220061
220062
220063
220601
220602
220603
220604
220605
220606
220607
220608
220609
220610
220611
220612
220613
220614
220615
220616
220617
220618
220619
220620
220621
220622
220623
220624
220625
220626
220627
220628
220629
221164
221165
221166
221167
221168
221169
221170
221171
221172
221173
221174
221175
221176
221177
221178
221179
221180
221181
221182
221183
221184
221185
221186
221187
221188
221189
221190
221191
221192
221193
221194
221720
221721
221722
221723
221724
221725
221726
221727
221728
221729
221730
221731
221732
221733
221734
221735
221736
221737
221738
221739
221740
221741
221742
221743
221744
221745
221746
221747
222250
222251
222252
222253
222254
222255
222256
222257
222258
222259
222260
222261
222262
222263
222264
222265
222266
222267
222268
222269
222270
222271
222272
222273
222274
222275
222277
222278
222279
222280
222281
222282
222776
222777
222778
222779
222780
222781
222782
222783
222784
222785
222786
222787
222788
222789
222790
222791
222792
222793
222794
222795
222796
222797
222798
222799
222800
222801
222802
222803
222804
222806
222807
222808
222809
222810
222811
223293
223294
223295
223296
223297
223298
223299
223300
223301
223302
223303
223304
223305
223306
223307
223308
223309
223310
223311
223312
223313
223314
223315
223316
223317
223318
223319
223320
223321
223322
223323
223324
223325
223326
223327
223828
223829
223830
223831
223832
223833
223834
223835
223836
223837
223838
223839
223840
223841
223842
223843
223844
223845
223846
223847
223848
223849
223850
223851
223852
223853
223854
223855
223856
223857
223858
223859
223860
223861
224353
224354
224358
224359
224360
224361
224362
224363
224364
224365
224366
224367
224368
224369
224370
224371
224372
224373
224374
224375
224376
224377
224378
224379
224380
224381
224858
224862
224863
224864
224865
224866
224867
224868
224869
224870
224871
224872
224873
224874
224875
224876
224877
224878
224879
224880
224881
224882
224883
224884
224885
224886
224887
225374
225375
225376
225377
225378
225379
225380
225381
225382
225383
225384
225385
225386
225387
225388
225389
225390
225391
225392
225393
225394
225395
225396
225885
225886
225887
225888
225889
225890
225891
225892
225893
225898
225899
225900
225901
225902
226392
226393
226394
226395
226396
226397
226399
226410
226411
226412
226900
226901
226902
226903
226904
226905
226906
226919
227401
227402
227403
227404
227405
227406
227407
227408
227409
227914
227915
227916
227917
227918
227919
227920
227921
227922
227923
228444
228445
228446
228448
228449
228450
228965
228966
228967
228968
229479
229480
229481
229482
229483
230014
230015
230016
230553
230554
230555