132271
132272
132785
132786
132787
132788
132789
133335
133336
133903
133904
133905
133906
133908
134502
134503
134504
134505
134506
134507
134508
134516
134517
134518
135084
135085
135086
135087
135088
135089
135090
135091
135102
135103
135104
135105
135688
135689
135690
135691
135692
135693
135702
135703
135704
135705
135706
135707
135708
135710
135711
136295
136296
136297
136298
136299
136300
136309
136310
136311
136312
136313
136314
136315
136316
136317
136318
136319
136901
136902
136903
136904
136905
136906
136907
136917
136918
136919
136920
136921
137493
137494
137495
137496
137497
137498
137507
137508
137509
137510
137511
137512
138061
138062
138063
138064
138075
138076
138077
138078
138079
138080
138081
138650
138651
138652
138653
138656
138657
138662
138663
138664
138665
138666
138667
138668
138669
139246
139247
139248
139251
139252
139255
139256
139257
139258
139259
139260
139261
139262
139263
139849
139850
139851
139852
139853
139854
139855
139856
139857
139858
139860
139861
139862
139863
139864
139865
139866
139867
139868
139869
140454
140455
140456
140457
140458
140459
140460
140461
140462
140463
140464
140465
140466
140467
140468
140469
140470
140471
140472
140473
140474
141062
141063
141064
141065
141066
141067
141068
141069
141070
141071
141072
141073
141074
141075
141076
141077
141078
141636
141637
141638
141640
141641
141642
141643
141644
141645
141646
141647
141648
141649
141650
141652
141653
141654
141655
141656
141657
141658
142194
142195
142196
142197
142198
142199
142200
142201
142202
142203
142204
142205
142206
142207
142208
142209
142210
142211
142212
142213
142214
142215
142216
142217
142218
142219
142220
142221
142754
142755
142756
142757
142758
142759
142760
142761
142762
142763
142764
142765
142766
142767
142768
142769
142770
142771
142772
142773
142774
142775
142777
142778
142779
142780
142781
142782
142783
142786
143317
143318
143319
143320
143321
143322
143323
143324
143325
143326
143327
143328
143329
143330
143331
143332
143333
143334
143335
143336
143337
143338
143339
143340
143342
143344
143347
143348
143870
143871
143872
143873
143874
143875
143876
143877
143878
143879
143880
143881
143882
143883
143884
143885
143886
143887
143888
143893
143894
143895
143896
143897
143898
143899
143900
143901
143902
143903
143904
144394
144395
144396
144397
144398
144399
144400
144401
144402
144403
144404
144405
144406
144407
144408
144409
144410
144411
144412
144413
144419
144420
144421
144422
144423
144424
144425
144426
144427
144428
144429
144430
144431
144943
144944
144945
144946
144947
144948
144949
144950
144954
144955
144956
144957
144958
144959
144960
144961
144969
144970
144971
144972
144973
144974
144975
144976
144977
145503
145505
145506
145507
145508
145509
145510
145511
145513
145518
145519
145520
145521
145522
145523
145530
145531
145532
145533
145534
145535
145536
145537
146068
146069
146070
146071
146072
146073
146074
146075
146076
146077
146078
146083
146084
146085
146086
146087
146093
146094
146095
146096
146097
146098
146099
146100
146637
146638
146639
146640
146641
146642
146643
146644
146645
146646
146656
146657
146658
146659
146660
146665
146666
146667
146668
146669
146670
146671
146672
147187
147188
147189
147190
147191
147192
147193
147194
147195
147196
147206
147207
147208
147209
147210
147215
147216
147217
147218
147219
147220
147222
147223
147747
147748
147750
147753
147754
147755
147756
147760
147761
147762
147767
147768
147769
147770
147771
147773
147774
147775
147776
147777
147778
147779
147780
147781
147782
147783
147784
148289
148290
148293
148294
148295
148302
148303
148304
148305
148306
148307
148308
148309
148310
148311
148312
148313
148314
148315
148316
148317
148318
148319
148336
148337
148837
148838
148839
148840
148841
148842
148851
148852
148853
148854
148855
148856
148857
148858
148859
148860
148861
148862
148863
148883
148884
148885
149372
149373
149374
149375
149376
149386
149387
149388
149389
149390
149391
149392
149393
149394
149395
149396
149397
149398
149421
149422
149423
149907
149908
149924
149925
149926
149927
149928
149929
149930
149931
149932
149933
149934
149957
149958
150462
150463
150464
150465
150466
150467
150468
150469
150470
150471
150472
150473
150474
150492
150493
150494
150495
150496
150989
150990
150991
150992
150993
150994
150995
150996
150997
150998
150999
151000
151001
151002
151003
151004
151005
151018
151019
151020
151021
151022
151026
151533
151536
151537
151538
151539
151540
151541
151542
151543
151544
151545
151546
151547
151548
151551
151560
151561
151562
151563
151564
151566
151567
151568
152100
152101
152102
152103
152104
152105
152106
152107
152108
152109
152110
152111
152112
152113
152117
152118
152126
152127
152128
152129
152130
152131
152132
152133
152134
152660
152661
152662
152663
152664
152665
152666
152667
152668
152669
152670
152671
152672
152673
152674
152675
152679
152680
152681
152682
152683
152690
152691
152692
152693
152694
152695
152696
152697
152698
152699
153193
153194
153195
153196
153197
153198
153199
153200
153201
153202
153206
153207
153208
153209
153210
153218
153219
153220
153221
153222
153223
153224
153225
153226
153227
153228
153229
153721
153722
153723
153724
153725
153726
153729
153730
153731
153732
153733
153734
153737
153738
153739
153740
153741
153742
153743
153744
153745
153746
153747
153748
153749
153750
153751
154242
154243
154244
154245
154246
154247
154248
154249
154250
154251
154252
154253
154254
154255
154256
154257
154258
154259
154260
154261
154262
154263
154264
154265
154266
154267
154268
154269
154270
154271
154272
154273
154274
154275
154755
154756
154757
154758
154759
154760
154761
154762
154763
154764
154765
154766
154767
154768
154769
154770
154771
154772
154773
154774
154775
154776
154777
154778
154779
154780
154781
154782
154783
154784
154785
155239
155240
155241
155242
155243
155244
155245
155246
155247
155248
155249
155250
155251
155252
155253
155254
155255
155256
155257
155258
155259
155260
155261
155262
155263
155264
155265
155266
155267
155268
155715
155716
155717
155718
155719
155720
155721
155722
155723
155724
155725
155726
155727
155728
155729
155730
155731
155732
155733
155734
155735
155736
155737
155738
155739
155740
156179
156181
156182
156183
156184
156185
156186
156187
156188
156189
156190
156191
156192
156193
156194
156195
156196
156659
156660
156661
156662
156663
156664
156665
156666
156667
156668
156669
156670
156671
156672
157149
157150
157151
157152
157153
157154
157155
157156
157157
157158
157159
157160
157161
157162
157163
157164
157165
157626
157627
157628
157632
157633
157634
157635
157636
157637
157638
157639
157640
157641
157642
157643
158109
158110
158111
158115
158116
158117
158118
158119
158120
158121
158122
158123
158124
158125
158126
158127
158128
158129
158602
158603
158604
158605
158606
158607
158608
158610
158611
158612
158613
158614
159060
159061
159062
159063
159064
159065
159490
159491
159492
159493
159494
159495
159934
159935
159936
159937
160363
160364
160365
160366
160794
160795
160796
160797