94772
95401
95402
96050
96051
96693
96695
96696
97343
97344
97345
97346
97347
97348
97349
97350
97351
97958
97959
97961
97962
97963
97964
97965
97966
98564
98566
98568
98569
98570
99174
99175
99817
100470
101143
101144
101145
101146
101817
101818
101819
101820
101821
101822
101823
101824
102462
102463
102464
102465
102466
102467
102468
103089
103090
103091
103092
103093
103697
103698
103699
103700
103701
103702
103703
104324
104325
104326
104327
104328
104329
104330
104331
104332
104949
104950
104951
104952
104953
104954
105573
105574
105575
105576
105578
106185
106186
106187
106188
106189
106190
106191
106192
106193
106194
106797
106798
106799
106800
106801
106802
106803
106804
106805
107395
107396
107397
107398
107399
108000
108001
108002
108003
108004
108013
108601
108602
108603
108604
108605
108606
108623
108624
108625
108626
108628
108630
108631
108632
109235
109236
109237
109238
109240
109241
109258
109259
109260
109261
109263
109264
109265
109266
109267
109867
109869
109870
109871
109872
109873
109874
109875
109888
109889
109890
109894
109895
109896
109897
109898
109899
109900
109901
109902
109903
109904
109905
109906
110494
110495
110496
110497
110498
110507
110508
110509
110510
110511
110512
110513
110514
110515
110516
110517
110518
110519
110520
110521
110522
110523
110524
111134
111135
111136
111137
111138
111139
111141
111150
111151
111153
111154
111155
111156
111157
111158
111159
111160
111161
111162
111163
111164
111165
111166
111167
111168
111756
111757
111758
111759
111760
111761
111762
111769
111770
111775
111777
111782
111783
111784
112348
112349
112350
112351
112361
112362
112363
112366
112374
112375
112376
112942
112943
112944
112945
112946
112947
112948
112949
112950
112957
112958
112959
112960
112969
112970
112971
113534
113535
113537
113538
113539
113540
113541
113542
113550
113551
113552
113553
114103
114104
114105
114106
114107
114108
114109
114110
114118
114119
114120
114121
114122
114662
114663
114664
114665
114666
114667
114668
114672
114673
114674
114675
115218
115219
115220
115221
115222
115223
115224
115226
115227
115228
115229
115230
115231
115232
115233
115766
115767
115768
115769
115770
115771
115772
115773
115774
115775
115776
115777
115778
115779
115780
115781
115782
116324
116325
116326
116327
116328
116329
116330
116331
116332
116333
116334
116335
116336
116337
116338
116339
116340
116341
116342
116876
116877
116878
116879
116880
116881
116882
116883
116884
116885
116886
116887
116888
116889
116890
116891
116892
116893
117443
117444
117445
117446
117447
117448
117449
117450
117451
117452
117453
117454
117455
117456
117457
117458
117459
117460
117461
117462
117982
117983
117984
117985
117986
117987
117989
117990
117991
117992
117993
117994
117996
117997
118000
118001
118002
118003
118004
118005
118006
118007
118524
118525
118526
118527
118528
118529
118530
118531
118532
118533
118534
118535
118536
118542
118543
118544
118545
118546
118547
118548
118549
119054
119055
119056
119057
119058
119059
119060
119061
119062
119069
119070
119071
119072
119073
119074
119075
119076
119077
119078
119079
119600
119601
119602
119603
119604
119605
119606
119607
119614
119615
119616
119617
119618
119619
119620
119621
119622
119623
119624
119625
119626
119627
120147
120148
120149
120150
120151
120152
120156
120157
120158
120159
120160
120161
120162
120163
120164
120165
120166
120167
120168
120169
120686
120687
120688
120689
120690
120696
120697
120698
120699
120700
120701
120702
120703
120704
120705
120706
120707
120708
121224
121225
121226
121227
121231
121232
121233
121234
121235
121236
121237
121238
121239
121240
121744
121745
121746
121750
121751
121752
121753
121754
121755
121756
122266
122267
122268
122269
122270
122271
122272
122273
122274
122275
122276
122807
122809
122810
122811
122812
122813
122814
122815
122816
122817
122818
122819
123355
123356
123357
123364
123365
123366
123367
123368
123369
123370
123371
123372
123373
123928
123929
123930
123931
123932
123937
123938
123939
123940
123941
123942
123943
123944
123945
123946
124489
124490
124491
124492
124493
124494
124495
124499
124500
124501
124502
124503
124504
124505
124506
124507
124508
124509
124510
125038
125039
125040
125041
125042
125043
125044
125045
125046
125047
125048
125049
125050
125051
125052
125053
125054
125055
125056
125057
125058
125059
125060
125061
125062
125590
125591
125592
125593
125594
125595
125596
125597
125598
125599
125600
125601
125602
125603
125604
125605
125606
125607
125608
125609
125610
125611
125612
125613
125614
125615
125616
126138
126139
126140
126141
126142
126143
126144
126145
126146
126147
126148
126149
126150
126151
126152
126153
126154
126155
126156
126157
126158
126159
126160
126161
126162
126163
126693
126694
126695
126696
126697
126698
126699
126700
126701
126702
126704
126705
126706
126707
126708
126710
126711
126712
126713
126714
126715
126716
126717
126718
126719
127244
127245
127246
127247
127248
127249
127250
127253
127254
127255
127256
127258
127259
127260
127261
127262
127263
127266
127267
127269
127770
127771
127772
127773
127774
127775
127776
127777
127778
127779
127780
127782
127783
127788
127789
127790
127794
127795
127796
127797
127798
127799
128293
128294
128295
128296
128297
128298
128299
128301
128302
128303
128304
128305
128307
128308
128309
128310
128313
128314
128315
128316
128785
128786
128787
128788
128789
128793
128794
128795
128799
128800
128801
128802
128803
128804
128805
128806
128807
128808
129286
129287
129288
129289
129290
129291
129296
129297
129298
129303
129304
129305
129306
129307
129308
129309
129310
129311
129312
129313
129314
129794
129795
129796
129797
129798
129799
129800
129801
129802
129804
129811
129812
129813
129814
129815
129816
129817
129818
129819
129820
129821
129822
129823
130306
130308
130309
130310
130311
130312
130313
130314
130315
130316
130322
130323
130324
130325
130326
130327
130328
130329
130330
130331
130332
130827
130828
130831
130837
130838
130841
130842
130843
130844
130845
130846
130847
130848
130849
130850
130851
130852
130853
130854
131336
131337
131338
131339
131340
131341
131349
131352
131353
131354
131355
131356
131357
131358
131359
131360
131361
131362
131363
131364
131852
131853
131854
131855
131862
131864
131865
131866
131867
131868
131869
131870
131871
131872
131873
131874
131875
131876
131877
131878
131879
132369
132376
132377
132378
132379
132380
132381
132382
132383
132384
132385
132386
132387
132388
132389
132390
132391
132392
132393
132394
132906
132907
132908
132909
132910
132911
132912
132913
132914
132915
132916
132917
132918
132919
132920
132921
132922
132923
132924
132925
132926
132927
132928
133464
133465
133466
133467
133468
133470
133471
133472
133473
133474
133476
133477
133478
133479
133480
133481
133482
133483
133484
133485
133486
134038
134039
134040
134041
134042
134043
134044
134045
134049
134050
134051
134052
134053
134054
134055
134056
134057
134633
134638
134639
134640
134641
134642
134643
135235
135236
135242
135243
135244