441361
441362
441735
441736
441737
442081
442082
442083
442084
442447
442448
442449
442450
442451
442807
442808
442809
442810
442811
442812
442813
442829
442830
442831
443181
443183
443184
443185
443186
443187
443188
443189
443190
443191
443192
443198
443199
443200
443204
443209
443210
443211
443544
443545
443546
443547
443548
443549
443550
443551
443552
443553
443554
443555
443556
443557
443558
443561
443563
443564
443565
443566
443567
443568
443569
443570
443572
443573
443574
443575
443916
443917
443918
443919
443920
443921
443922
443923
443924
443925
443926
443927
443928
443929
443930
443931
443932
443933
443937
443938
443939
443940
443941
443942
443943
443944
443945
443946
443947
443948
444279
444280
444281
444282
444283
444284
444285
444286
444287
444288
444289
444290
444291
444292
444293
444294
444295
444296
444297
444298
444299
444300
444301
444304
444305
444306
444307
444308
444309
444310
444311
444312
444313
444314
444315
444635
444636
444637
444638
444639
444640
444641
444642
444643
444644
444645
444646
444647
444648
444649
444650
444651
444652
444653
444654
444655
444656
444657
444658
444659
444660
444661
444662
444663
444664
444665
444666
444667
444668
444669
444670
444671
444672
444989
444992
444993
444994
444995
444996
444997
444998
444999
445000
445001
445002
445003
445004
445005
445006
445007
445008
445009
445010
445011
445012
445013
445014
445015
445016
445017
445018
445019
445020
445021
445022
445023
445024
445025
445026
445027
445028
445029
445030
445356
445357
445358
445359
445360
445361
445365
445366
445367
445368
445369
445370
445371
445372
445373
445374
445375
445376
445377
445378
445379
445380
445381
445382
445383
445384
445385
445386
445387
445388
445389
445390
445391
445392
445393
445394
445395
445396
445397
445398
445399
445400
445401
445402
445403
445723
445724
445725
445726
445727
445728
445730
445731
445732
445733
445734
445735
445736
445737
445738
445739
445740
445741
445742
445743
445744
445745
445746
445747
445750
445751
445752
445753
445754
445755
445756
445757
445758
445759
445760
445761
445762
445763
445764
445765
445766
445767
445768
445769
445770
445771
445772
445773
445774
446092
446093
446094
446095
446096
446097
446098
446099
446100
446101
446102
446103
446104
446105
446106
446107
446108
446109
446110
446111
446112
446113
446114
446115
446119
446124
446125
446126
446127
446128
446129
446130
446131
446132
446133
446134
446135
446136
446137
446138
446139
446140
446141
446142
446143
446462
446463
446464
446465
446466
446467
446468
446469
446470
446471
446472
446473
446474
446475
446476
446477
446478
446479
446480
446481
446482
446483
446494
446495
446496
446497
446498
446499
446500
446501
446502
446503
446505
446506
446507
446508
446509
446510
446511
446808
446809
446810
446811
446812
446813
446814
446815
446816
446817
446818
446819
446820
446821
446822
446823
446827
446828
446840
446841
446842
446843
446844
446845
446848
446849
446850
446851
446852
446853
447124
447125
447126
447127
447128
447129
447130
447131
447134
447135
447136
447137
447144
447145
447146
447147
447148
447152
447153
447154
447155
447156
447436
447437
447438
447439
447440
447441
447442
447443
447444
447445
447446
447447
447448
447449
447453
447454
447455
447462
447463
447464
447465
447466
447467
447744
447745
447746
447747
447748
447749
447750
447751
447752
447753
447754
447755
447756
447757
447758
447759
447772
447773
447774
447775
447776
447777
448074
448075
448076
448077
448078
448079
448080
448081
448082
448083
448084
448085
448086
448087
448088
448089
448102
448103
448104
448105
448106
448107
448108
448393
448394
448395
448396
448397
448398
448399
448400
448401
448402
448403
448404
448405
448406
448407
448408
448409
448410
448411
448432
448433
448434
448435
448436
448437
448438
448439
448440
448441
448715
448716
448717
448718
448719
448720
448721
448722
448723
448724
448725
448726
448727
448728
448729
448730
448731
448732
448733
448734
448735
448754
448755
448756
448757
448758
448759
448760
448761
449041
449042
449043
449044
449045
449046
449047
449048
449049
449050
449051
449052
449053
449054
449055
449056
449057
449058
449075
449076
449077
449078
449079
449080
449373
449374
449375
449376
449377
449378
449379
449380
449381
449382
449383
449384
449385
449386
449387
449388
449389
449390
449391
449392
449408
449409
449410
449411
449412
449413
449414
449708
449709
449710
449711
449712
449713
449714
449715
449716
449717
449718
449719
449720
449721
449722
449740
449741
449742
449743
449744
449745
449746
449747
450043
450044
450045
450046
450047
450048
450049
450050
450051
450052
450053
450054
450055
450056
450057
450058
450059
450060
450061
450083
450085
450086
450087
450088
450371
450372
450373
450374
450375
450376
450377
450378
450379
450380
450381
450382
450383
450384
450385
450386
450387
450388
450389
450390
450414
450418
450696
450697
450698
450699
450700
450701
450702
450703
450704
450705
450706
450707
450708
450709
450710
450711
450712
450713
450714
450715
450716
450717
451028
451029
451030
451031
451032
451033
451034
451035
451036
451037
451038
451039
451040
451041
451042
451044
451045
451046
451347
451348
451349
451350
451351
451352
451353
451357
451358
451359
451360
451361
451660
451661
451662
451663
451664
451665
451666
451668
451669
451670
451671
451672
451674
451675
451978
451979
451980
451981
451985
451986
451987
451988
451989
451990
451991
452299
452300
452301
452306
452307
452308
452309
452310
452311
452312
452635
452636
452637
452638
452639
452640
452641
452642
452967
452968
452969
452970
452971
452972
452973
452974
453302
453303
453304
453305
453306
453307
453627
453628
453629
453630
453631
453632
453633
453634
453937
453938
453939
453940
453941
453942
453943
454244
454245
454246
454247
454248
454249
454250
454251
454252
454562
454563
454564
454565
454566
454567
454568
454569
454882
454883
454884
454885
454886
454887
454888
454889
455192
455193
455194
455195
455196
455197
455198
455199
455200
455203
455523
455524
455525
455526
455527
455528
455529
455530
455531
455532
455871
455872
455873
455874
455875
455876
455877
455878
455879
455880
455881
456218
456227
456228
456229
456230
456231
456232
456233
456234
456235
456236
456237
456560
456566
456567
456568
456569
456570
456571
456572
456573
456574
456575
456576
456577
456578
456579
456888
456892
456893
456894
456895
456896
456897
456898
456899
456900
456901
457209
457210
457211
457212
457213
457216
457217
457218
457219
457220
457529
457530
457531
457532
457533
457534
457535
457538
457539
457540
457541
457542
457543
457544
457843
457844
457845
457846
457847
457848
457851
457852
457853
457854
458141
458142
458143
458144
458145
458148
458149
458150
458447
458448
458449
458450
458451
458452
458453
458454
458455
458456
458457
458458
458459
458754
458755
458756
458757
458758
458759
458760
459063
459064
459065
459066
459067
459068
459069
459070
459372
459375
459376
459377
459378
459683
459684
459986
459987
459988
460288
460289
460291
460292
460293
460294
460605
460606
460607
460608
460609
460919
460920