421017
421018
421019
421489
421490
421491
421492
421493
421951
421952
421953
421954
422403
422404
422405
422406
422407
422409
422869
422870
422871
422872
422873
422874
422875
422876
423344
423345
423346
423347
423348
423349
423350
423351
423824
423825
423826
423827
423828
424307
424308
424309
424310
424311
424312
424313
424314
424315
424316
424317
424318
424319
424801
424802
424803
424804
424805
424806
424807
424808
424809
424810
424811
424812
424813
424814
425280
425281
425282
425283
425284
425285
425286
425287
425288
425289
425290
425291
425292
425293
425294
425758
425759
425760
425761
425762
425763
425764
425765
425766
425767
425768
425769
426237
426238
426239
426240
426241
426242
426243
426244
426245
426246
426247
426248
426249
426250
426251
426252
426253
426254
426255
426256
426257
426258
426259
426260
426261
426262
426263
426738
426739
426740
426741
426742
426743
426744
426745
426746
426747
426748
426749
426750
426751
426752
426753
426754
426755
426756
426757
426758
426759
426760
426761
426762
426763
426764
426765
426766
426767
426768
426769
426770
426771
427272
427273
427274
427275
427276
427277
427278
427279
427280
427281
427282
427283
427284
427285
427286
427287
427288
427289
427290
427291
427292
427293
427294
427295
427296
427297
427298
427299
427300
427301
427302
427303
427304
427305
427788
427789
427790
427791
427792
427793
427794
427795
427796
427797
427798
427799
427800
427801
427802
427803
427804
427805
427806
427807
427808
427809
427810
427811
427812
427813
427814
427815
427816
427817
427818
428301
428302
428304
428306
428307
428308
428309
428310
428311
428312
428313
428314
428315
428316
428317
428318
428319
428320
428321
428322
428323
428324
428325
428326
428327
428328
428329
428330
428331
428332
428333
428334
428335
428336
428337
428338
428814
428815
428816
428817
428818
428819
428820
428821
428822
428823
428824
428825
428826
428827
428828
428829
428830
428831
428832
428833
428834
428835
428836
428837
428838
428839
428840
428841
428842
429346
429347
429349
429350
429351
429352
429353
429354
429355
429356
429357
429358
429359
429360
429361
429362
429363
429364
429365
429366
429367
429368
429369
429894
429895
429896
429897
429898
429899
429900
429901
429902
429903
429904
429905
429907
429908
429909
429910
429911
429912
429913
429914
429915
429916
429917
429918
429919
429920
429921
429922
429923
429924
429925
429926
429927
429928
430431
430432
430433
430434
430435
430436
430437
430438
430439
430440
430441
430442
430443
430444
430445
430446
430447
430448
430449
430450
430451
430452
430453
430454
430455
430456
430457
430458
430459
430460
430461
430462
430463
430464
430465
430466
430467
430954
430955
430956
430957
430958
430959
430960
430961
430962
430963
430964
430965
430966
430967
430968
430969
430970
430971
430972
430973
430974
430975
430976
430977
430978
430979
430980
430981
430982
430983
430984
430985
430986
430987
430988
430989
430990
430991
430992
430993
431483
431484
431485
431486
431487
431488
431489
431490
431491
431492
431493
431494
431495
431496
431497
431498
431499
431500
431501
431502
431503
431504
431505
431506
431507
431508
431509
431513
431514
431515
431516
431517
431992
431993
431994
431995
431996
431997
431998
431999
432000
432001
432002
432003
432004
432005
432006
432007
432008
432009
432010
432011
432012
432013
432014
432019
432020
432021
432022
432023
432511
432512
432513
432514
432515
432516
432517
432518
432519
432520
432521
432522
432523
432524
432525
432526
432527
432528
432533
432534
432535
432537
432538
432539
432540
432541
432542
433025
433026
433027
433028
433029
433030
433031
433032
433033
433034
433035
433036
433037
433038
433039
433046
433047
433048
433049
433050
433051
433052
433053
433054
433055
433540
433541
433542
433543
433544
433545
433546
433547
433548
433549
433550
433551
433552
433553
433554
433555
433556
433557
433558
433559
433565
433566
433567
433568
433569
433570
433571
433572
433573
433574
434043
434044
434045
434046
434047
434048
434049
434050
434051
434052
434053
434054
434055
434056
434057
434058
434059
434060
434061
434062
434063
434070
434071
434072
434073
434074
434075
434076
434077
434536
434537
434538
434539
434540
434541
434542
434543
434544
434545
434546
434547
434548
434549
434550
434551
434552
434553
434554
434555
434556
434557
434563
434564
434565
434566
434567
434568
434569
435033
435034
435035
435036
435037
435038
435039
435040
435041
435042
435043
435044
435045
435046
435047
435048
435049
435050
435051
435052
435053
435054
435055
435056
435057
435058
435059
435060
435061
435062
435526
435527
435528
435529
435530
435531
435532
435533
435534
435535
435536
435537
435538
435539
435540
435541
435542
435543
435544
435545
435546
435547
435548
435549
435550
435551
435552
435553
435554
435555
435556
435557
435558
435559
435560
436012
436015
436016
436017
436018
436019
436020
436021
436022
436023
436024
436025
436026
436027
436028
436029
436030
436031
436032
436033
436034
436035
436036
436037
436038
436039
436040
436041
436042
436471
436472
436473
436474
436475
436476
436477
436478
436479
436480
436481
436482
436483
436484
436485
436486
436487
436488
436489
436490
436491
436492
436493
436494
436495
436496
436497
436910
436911
436912
436913
436914
436915
436916
436917
436918
436919
436920
436921
436922
436923
436924
436925
436926
436927
436928
436929
436930
436931
436932
436933
436934
437351
437352
437353
437354
437355
437356
437357
437358
437359
437360
437361
437362
437363
437364
437365
437366
437367
437368
437369
437370
437371
437372
437373
437374
437375
437376
437377
437378
437379
437380
437381
437796
437797
437798
437799
437800
437801
437802
437803
437804
437805
437806
437807
437808
437809
437810
437811
437812
437813
437814
437815
437816
437817
437818
437819
437820
437821
437822
437823
437824
437825
437826
438240
438241
438242
438243
438244
438245
438246
438247
438248
438249
438250
438251
438252
438253
438254
438255
438256
438257
438258
438259
438260
438261
438262
438263
438264
438265
438266
438267
438268
438269
438270
438271
438272
438273
438688
438689
438690
438691
438692
438693
438694
438695
438696
438697
438698
438699
438700
438701
438702
438703
438704
438705
438706
438707
438708
438709
438710
438711
438712
438713
438714
438715
438716
438717
438718
438719
438720
439130
439131
439132
439133
439134
439135
439136
439137
439138
439139
439140
439141
439142
439143
439144
439145
439146
439147
439148
439149
439150
439151
439152
439153
439154
439155
439156
439157
439158
439159
439549
439550
439551
439552
439553
439554
439555
439556
439557
439558
439559
439560
439561
439562
439563
439564
439565
439566
439567
439568
439569
439570
439571
439572
439573
439574
439575
439970
439971
439972
439973
439974
439975
439976
439977
439978
439979
439980
439981
439982
439983
439984
439985
439986
439987
439988
440358
440359
440360
440361
440362
440363
440364
440367
440368
440753
440754
440755
440756
440758
440759
441122
441123
441124
441125
441126
441127
441128
441519
441520
441521
441522
441523
441524
441892
441893
441894