6677
7162
7163
7164
7165
7166
7167
7168
7662
7663
7664
7665
7666
7667
7668
8179
8180
8181
8182
8183
8184
8185
8210
8211
8212
8213
8214
8671
8672
8673
8674
8675
8701
8702
8703
8704
8705
9178
9179
9180
9181
9182
9211
9212
9213
9705
9706
9707
9708
9709
9735
9736
9737
9738
10249
10250
10251
10252
10253
10254
10255
10256
10281
10282
10283
10807
10808
10809
10810
10811
10812
10813
10832
10833
10834
11361
11362
11363
11364
11365
11366
11367
11389
11390
11391
11934
11935
11936
11937
11938
11939
11959
12507
12508
12509
12510
12511
12512
12513
12535
13090
13091
13092
13093
13094
13095
13096
13097
13098
13099
13100
13114
13115
13116
13118
13119
13674
13675
13676
13677
13678
13679
13680
13681
13682
13683
13684
13685
13686
13687
13688
13689
13690
13691
13692
13710
13711
13712
13713
13714
13715
13716
14275
14276
14277
14278
14279
14280
14281
14282
14283
14284
14285
14286
14287
14288
14289
14290
14291
14292
14293
14307
14308
14309
14310
14311
14312
14313
14314
14315
14316
14317
14867
14869
14870
14871
14872
14873
14874
14875
14876
14877
14878
14879
14880
14881
14882
14883
14896
14897
14898
14903
14904
14905
14906
14907
14908
14909
14910
14911
14912
14913
15458
15459
15460
15461
15462
15463
15464
15465
15466
15467
15468
15469
15470
15471
15472
15473
15474
15487
15488
15491
15492
15493
15494
15495
15496
15497
15498
15499
15500
15501
16019
16020
16021
16022
16023
16024
16025
16026
16027
16028
16029
16030
16031
16032
16033
16034
16035
16036
16037
16038
16039
16053
16054
16055
16056
16057
16058
16059
16060
16061
16062
16063
16064
16065
16603
16604
16605
16606
16607
16608
16609
16610
16611
16612
16613
16614
16615
16616
16617
16618
16619
16636
16637
16638
16639
16640
16641
16642
16643
16644
16645
16646
16647
17184
17185
17186
17187
17188
17189
17190
17191
17192
17193
17194
17195
17196
17197
17198
17199
17211
17213
17214
17215
17216
17217
17218
17219
17220
17221
17222
17223
17224
17225
17765
17766
17767
17768
17769
17770
17771
17772
17773
17774
17775
17776
17777
17778
17779
17793
17794
17795
17796
17797
17798
17799
17800
17801
17802
17803
17804
17805
17806
17807
17808
18309
18310
18311
18312
18313
18314
18315
18316
18317
18318
18319
18320
18321
18322
18323
18324
18336
18337
18338
18339
18340
18341
18342
18343
18344
18345
18346
18347
18348
18349
18350
18857
18858
18859
18860
18861
18862
18863
18864
18865
18866
18867
18868
18869
18870
18871
18878
18879
18880
18881
18882
18883
18884
18885
18886
18887
18888
18889
18890
18891
18892
18893
18894
18895
18896
18897
19401
19402
19403
19404
19405
19406
19407
19408
19409
19410
19411
19412
19413
19414
19415
19425
19426
19427
19428
19429
19430
19431
19432
19433
19434
19435
19436
19437
19438
19439
19440
19441
19442
19443
19444
19948
19949
19950
19951
19952
19953
19954
19955
19956
19957
19958
19959
19969
19970
19971
19972
19973
19974
19976
19977
19978
19979
19980
19981
19982
19983
19984
19985
19986
19987
19988
19989
19990
19991
19992
20516
20517
20518
20519
20520
20521
20522
20523
20524
20525
20526
20535
20536
20537
20538
20539
20540
20541
20542
20543
20544
20545
20546
20547
20548
20549
20550
20551
20552
20553
20558
21068
21070
21071
21075
21076
21077
21078
21079
21080
21081
21082
21083
21084
21085
21086
21094
21095
21099
21100
21101
21102
21103
21104
21105
21106
21107
21108
21109
21110
21111
21112
21113
21611
21612
21613
21614
21617
21618
21619
21620
21621
21622
21623
21624
21625
21626
21627
21637
21639
21640
21641
21642
21643
21644
21645
21646
21647
21648
21649
21650
21651
22137
22138
22139
22140
22141
22142
22143
22144
22145
22146
22147
22148
22149
22150
22151
22152
22153
22154
22164
22165
22167
22168
22169
22170
22171
22172
22173
22174
22175
22176
22177
22178
22179
22665
22666
22667
22668
22669
22670
22671
22672
22673
22674
22675
22686
22687
22688
22689
22690
22691
22692
22693
22694
22695
22696
22697
22698
22699
22700
22701
23187
23188
23189
23190
23191
23192
23193
23194
23195
23196
23197
23198
23199
23200
23201
23209
23210
23211
23212
23213
23214
23215
23216
23217
23218
23219
23220
23221
23222
23223
23224
23716
23717
23718
23719
23720
23721
23722
23723
23724
23725
23726
23730
23737
23738
23739
23740
23741
23742
23743
23744
23745
23746
23747
23748
23749
23750
24237
24238
24239
24240
24241
24242
24243
24244
24245
24246
24247
24248
24255
24256
24257
24258
24259
24260
24261
24262
24263
24264
24265
24266
24267
24268
24269
24270
24728
24729
24730
24731
24732
24733
24734
24735
24736
24737
24738
24739
24740
24741
24742
24743
24751
24752
24753
24754
24755
24756
24757
24758
24759
24760
24761
24762
24764
24765
24766
24767
24768
24769
25223
25224
25225
25226
25227
25228
25229
25230
25231
25232
25233
25234
25235
25236
25237
25238
25239
25240
25241
25247
25248
25249
25250
25251
25252
25253
25254
25255
25256
25257
25258
25259
25262
25729
25730
25731
25732
25733
25734
25735
25736
25737
25738
25739
25740
25741
25742
25743
25744
25751
25752
25753
25754
25755
25756
25757
25758
25759
25760
26220
26221
26222
26223
26224
26225
26226
26227
26228
26229
26230
26231
26232
26233
26234
26235
26236
26237
26238
26239
26240
26241
26245
26246
26247
26248
26249
26250
26251
26252
26253
26724
26725
26726
26727
26728
26729
26730
26731
26732
26733
26734
26735
26736
26737
26738
26739
26740
26742
26743
26744
26745
26746
26747
26748
26749
26750
27209
27210
27211
27212
27213
27214
27215
27216
27217
27218
27219
27220
27221
27222
27223
27224
27225
27226
27227
27228
27229
27231
27232
27233
27234
27235
27236
27237
27238
27714
27715
27716
27717
27718
27719
27720
27721
27722
27723
27724
27725
27726
27727
27728
27729
27730
27731
27732
27734
27735
27736
27737
27738
28230
28231
28232
28233
28234
28235
28236
28237
28238
28239
28240
28241
28242
28243
28244
28245
28246
28247
28250
28251
28710
28711
28712
28713
28714
28715
28716
28717
28718
28720
28722
28723
28724
28725
28726
28727
28728
29172
29174
29176
29177
29178
29182
29183
29184
29185
29186
29187
29653
29654
29655
29656
29657
29658
29659
29660
29661
29662
29663
30123
30124
30125
30126
30127
30128
30129
30130
30131