84277
84278
84851
84852
85415
85416
85417
85987
85988
85991
85992
85993
86542
86543
86544
86546
86547
86548
86549
87103
87104
87105
87106
87107
87108
87109
87630
87631
87632
87633
87634
87635
87636
87637
88153
88154
88155
88156
88157
88679
88680
88681
88682
88683
88684
88685
88686
88687
89200
89201
89202
89203
89204
89205
89206
89718
89720
89721
89722
89723
89724
90243
90245
90246
90247
90248
90249
90250
90761
90763
90764
90780
90781
90782
90783
90784
90785
90786
90787
90788
90789
91316
91317
91318
91319
91320
91321
91323
91324
91338
91339
91340
91341
91342
91343
91344
91345
91346
91347
91348
91884
91885
91886
91887
91888
91889
91903
91904
91905
91906
91907
91908
91909
91910
91911
92459
92461
92462
92463
92464
92465
92466
92467
92470
92471
92472
92473
92474
92475
92476
92477
92478
92479
92480
92481
92482
93043
93045
93046
93047
93048
93049
93050
93051
93052
93053
93058
93059
93060
93061
93062
93063
93064
93065
93066
93067
93068
93069
93070
93071
93666
93667
93668
93673
93674
93675
93676
93677
93681
93682
93683
93684
93685
93686
93687
93688
93689
93690
93691
93692
93693
93694
93695
94293
94294
94295
94296
94297
94301
94302
94303
94304
94308
94309
94310
94311
94312
94313
94314
94315
94316
94317
94318
94319
94320
94321
94912
94913
94914
94916
94920
94923
94926
94927
94928
94929
94930
94931
94932
94933
94934
94935
94936
94937
95537
95538
95542
95543
95544
95546
95547
95549
95550
95551
95552
95553
95554
95555
95556
95557
95558
95559
95560
95561
95562
95563
95564
95565
96174
96175
96176
96177
96179
96180
96181
96182
96183
96185
96186
96187
96188
96189
96190
96191
96192
96193
96194
96195
96196
96197
96198
96199
96200
96201
96202
96203
96204
96205
96206
96207
96815
96816
96817
96818
96819
96821
96822
96823
96824
96825
96826
96827
96828
96829
96830
96831
96832
96833
96834
96835
96836
96837
96838
96839
96840
96841
96842
96843
96844
96845
96846
96847
97467
97468
97469
97470
97471
97472
97473
97474
97475
97476
97477
97478
97479
97480
97481
97482
97483
97484
97485
97486
97487
97488
97489
97490
97491
97492
97493
97494
97495
97496
97497
97498
97499
98081
98082
98083
98084
98085
98086
98087
98088
98089
98090
98094
98095
98096
98097
98098
98099
98102
98103
98104
98105
98106
98107
98108
98109
98110
98111
98696
98698
98699
98700
98701
98702
98708
98709
98710
98711
98712
98713
98714
98715
98716
98717
98720
98722
98723
98724
98725
98726
98727
98728
98729
98730
98731
99305
99306
99307
99308
99316
99317
99318
99319
99320
99321
99322
99323
99324
99329
99331
99332
99333
99334
99335
99336
99337
99338
99964
99965
99966
99967
99973
99974
99975
99976
99977
99979
99980
99981
99983
99985
99986
99987
99988
99989
99990
99991
99992
100619
100620
100621
100625
100626
100627
100628
100629
100630
100631
100632
100633
100634
100635
100636
100638
100640
100641
100642
100643
100644
101296
101297
101298
101299
101300
101301
101305
101306
101307
101308
101309
101311
101312
101313
101314
101315
101316
101317
101318
101319
101320
101953
101955
101956
101957
101958
101960
101961
101962
101963
101964
101965
101966
101967
101968
101969
101970
101971
101972
101973
101974
101975
101976
101977
101978
102576
102577
102578
102579
102580
102581
102582
102583
102584
102585
102586
102587
102588
102589
102590
102591
102592
102593
102594
102595
102596
102597
102598
102599
102600
102601
102602
102603
102604
102605
103195
103196
103197
103198
103199
103200
103201
103202
103203
103204
103205
103206
103207
103208
103209
103210
103211
103212
103213
103214
103215
103216
103217
103218
103219
103220
103221
103222
103223
103224
103225
103226
103227
103228
103229
103230
103807
103808
103809
103810
103811
103812
103813
103814
103815
103816
103817
103818
103819
103820
103821
103822
103823
103824
103825
103826
103827
103828
103829
103830
103831
103832
103833
103834
103835
103836
103837
103838
103839
103840
103841
103842
103843
103844
103845
103846
103847
104439
104440
104441
104442
104443
104444
104445
104446
104447
104448
104449
104450
104451
104452
104453
104454
104455
104456
104457
104458
104459
104460
104461
104462
104463
104464
104465
104466
104467
104468
104469
104470
104471
104472
104473
104474
104475
104476
105062
105063
105064
105065
105066
105067
105068
105069
105070
105071
105072
105073
105074
105075
105076
105077
105078
105079
105080
105081
105082
105083
105084
105085
105086
105087
105088
105089
105090
105091
105092
105093
105094
105095
105096
105097
105098
105099
105687
105688
105689
105690
105691
105692
105693
105694
105695
105696
105697
105698
105699
105700
105701
105702
105703
105704
105705
105706
105707
105708
105709
105710
105711
105712
105713
105714
105715
105716
105717
106300
106301
106302
106303
106304
106305
106306
106307
106308
106309
106310
106311
106312
106313
106314
106315
106316
106317
106318
106319
106320
106321
106322
106323
106324
106325
106326
106327
106328
106329
106330
106911
106912
106913
106914
106915
106916
106917
106918
106919
106920
106921
106922
106923
106924
106925
106926
106927
106928
106929
106930
106931
106932
106933
106934
106935
106936
106937
106938
106939
106940
106941
106942
106943
107511
107512
107513
107515
107516
107517
107518
107519
107520
107521
107522
107523
107524
107525
107526
107527
107528
107529
107530
107531
107532
107533
107534
107535
107536
107537
108112
108113
108114
108115
108116
108117
108118
108119
108120
108121
108122
108123
108124
108125
108126
108127
108128
108129
108130
108131
108132
108133
108134
108135
108136
108735
108736
108737
108738
108739
108740
108741
108742
108743
108744
108745
108746
108747
108748
108749
108750
108751
108752
108753
108754
108755
108756
108757
108758
108760
108761
109378
109379
109380
109381
109382
109383
109384
109385
109386
109387
109388
109389
109390
109391
109392
109393
109394
109395
109396
109397
109398
109399
109400
109401
109402
109403
109404
109405
109406
109411
110018
110019
110020
110021
110022
110023
110024
110025
110026
110027
110028
110029
110030
110031
110032
110033
110034
110035
110036
110037
110038
110039
110040
110041
110042
110043
110044
110045
110646
110647
110648
110649
110650
110651
110652
110653
110654
110655
110656
110657
110658
110659
110660
110661
110662
110663
110664
110665
110666
110667
110668
110669
110670
111297
111298
111299
111300
111301
111302
111303
111304
111305
111306
111307
111308
111309
111310
111311
111312
111313
111314
111918
111919
111920
111921
111922
111923
111924
111925
111926
111927
111928
111929
111930
112516
112517
112518
112519
112520
112521
112522
112526
113110
113111
113112
113113
113690
113691
113692
114250
114251
114252
114803
114804
114805
115367
115368
115369