176255
176256
176865
176866
176867
176868
177512
177515
177516
178162
178163
178808
178809
178811
178812
178813
178814
179460
179461
179462
179463
179464
179465
180097
180098
180099
180100
180101
180102
180752
180753
180754
180755
180756
181414
181415
181416
181417
181418
181419
181420
181421
181422
181423
181424
181425
181426
181427
182080
182081
182082
182083
182084
182085
182086
182087
182088
182089
182090
182091
182092
182093
182723
182724
182725
182726
182727
182728
182729
182730
182731
182732
182733
182734
182735
183355
183356
183357
183358
183361
183362
183363
183364
183365
183366
183940
183941
183942
183943
183947
183948
183949
183954
184537
184541
184545
185157
185158
185159
185165
185804
185805
185806
185807
186440
186441
186442
186443
186444
186445
186450
186453
186454
186455
186456
186457
187081
187082
187083
187084
187085
187086
187087
187088
187091
187095
187096
187097
187697
187698
187699
187700
187701
187702
187703
187704
187705
187706
187712
187713
188302
188303
188304
188305
188306
188307
188308
188309
188310
188311
188319
188320
188321
188322
188323
188912
188913
188914
188915
188916
188917
188919
188920
188921
188928
188929
188930
188931
188932
189521
189522
189523
189524
189525
189526
189527
189528
189529
189530
189538
189539
190109
190110
190113
190114
190115
190116
190117
190118
190119
190125
190126
190127
190128
190129
190686
190687
190688
190689
190690
190691
190692
190695
190696
190697
190698
190699
190700
190701
190707
190708
190709
190710
191248
191249
191250
191251
191252
191253
191254
191255
191260
191261
191264
191267
191268
191815
191816
191817
191818
191819
191820
191821
191822
191829
191830
191831
191832
191833
191834
191836
192371
192372
192373
192374
192375
192376
192377
192380
192384
192385
192386
192387
192388
192389
192390
192391
192392
192393
192918
192919
192920
192921
192922
192923
192924
192925
192926
192928
192929
192934
192935
192936
192937
192938
192939
192940
192941
192942
192943
193473
193474
193475
193476
193477
193478
193479
193480
193481
193482
193483
193484
193485
193486
193490
193491
193492
193493
193494
193495
193496
193497
193498
193499
193500
194020
194021
194022
194023
194024
194025
194026
194027
194028
194029
194030
194031
194032
194033
194035
194036
194037
194038
194039
194040
194044
194045
194582
194583
194584
194585
194586
194587
194588
194590
194591
194592
194593
194594
194595
194596
194597
194598
194599
194600
194601
194603
194604
194605
195139
195140
195141
195142
195143
195144
195145
195146
195150
195151
195152
195153
195154
195155
195156
195157
195158
195159
195160
195668
195669
195670
195671
195672
195673
195674
195675
195676
195677
195678
195681
195682
195683
195684
195685
195686
195687
195688
195689
195690
195691
195692
195693
196203
196204
196205
196206
196207
196208
196209
196210
196211
196212
196213
196214
196215
196216
196217
196218
196219
196220
196221
196222
196223
196224
196225
196226
196227
196723
196724
196725
196726
196727
196728
196729
196730
196731
196732
196733
196734
196735
196736
196737
196738
196739
196740
196741
196742
196743
196744
196745
196746
196747
196748
196749
196750
196751
196752
197233
197234
197235
197236
197237
197238
197239
197240
197241
197242
197243
197244
197245
197246
197247
197248
197249
197250
197251
197252
197253
197254
197255
197256
197257
197258
197259
197260
197261
197262
197263
197264
197778
197779
197780
197781
197782
197783
197784
197785
197786
197787
197788
197789
197790
197791
197792
197793
197794
197795
197796
197797
197798
197799
197800
197801
197802
197803
197804
197805
197806
197807
197808
197809
198330
198331
198332
198333
198334
198335
198336
198337
198338
198339
198340
198341
198342
198343
198344
198345
198346
198347
198348
198349
198350
198351
198352
198353
198354
198355
198356
198357
198358
198902
198903
198904
198905
198906
198907
198908
198909
198910
198911
198912
198913
198914
198915
198916
198917
198918
198919
198920
198921
198922
198923
198924
198925
198926
198927
198928
199490
199491
199492
199493
199494
199495
199496
199497
199498
199499
199500
199501
199502
199503
199504
199506
199507
199508
199509
199510
199511
199512
199513
199514
199515
200090
200091
200092
200093
200094
200095
200096
200097
200098
200099
200102
200103
200107
200108
200109
200110
200111
200112
200113
200114
200115
200673
200674
200675
200676
200677
200678
200679
200680
200682
200683
200687
200688
200689
200690
200691
200692
200693
200694
200695
200696
201227
201228
201229
201230
201231
201234
201240
201241
201242
201243
201244
201245
201246
201247
201248
201794
201795
201796
201797
201798
201799
201811
201812
201813
201814
201815
201816
201817
201818
201819
201820
201821
201822
201823
202366
202367
202368
202369
202380
202381
202382
202383
202384
202385
202386
202387
202388
202389
202390
202391
202392
202393
202394
202395
202396
202397
202952
202953
202954
202955
202956
202967
202968
202969
202970
202971
202972
202973
202974
202975
202976
202977
202978
202979
202980
202981
202982
202983
202984
203530
203531
203532
203533
203534
203543
203544
203545
203546
203547
203548
203549
203550
203551
203552
203553
203554
203555
203556
203557
203558
203559
203560
203561
203562
204092
204093
204094
204095
204096
204097
204098
204104
204105
204106
204107
204108
204109
204110
204111
204112
204113
204114
204115
204116
204117
204118
204119
204120
204121
204122
204123
204124
204646
204647
204657
204658
204659
204660
204661
204662
204663
204664
204665
204666
204667
204668
204669
204670
204671
204672
204673
204674
204675
204676
205207
205208
205209
205210
205211
205212
205213
205214
205215
205216
205217
205218
205219
205220
205221
205756
205757
205758
205759
205760
205761
205762
205763
205764
205765
205766
205767
205768
205769
205770
206302
206303
206304
206305
206306
206307
206308
206309
206310
206311
206312
206313
206314
206315
206316
206861
206862
206863
206864
206865
206866
206867
206868
206869
206870
206871
206872
206873
206874
207398
207399
207400
207401
207402
207403
207404
207405
207406
207407
207408
207409
207410
207411
207925
207926
207927
207928
207929
207930
207931
207932
207933
207934
207935
207936
207937
208427
208428
208429
208430
208431
208432
208433
208434
208435
208436
208437
208438
208931
208932
208933
208934
208935
208936
208937
208938
208939
208940
209411
209412
209413
209414
209415
209416
209417
209917
209918
209919
209920
209921
209922
209923
209924
209925
209926
210401
210402
210403
210404
210405
210406
210407
210408
210409
210905
210906
210907
210908
210909
210910
210911
210912
211426
211427
211428
211429
211430
211431
211432
211433
211434
211959
211960
211961
211962
211963
211964
211965
211966
211967
211968
212471
212472
212473
212474
212475
212476
212477
212478
212479
212480
212990
212991
212992
212993
212994
212995
212996
212997
213524
213525
213526
213527
213528
213529
213530
213531
214080
214081
214082
214083
214084
214654
214655
214656
214657
214658
214659
214660
215247
215248
215249
215250
215818
215819
215820
216383
216384
216385
216386
216960
216961
217528