228169
228698
228699
228700
229223
229224
229225
229758
229759
229760
229761
229762
229763
230298
230299
230300
230301
230302
230303
230304
230305
230306
230307
230308
230830
230831
230832
230833
230834
230835
230836
230837
230838
230839
230840
231386
231387
231388
231389
231390
231391
231392
231939
231940
231941
231942
231943
231944
231945
231946
231947
231948
232502
232503
232504
232505
232506
232507
232508
232509
233093
233094
233095
233096
233097
233098
233099
233100
233101
233102
233672
233673
233674
233675
233676
233677
233678
233679
233680
233681
233682
234230
234231
234232
234233
234234
234235
234236
234237
234238
234239
234240
234770
234771
234772
234773
234774
234775
234776
235321
235322
235326
235327
235328
235893
235894
235899
236488
236489
236490
236491
236492
236496
237107
237108
237109
237110
237111
237113
237735
237736
237737
237738
237739
237740
238342
238343
238345
238346
238347
238348
238349
238943
238944
238945
238946
238947
238948
238949
238950
238951
239570
239571
239572
239573
239574
239575
239576
239577
239578
239579
239584
239585
240201
240202
240206
240207
240208
240209
240210
240212
240213
240214
240215
240216
240798
240799
240800
240802
240803
240804
240806
240807
240808
240809
241367
241368
241369
241370
241371
241372
241373
241374
241375
241376
241377
241378
241379
241954
241955
241956
241957
241958
241959
241960
241961
242555
242556
242557
242558
242560
243153
243154
243155
243157
243158
243159
243758
243759
243760
243761
243762
244359
244360
244361
244364
244365
244366
244966
244967
244968
244969
245568
245569
245570
245572
245573
245574
245575
245576
245580
246155
246156
246157
246158
246161
246162
246165
246738
246739
246740
246741
246742
246743
246744
246745
246746
246747
246748
246749
246750
246751
247316
247317
247318
247319
247320
247321
247322
247323
247324
247325
247326
247327
247328
247889
247890
247891
247892
247893
247894
247895
247896
247897
247898
248443
248444
248445
248446
248447
248448
248449
248450
248451
248452
248453
248454
248998
248999
249000
249001
249002
249003
249004
249005
249006
249550
249551
249552
249553
249554
249555
249556
249557
249558
250097
250098
250099
250100
250101
250102
250103
250104
250105
250631
250632
250635
250636
250637
250638
250640
250641
250642
250643
251180
251181
251182
251185
251186
251187
251188
251189
251190
251191
251730
251731
251732
251733
251734
251737
251738
251739
251740
251741
251742
251743
251744
251745
252307
252308
252309
252310
252311
252312
252313
252314
252315
252316
252317
252318
252319
252320
252321
252896
252897
252898
252899
252900
252901
252902
252903
252904
252905
252906
252907
252908
252909
252912
253477
253478
253479
253480
253481
253482
253483
253484
253486
253488
253489
254050
254051
254052
254053
254054
254055
254056
254057
254058
254060
254062
254063
254064
254065
254648
254649
254650
254651
254652
254653
254654
254655
254656
254657
254658
254659
254660
254662
254663
254664
254665
254666
254667
254668
255264
255266
255268
255269
255270
255271
255272
255273
255274
255275
255276
255277
255279
255280
255281
255282
255283
255284
255285
255866
255867
255869
255870
255871
255872
255873
255874
255875
255876
255877
255878
255879
255880
255881
255882
255883
255884
255885
255886
256486
256487
256489
256490
256491
256492
256493
256494
256495
256496
256497
256498
256499
256500
256501
256502
256503
256504
256505
256506
256507
256508
256509
256510
257101
257102
257103
257105
257106
257107
257108
257109
257110
257111
257112
257113
257114
257115
257116
257117
257118
257119
257120
257121
257122
257123
257124
257125
257126
257722
257723
257724
257725
257726
257727
257728
257729
257730
257731
257732
257733
257734
257735
257736
257737
257738
257739
257740
257741
257742
257743
257744
257745
257746
257747
258326
258327
258328
258329
258330
258331
258332
258333
258334
258335
258336
258337
258338
258339
258340
258341
258342
258343
258344
258345
258346
258347
258348
258349
258350
258351
258352
258945
258946
258947
258948
258949
258950
258951
258952
258953
258954
258955
258956
258957
258958
258959
258960
258961
258962
258963
258964
258965
258966
258967
258968
258969
259588
259589
259590
259591
259592
259593
259594
259595
259596
259597
259598
259599
259600
259601
259602
259603
259604
259605
259606
259607
259608
259609
259610
259611
259612
260235
260236
260237
260238
260239
260240
260241
260242
260243
260244
260245
260246
260247
260248
260249
260250
260251
260252
260253
260254
260870
260871
260872
260873
260874
260875
260876
260877
260878
260879
260880
260881
260882
260883
260884
260885
261491
261492
261493
261494
261496
261497
261498
261499
261500
261501
262100
262101
262102
262103
262104
262105
262106
262107
262108
262109
262110
262111
262710
262711
262712
262713
262714
262715
262716
262717
262718
262719
262720
263308
263309
263310
263311
263312
263313
263314
263319
263906
263907
263908
263909
263911
263912
263916
263917
263918
263919
264523
264535
264536
264537
264538
264539
264540
264547
264548
264549
265148
265149
265160
265161
265162
265164
265165
265172
265173
265775
265787
265788
265789
265792
265793
265794
265798
265799
265800
266401
266402
266404
266412
266413
266414
266415
266416
266418
266419
266420
266421
266422
266423
266424
267010
267011
267012
267013
267014
267017
267018
267019
267020
267021
267022
267023
267024
267031
267621
267622
267623
267629
267630
267631
267632
267633
267634
267635
267636
267644
268252
268253
268254
268255
268256
268257
268258
268259
268260
268262
268263
268265
268266
268267
268268
268878
268879
268880
268881
268882
268883
268884
268885
268886
268887
268888
268889
268890
268891
268892
268893
268894
268895
268896
268897
268898
268899
269498
269499
269500
269501
269505
269506
269507
269508
269509
269510
269511
269512
269513
269514
269515
269516
269523
269524
270141
270142
270143
270144
270145
270146
270147
270148
270149
270150
270151
270152
270153
270154
270155
270156
270157
270158
270159
270160
270161
270162
270163
270164
270165
270166
270782
270783
270784
270785
270786
270787
270789
270790
270791
270792
270793
270794
270795
270796
270797
270798
270799
270800
270801
270802
270803
271431
271432
271433
271434
271435
271436
271437
271438
271439
271440
271441
271442
271443
271444
271445
271446
271447
271448
271449
271450
272090
272091
272092
272093
272094
272095
272096
272097
272098
272099
272100
272101
272102
272103
272104
272105
272106
272107
272732
272733
272734
272735
272736
272737
272738
272739
272740
272741
272742
272743
272744
273389
273390
273391
273392
273393
273394
273395
273396
273397
274045
274046
274047
274048
274049
274050
274051
274052
274053
274054
274691
274692
274693
274694
274695
274696
274697
274698
274699
274700
275314
275315
275316
275317
275318
275319
275320
275321
275322
275323
275324
275954
275955
275956
275957
275958
275959
275960
276604
276605
276606
276607
276608
277217
277218
277219
277220
277221
277830
277831
277832
277833
277834
278441
278442
278443
278444
278445
279040
279041
279042
279043
279044
279045
279661
279662
280262