171844
172352
172353
172354
172355
172356
172357
172864
172865
172866
172867
172868
172869
172870
173386
173387
173388
173389
173390
173391
173908
173909
173910
173911
173912
174445
174446
174447
174448
174449
174450
174451
174452
174992
174993
174994
174995
174996
175502
175503
175504
175505
175506
175515
175516
175517
176077
176078
176079
176080
176081
176082
176083
176091
176092
176093
176094
176095
176682
176683
176684
176685
176686
176687
176688
176689
176690
176695
176696
176697
176698
176699
177308
177309
177310
177311
177312
177313
177314
177315
177316
177317
177318
177320
177321
177322
177323
177324
177325
177949
177950
177951
177952
177953
177954
177955
177956
177957
177961
177962
177963
177964
177965
177966
177967
178595
178596
178597
178600
178601
178602
178603
178604
178605
178606
178607
178608
178609
178613
178614
178615
178616
178617
178618
178619
179227
179228
179229
179230
179231
179232
179233
179234
179235
179236
179237
179238
179239
179240
179241
179242
179243
179244
179245
179246
179247
179248
179249
179250
179251
179252
179253
179254
179255
179853
179854
179855
179856
179857
179858
179859
179860
179861
179862
179863
179864
179865
179866
179867
179868
179869
179870
179871
179872
179873
179874
179875
179876
179877
179878
179879
179880
179881
179882
180498
180499
180501
180502
180503
180504
180505
180506
180507
180508
180509
180510
180511
180512
180513
180514
180515
180516
180517
180518
180519
180520
180521
180522
180523
180524
180525
180526
180527
180528
181171
181172
181173
181174
181176
181177
181178
181179
181180
181181
181182
181183
181184
181185
181186
181187
181188
181189
181190
181191
181192
181193
181194
181195
181196
181197
181198
181199
181200
181201
181824
181826
181827
181828
181829
181831
181832
181833
181834
181835
181836
181837
181838
181839
181840
181841
181842
181843
181844
181845
181846
181847
181848
181849
181850
181851
181852
181853
182466
182467
182468
182469
182470
182471
182472
182473
182474
182475
182476
182478
182479
182480
182481
182482
182483
182484
182485
182486
182487
182488
182489
182490
182491
182492
182493
182494
183102
183104
183105
183106
183107
183108
183109
183110
183111
183112
183113
183114
183115
183116
183117
183118
183119
183120
183121
183122
183123
183124
183125
183126
183127
183129
183717
183719
183720
183721
183722
183723
183724
183725
183726
183727
183728
183729
183730
183731
183732
183733
183734
183735
183736
183737
183738
183739
183740
184307
184308
184309
184310
184311
184312
184313
184314
184315
184316
184317
184318
184319
184320
184321
184322
184323
184324
184325
184915
184916
184917
184918
184919
184920
184921
184922
184923
184924
184925
184926
184927
184928
184929
184930
184931
184932
184934
185544
185545
185547
185548
185549
185550
185551
185552
185553
185554
185555
185556
185557
185558
185559
185560
185561
185562
185563
185564
185566
185567
186191
186192
186198
186199
186200
186201
186202
186203
186204
186205
186206
186207
186208
186209
186210
186211
186212
186213
186214
186215
186216
186217
186218
186830
186831
186832
186838
186839
186840
186841
186842
186843
186844
186845
186846
186847
186848
186849
186850
186851
186852
186853
186854
186855
186856
186857
187455
187456
187457
187458
187459
187463
187464
187465
187466
187467
187468
187469
187470
187471
187472
187473
187474
187475
187476
187477
187478
187479
187480
188063
188064
188065
188066
188067
188070
188071
188072
188073
188074
188075
188076
188077
188078
188079
188080
188081
188082
188083
188084
188085
188086
188087
188675
188676
188677
188678
188682
188683
188684
188685
188686
188687
188688
188689
188690
188691
188692
188693
188694
188695
188696
188697
188698
188699
189283
189284
189285
189286
189287
189288
189289
189290
189291
189292
189293
189294
189295
189296
189297
189298
189299
189300
189301
189302
189303
189304
189305
189306
189307
189308
189878
189879
189880
189881
189882
189883
189884
189885
189886
189887
189888
189890
189891
189892
189893
189894
189895
189896
189897
189898
189899
189900
189901
189902
189903
189904
189905
189906
189907
190456
190457
190458
190459
190460
190461
190462
190463
190464
190465
190466
190467
190469
190470
190471
190472
190473
190474
190475
190476
190477
190478
190479
190480
190481
190482
191020
191021
191022
191023
191024
191025
191026
191027
191028
191029
191032
191033
191034
191035
191036
191037
191038
191039
191040
191041
191042
191043
191044
191045
191046
191047
191048
191049
191050
191589
191590
191591
191592
191593
191594
191595
191596
191597
191598
191604
191605
191606
191607
191608
191609
191610
191611
191612
191613
191614
191615
191616
191617
191618
191621
192159
192160
192161
192162
192163
192164
192165
192170
192171
192172
192173
192174
192175
192176
192177
192178
192179
192180
192181
192182
192183
192185
192188
192189
192190
192191
192711
192715
192716
192717
192718
192719
192720
192721
192722
192723
192724
192725
192726
192727
192728
192729
192730
192731
192732
192735
192736
192737
192738
192739
192740
192741
192742
192743
192744
193258
193259
193260
193261
193262
193263
193264
193265
193266
193267
193268
193269
193270
193271
193272
193273
193274
193275
193276
193277
193278
193279
193280
193281
193284
193285
193286
193287
193288
193289
193290
193291
193292
193800
193801
193802
193803
193804
193805
193806
193807
193808
193809
193810
193811
193813
193814
193815
193816
193817
193818
193819
193820
193821
193822
193823
193824
193826
193827
193828
193831
193832
193833
194361
194362
194363
194364
194365
194366
194367
194368
194369
194370
194371
194372
194376
194377
194378
194379
194380
194381
194382
194383
194384
194385
194386
194387
194388
194389
194391
194393
194394
194395
194396
194397
194931
194932
194933
194934
194935
194936
194937
194938
194939
194940
194944
194945
194946
194947
194948
194949
194950
194951
194952
194953
194954
194955
194962
195468
195469
195470
195471
195472
195473
195474
195475
195476
195481
195482
195483
195484
195485
195486
195487
196007
196008
196009
196010
196011
196012
196019
196020
196021
196022
196023
196024
196526
196538
196539
196540
196541
196542
197051
197060
197061
197062
197063
197064
197575
197576
197577
197578
197579
197580
197581
197582
198138
198139
198143
198691
198693
198696
199289
199290
199291
199292
199293
199885
200478
201042
201043
201044
201045
201595
201597
201598
201599
201600
201601
202167
202168
202169
202170
202171
202172
202176
202748
202749
202750
202751
202752
202753
202754
202757
202760
202761
202762
202763
202764
202765
202766
203321
203322
203323
203324
203325
203326
203327
203328
203329
203330
203331
203332
203333
203334
203335
203336
203337
203338
203895
203896
203897
203898
203902
203903
203904
203905
203906
203907
203908
203909
203911
203912
203913
204453
204454
204455
204456
204460
204461
204462
204463
204464
204465
205002
205003
205005
205007
205008
205009
205010
205553
205559
205560
205561
206109
206110
206111
206112
206113
206665
206666
206667
206668
206669
206670
206671
207214
207215
207216
207217
207752
207753
207754
208260
208261