130374
130375
130376
130888
130889
130890
131399
131400
131401
131917
131918
132435
132436
132437
132963
132964
132965
132966
132967
132968
133518
133519
133520
133521
133522
133523
133524
133525
133526
133527
133528
134095
134096
134097
134098
134099
134100
134101
134102
134103
134104
134105
134691
134692
134693
134694
134695
134696
134697
134698
134699
135299
135300
135301
135302
135303
135304
135305
135306
135307
135905
135906
135907
135908
135909
135910
135911
135912
135913
135914
135915
136510
136511
136512
136513
136514
136515
136516
136517
136518
136519
136520
136521
137109
137110
137111
137112
137113
137114
137115
137116
137117
137118
137119
137120
137680
137681
137682
137683
137684
137685
137686
137687
137688
137689
137690
137691
137692
137693
137694
138258
138259
138260
138261
138262
138263
138264
138265
138266
138267
138268
138269
138270
138271
138272
138273
138848
138849
138850
138851
138852
138853
138854
138855
138856
138857
138858
138859
138860
138861
138862
138863
138864
139456
139457
139458
139459
139460
139461
139462
139463
139464
139465
139466
139467
139468
139469
140061
140062
140063
140064
140065
140066
140067
140068
140069
140070
140071
140072
140073
140074
140075
140666
140667
140668
140669
140670
140671
140672
140673
140674
140675
140676
140677
140678
140679
140680
140681
140682
141262
141263
141264
141265
141266
141267
141268
141269
141270
141271
141272
141273
141274
141275
141276
141277
141278
141279
141844
141845
141846
141847
141848
141849
141850
141851
141852
141853
141854
141855
141856
141857
141858
142417
142418
142419
142420
142421
142422
142423
142424
142425
142426
142427
142428
142429
142430
142431
142432
142433
142434
142976
142977
142978
142979
142980
142981
142982
142983
142984
142985
142986
142987
142988
142989
142990
142991
142992
143535
143536
143537
143538
143539
143540
143541
143542
143543
143544
143545
143546
143547
143550
143551
144082
144083
144084
144085
144086
144087
144088
144089
144090
144091
144628
144629
144630
144631
144632
144633
144634
144635
144636
144637
144638
144639
144640
144641
145188
145189
145190
145191
145192
145193
145194
145195
145196
145197
145198
145199
145200
145201
145752
145753
145754
145755
145756
145757
145758
145759
145760
145761
145762
145763
145764
145765
145766
145767
146314
146315
146316
146317
146318
146319
146320
146321
146322
146323
146324
146325
146326
146327
146328
146329
146330
146331
146337
146338
146879
146880
146881
146882
146883
146884
146885
146886
146887
146888
146889
146890
146891
146892
146893
146894
146895
146896
146899
146900
146901
146902
147419
147420
147421
147422
147423
147424
147425
147426
147427
147428
147429
147430
147431
147432
147433
147434
147435
147436
147437
147438
147439
147440
147441
147965
147967
147968
147969
147970
147971
147972
147973
147974
147975
147976
147977
147978
147979
147980
147981
147982
147983
147984
147985
147986
147987
147988
148514
148515
148516
148517
148519
148520
148521
148522
148523
148524
148525
148526
148527
148528
148529
148530
148531
148532
148533
148534
148535
148536
148537
148538
149052
149053
149054
149055
149056
149057
149058
149059
149060
149061
149062
149063
149064
149065
149066
149067
149068
149069
149070
149591
149592
149593
149594
149595
149596
149597
149598
149599
149600
149601
149602
149603
149604
149605
149606
149607
149608
149609
149610
150124
150125
150126
150127
150128
150129
150130
150131
150132
150133
150134
150135
150136
150663
150664
150665
150666
150667
150668
150669
150670
150671
150672
150673
151214
151215
151216
151217
151218
151219
151220
151221
151222
151223
151755
151756
151757
151758
151759
151760
151761
151762
151763
151764
151765
151766
151767
151768
151769
151770
152312
152313
152314
152315
152316
152317
152318
152319
152320
152321
152322
152323
152324
152325
152326
152327
152861
152862
152863
152864
152865
152866
152867
152869
152870
152871
152872
152873
152874
152875
152876
152877
152878
152879
153393
153394
153395
153396
153397
153398
153399
153400
153401
153402
153403
153404
153405
153406
153407
153408
153409
153410
153411
153412
153413
153414
153415
153416
153907
153908
153909
153910
153911
153912
153913
153914
153915
153916
153917
153918
153919
153920
153921
153922
153923
153924
153926
153927
154425
154426
154427
154428
154429
154430
154431
154432
154433
154434
154435
154436
154437
154929
154930
154931
154932
154933
154934
154935
154936
154937
155405
155406
155407
155408
155409
155410
155411
155412
155413
155856
155857
155858
155859
155860
155861
155862
155863
155864
156311
156312
156313
156314
156315
156316
156317
156318
156319
156320
156321
156322
156811
156812
156813
156814
156815
156816
156817
156818
156819
156820
157308
157309
157310
157311
157312
157313
157314
157315
157316
157317
157785
157786
157787
157788
157789
157790
157791
157792
157793
157794
157795
157796
157801
157802
158271
158272
158273
158274
158275
158276
158277
158278
158279
158280
158281
158282
158283
158284
158285
158286
158287
158288
158293
158294
158295
158296
158297
158725
158726
158727
158728
158729
158730
158731
158732
158733
158734
158735
158736
158737
158738
158739
158740
158741
158742
158743
158744
158745
158746
158747
158748
158749
158750
159182
159183
159184
159185
159186
159187
159188
159189
159190
159191
159192
159193
159194
159195
159196
159197
159198
159199
159200
159201
159202
159203
159204
159205
159206
159207
159617
159618
159619
159620
159621
159622
159623
159624
159625
159626
159627
159628
159629
159630
159631
159632
159633
159634
159635
159636
159637
159638
159639
159640
159641
159642
159643
159644
159645
159646
159647
160056
160058
160059
160060
160061
160062
160063
160064
160065
160066
160067
160068
160069
160070
160071
160072
160073
160074
160075
160076
160077
160078
160079
160080
160081
160082
160083
160084
160085
160086
160087
160491
160492
160493
160494
160495
160496
160497
160498
160499
160500
160501
160502
160503
160504
160505
160506
160507
160508
160509
160510
160511
160512
160513
160514
160515
160516
160517
160518
160519
160921
160922
160923
160924
160925
160926
160927
160928
160929
160930
160931
160932
160933
160934
160935
160936
160937
160938
160939
160940
160941
160942
160943
160944
160945
160946
161379
161380
161381
161382
161383
161384
161385
161386
161387
161390
161391
161392
161393
161394
161396
161397
161398
161399
161400
161401
161402
161403
161852
161853
161854
161855
161856
161857
161858
161859
161863
161864
161869
161870
161871
161872
161873
161874
161875
161876
162348
162349
162350
162351
162352
162353
162357
162358
162359
162360
162361
162362
162366
162367
162368
162369
162370
162371
162372
162373
162374
162375
162832
162838
162839
162840
162841
162842
162843
162844
162845
162846
162851
162852
162853
163283
163284
163285
163286
163287
163288
163289
163290
163291
163298
163299
163300
163729
163730
163731
163732
163733
163734
163735
163736
163737
164163
164164
164165
164166
164167
164616
164617
164618
164619
164620
164621
165088
165089
165090
165091
165092
165093
165564
165565
165566
165567