289013
289014
289025
289026
289492
289505
289506
290010
290011
290012
290023
290506
290507
290508
290509
290510
290512
290513
290514
290515
290516
290517
290518
290519
290987
290988
290990
290991
290992
290993
290994
290995
290996
290997
291457
291458
291459
291460
291461
291462
291463
291464
291465
291466
291467
291468
291469
291470
291471
291472
291473
291929
291930
291931
291932
291933
291934
291935
291936
291937
291938
291939
291940
291941
291942
291943
291944
291945
291946
291947
291948
292425
292426
292427
292428
292429
292430
292431
292432
292433
292434
292435
292436
292437
292438
292439
292440
292441
292442
292443
292444
292445
292446
292447
292927
292928
292929
292930
292931
292932
292933
292934
292935
292936
292937
292938
292939
292940
292941
292942
292943
293441
293442
293443
293444
293445
293446
293447
293448
293449
293450
293451
293924
293925
293926
293927
293929
293934
293935
293936
293937
293938
293939
293940
293941
293942
293943
293944
293945
294417
294418
294419
294420
294421
294422
294423
294428
294429
294430
294431
294432
294433
294434
294435
294436
294437
294438
294899
294900
294901
294902
294903
294904
294905
294906
294907
294908
294911
294912
294913
294914
294915
294916
294917
294918
294919
294920
294921
294922
294923
294924
295385
295386
295387
295388
295389
295390
295391
295392
295393
295394
295395
295396
295397
295398
295399
295400
295401
295402
295403
295404
295405
295406
295407
295408
295409
295410
295411
295412
295413
295414
295415
295416
295417
295418
295419
295867
295868
295869
295870
295871
295872
295873
295874
295875
295876
295877
295878
295879
295880
295881
295882
295883
295884
295885
295886
295887
295888
295889
295890
295891
295892
295893
295894
295895
295897
295898
295899
295900
295901
295902
295903
296335
296336
296337
296338
296339
296340
296341
296342
296343
296344
296345
296347
296348
296349
296350
296351
296352
296353
296354
296355
296356
296357
296358
296359
296360
296361
296362
296363
296365
296366
296367
296368
296818
296819
296820
296821
296822
296823
296824
296825
296828
296829
296830
296831
296832
296833
296834
296835
296836
296837
296838
296839
296840
296841
296842
296845
296846
296847
297326
297327
297328
297329
297330
297331
297332
297333
297337
297338
297339
297340
297341
297342
297343
297344
297345
297346
297347
297348
297354
297355
297356
297357
297358
297359
297360
297361
297362
297835
297836
297837
297838
297839
297840
297841
297846
297847
297848
297849
297850
297851
297852
297853
297854
297855
297856
297857
297863
297864
297866
297867
297868
297869
297870
297871
298370
298371
298372
298373
298374
298375
298376
298377
298381
298382
298383
298384
298385
298386
298387
298389
298390
298392
298393
298394
298395
298396
298397
298883
298884
298885
298886
298887
298888
298892
298893
298894
298895
298896
298897
298898
298899
298900
298901
298902
298903
298904
298905
298906
298907
298908
298909
298910
298911
298912
298913
299398
299399
299400
299401
299402
299406
299407
299408
299409
299410
299411
299412
299413
299414
299415
299416
299417
299418
299419
299420
299421
299422
299423
299424
299425
299426
299427
299428
299915
299916
299917
299919
299920
299921
299922
299923
299924
299925
299926
299927
299928
299929
299930
299931
299932
299933
299934
299935
299936
299937
299938
300440
300441
300442
300443
300444
300445
300446
300447
300448
300449
300450
300451
300452
300453
300454
300455
300456
300457
300458
300459
300460
300461
300462
300463
300464
300465
300466
300981
300982
300983
300984
300985
300986
300987
300988
300990
300991
300992
300993
300994
300995
300996
300997
300998
300999
301000
301001
301002
301003
301004
301005
301007
301008
301009
301519
301520
301521
301522
301524
301525
301534
301535
301536
301537
301538
301539
301540
301541
301542
301543
301544
301545
301546
301547
301548
301549
301550
301551
302044
302045
302046
302047
302048
302050
302060
302061
302062
302063
302064
302065
302066
302067
302068
302069
302070
302071
302072
302073
302074
302075
302076
302077
302574
302575
302576
302577
302578
302579
302580
302581
302582
302589
302590
302591
302592
302593
302594
302595
302596
302597
302598
302599
302600
302601
302602
302603
302604
303124
303125
303126
303127
303128
303131
303132
303133
303134
303135
303136
303137
303138
303140
303141
303142
303143
303144
303660
303661
303662
303663
303664
303665
303666
303667
303671
303672
303673
303674
303675
303676
303677
303681
303684
303685
303686
304203
304204
304205
304206
304207
304208
304209
304210
304211
304212
304213
304214
304215
304216
304217
304218
304223
304224
304225
304757
304760
304762
304763
304764
304765
304766
304767
304768
304769
304770
304771
304772
304774
304775
304776
304777
304778
305316
305317
305318
305320
305321
305322
305323
305324
305873
305874
305875
305876
305877
305878
305879
305880
305881
305882
305883
306418
306419
306420
306421
306422
306423
306424
306425
306426
306427
306428
306429
306431
306432
306433
306434
306435
306966
306967
306968
306969
306970
306971
306972
306973
306974
306975
306976
306977
306978
306979
306980
306981
306982
306983
306984
306985
306986
306987
306988
306989
307521
307522
307523
307524
307525
307526
307527
307528
307529
307530
307531
307532
307533
307534
307535
307536
307537
307538
307539
307540
307541
307542
307543
307544
307545
307546
308068
308069
308070
308071
308072
308073
308074
308075
308076
308077
308078
308079
308080
308081
308082
308083
308084
308085
308086
308087
308088
308089
308090
308091
308092
308093
308094
308617
308618
308619
308620
308621
308622
308623
308624
308625
308626
308627
308628
308629
308630
308631
308632
308633
308634
308635
308636
308637
308638
308639
308640
308641
308642
308643
309171
309172
309173
309174
309175
309176
309177
309178
309179
309180
309181
309182
309183
309184
309185
309186
309187
309188
309189
309190
309191
309192
309193
309194
309195
309196
309705
309706
309707
309708
309709
309710
309711
309712
309713
309714
309715
309716
309717
309718
309719
309720
309721
309722
309723
309724
309725
309726
310244
310245
310246
310247
310248
310249
310250
310251
310252
310253
310254
310255
310256
310257
310258
310259
310260
310261
310262
310263
310264
310789
310790
310791
310792
310793
310794
310795
310796
310797
310798
310800
310801
310802
310803
310804
310805
310806
310807
310808
310809
310810
311316
311317
311318
311319
311320
311321
311322
311323
311324
311325
311327
311328
311329
311330
311331
311851
311852
311853
311854
311855
311856
311857
311858
311859
311860
311861
311862
311864
312360
312361
312362
312363
312364
312365
312366
312367
312368
312369
312371
312372
312842
312843
312844
312845
312846
312847
312848
312849
312850
312851
313313
313314
313315
313316
313317
313318
313319
313320
313321
313322
313323
313324
313325
313794
313795
313796
313797
313798
313799
313800
313801
313802
313803
313804
313805
313806
313807
314255
314256
314257
314258
314259
314260
314261
314262
314263
314264
314265
314266
314267
314268
314269
314270
314714
314715
314716
314717
314718
314719
314720
314721