366874
366875
367372
367373
367374
367375
367376
367874
367875
367876
367877
367878
367879
367880
367881
368394
368397
368398
368399
368400
368401
368402
368403
368404
368896
368897
368898
368899
368900
368901
368902
368903
368904
368905
368906
369386
369387
369388
369389
369390
369391
369392
369393
369394
369395
369861
369862
369863
369864
369865
369866
369867
370363
370364
370365
370366
370870
370871
370872
370873
370874
370875
371371
371372
371373
371374
371375
371376
371377
371378
371379
371380
371381
371879
371880
371881
371882
371883
371884
371885
371886
371887
372386
372387
372388
372389
372390
372391
372392
372393
372394
372395
372396
372898
372899
372900
372901
372902
372903
372904
372905
372906
372907
372908
372909
372910
372911
372912
373427
373428
373429
373430
373431
373432
373433
373434
373435
373436
373437
373438
373439
373440
373441
373442
373957
373958
373966
373967
373968
373969
373970
373971
373972
373973
373974
373975
373976
373977
373978
373979
373980
373981
373982
374517
374518
374519
374520
374521
374523
374524
374525
374526
374527
374536
374537
374538
374539
374540
374541
374542
374543
374544
374545
374546
374547
374548
374549
374550
374551
374552
375100
375101
375102
375103
375106
375107
375108
375109
375110
375121
375122
375123
375124
375125
375126
375127
375128
375129
375130
375131
375132
375133
375134
375135
375136
375691
375692
375693
375694
375696
375697
375698
375699
375700
375701
375714
375715
375716
375717
375718
375719
375721
375722
375723
375724
376289
376290
376291
376292
376293
376294
376295
376296
376297
376298
376299
376300
376301
376302
376303
376317
376318
376319
376320
376321
376322
376323
376324
376325
376326
376327
376899
376900
376901
376902
376903
376904
376905
376906
376907
376908
376909
376910
376911
376912
376913
376924
376925
376926
376927
376928
376929
376930
376931
376934
376935
376936
376937
377498
377499
377500
377501
377502
377503
377504
377505
377506
377507
377508
377509
377510
377511
377512
377513
377514
377515
377525
377526
377527
377528
377529
377530
377531
377532
377535
377536
377537
378060
378061
378062
378063
378064
378065
378066
378067
378068
378069
378070
378071
378072
378085
378086
378087
378088
378089
378606
378607
378608
378609
378610
378611
378612
378613
378614
378615
378616
378617
378618
378619
378620
378621
378636
378637
379142
379143
379144
379145
379146
379147
379148
379152
379153
379154
379155
379156
379157
379158
379168
379173
379696
379697
379698
379699
379700
379701
379702
379708
379709
379710
379711
379712
379713
379714
379724
379725
379726
379727
379728
379729
380264
380266
380268
380269
380270
380277
380278
380279
380280
380281
380282
380283
380295
380296
380297
380303
380304
380838
380839
380842
380843
380844
380854
380855
380856
380857
380858
380859
380860
380867
380868
380869
380870
380871
380872
380873
380874
380875
380878
380879
380880
381426
381431
381432
381441
381442
381443
381444
381445
381446
381451
381452
381453
381454
381455
381456
381457
381458
381459
381460
381461
381462
381463
381464
381465
381989
381990
381991
381992
381993
381994
381995
382001
382002
382003
382004
382005
382006
382007
382008
382009
382010
382011
382012
382013
382014
382015
382016
382017
382018
382019
382020
382022
382023
382024
382025
382533
382534
382535
382536
382537
382538
382539
382542
382543
382544
382545
382546
382547
382548
382549
382550
382551
382552
382553
382554
382555
382556
382557
382558
382559
382560
382561
382562
382563
382564
382565
382566
382567
382568
382569
383096
383097
383098
383099
383102
383103
383104
383105
383106
383107
383108
383109
383111
383112
383113
383114
383115
383116
383117
383118
383119
383120
383121
383122
383123
383124
383125
383126
383127
383128
383129
383130
383131
383132
383133
383134
383135
383136
383137
383139
383658
383659
383660
383661
383662
383663
383664
383665
383666
383667
383668
383669
383670
383671
383673
383674
383675
383676
383677
383678
383679
383680
383681
383682
383683
383684
383685
383686
383687
383688
383689
383690
383691
383692
383693
383694
383695
383696
383697
383698
383699
384238
384239
384240
384241
384242
384243
384244
384245
384246
384251
384252
384253
384254
384255
384256
384257
384258
384259
384260
384261
384262
384263
384264
384265
384266
384267
384268
384269
384270
384271
384272
384273
384274
384275
384276
384803
384804
384805
384806
384807
384808
384809
384810
384811
384812
384813
384814
384815
384816
384822
384823
384824
384825
384826
384827
384828
384829
384830
384831
384832
384833
384834
384835
384836
384837
384838
384839
384840
384841
384842
384843
384844
384845
384846
384859
385358
385359
385360
385361
385362
385363
385364
385365
385366
385367
385368
385369
385370
385371
385378
385380
385381
385382
385383
385384
385385
385386
385387
385388
385389
385390
385391
385392
385393
385394
385395
385396
385397
385398
385399
385400
385410
385411
385412
385413
385923
385924
385925
385926
385927
385928
385929
385930
385931
385932
385933
385934
385946
385947
385948
385949
385950
385951
385952
385953
385954
385955
385956
385957
385958
385959
385960
385961
385962
385963
385964
385966
385967
385975
385976
385977
385978
386467
386468
386469
386470
386471
386472
386473
386474
386475
386476
386477
386478
386492
386493
386494
386495
386496
386497
386498
386499
386500
386501
386502
386503
386504
386505
386506
386507
386508
386509
386510
386511
386512
386520
386521
386522
387018
387019
387020
387021
387022
387023
387024
387025
387026
387027
387029
387041
387042
387043
387044
387045
387046
387047
387048
387049
387053
387054
387055
387056
387057
387058
387059
387060
387061
387064
387065
387066
387070
387071
387072
387073
387074
387075
387076
387077
387565
387566
387567
387568
387569
387570
387571
387572
387573
387574
387575
387576
387577
387578
387579
387580
387581
387582
387583
387599
387600
387601
387602
387603
387607
387608
387609
387610
387611
387612
387613
387614
387615
387619
387620
387621
387622
387623
387624
387625
387626
387627
387628
387629
387630
387631
388127
388128
388130
388131
388133
388134
388135
388136
388137
388138
388139
388140
388141
388142
388143
388144
388145
388146
388173
388174
388175
388176
388187
388188
388189
388190
388694
388695
388696
388697
388698
388699
388700
388701
388702
388703
388704
388705
388706
388707
388708
388709
388710
388711
388745
388746
388747
389237
389238
389239
389240
389241
389242
389243
389244
389245
389246
389247
389248
389249
389788
389789
389790
389791
389792
389793
389794
389795
389796
389797
389798
389799
390336
390337
390338
390339
390340
390341
390342
390345
390346
390347
390348
390349
390887
390888
390889
390890
390891
390892
390893
390895
390896
390897
390898
391440
391441
391442
391443
391444
391445
391446
391447
391448
391449
391450
391997
391998
391999
392000
392001
392002
392003
392004
392005
392546
392547
392548
392549
392550
392551
392552
392553
392554
393072
393074
393075
393076
393599
393600
393602
394135
394136
394137
394138
394139
394661
394662
394663
394664
395191
395192
395193
395737
396303