451136
451137
451138
451460
451461
451462
451463
451464
451773
451775
451776
451777
452098
452102
452103
452104
452105
452403
452404
452405
452406
452407
452408
452409
452410
452736
452737
452738
452739
452740
452741
452742
452743
453072
453073
453074
453076
453077
453078
453079
453405
453406
453407
453408
453410
453726
453727
453728
453730
453731
454041
454042
454044
454350
454353
454354
454355
454675
454678
454679
454680
454681
454994
454995
454997
455001
455311
455312
455313
455314
455315
455317
455318
455322
455327
455328
455646
455647
455648
455649
455650
455651
455652
455653
455654
455655
455656
455658
455659
455660
455661
455662
455663
455664
455665
455666
455667
455668
455669
455993
455994
455995
455996
455997
455998
455999
456000
456004
456005
456006
456007
456008
456009
456010
456011
456012
456013
456014
456015
456017
456018
456019
456020
456021
456346
456348
456349
456350
456351
456352
456357
456358
456359
456360
456361
456362
456363
456364
456365
456366
456367
456368
456369
456370
456371
456372
456373
456682
456683
456684
456685
456691
456692
456693
456694
456695
456697
456698
456699
456700
456701
456702
456703
456704
456705
456706
456707
456708
456709
457010
457011
457012
457013
457014
457019
457020
457021
457022
457023
457024
457025
457026
457027
457028
457029
457030
457031
457032
457033
457034
457035
457036
457324
457325
457326
457327
457328
457329
457330
457331
457334
457335
457336
457337
457339
457341
457342
457343
457344
457345
457346
457347
457348
457349
457350
457351
457352
457643
457644
457645
457646
457647
457648
457649
457650
457651
457652
457653
457654
457655
457656
457657
457658
457659
457660
457661
457662
457663
457664
457667
457668
457669
457670
457671
457672
457673
457952
457953
457954
457956
457957
457958
457959
457960
457961
457962
457963
457964
457965
457966
457967
457968
457969
457970
457971
457974
457975
457976
457977
457978
457979
457981
458248
458249
458250
458253
458255
458256
458260
458264
458265
458267
458268
458269
458270
458271
458272
458273
458274
458275
458276
458277
458278
458552
458572
458573
458574
458575
458576
458577
458578
458579
458580
458581
458582
458583
458584
458884
458885
458886
458887
458888
458889
458890
458891
458892
458893
459200
459201
459202
459203
459204
459205
459206
459207
459208
459209
459210
459498
459499
459500
459501
459502
459503
459504
459505
459799
459800
459801
459802
459803
459804
459805
460100
460101
460102
460116
460117
460118
460119
460415
460416
460417
460418
460433
460434
460435
460436
460437
460721
460722
460723
460739
460740
460741
460742
460743
460744
460745
460746
460747
460748
460749
461028
461029
461030
461031
461046
461047
461048
461049
461050
461051
461052
461053
461054
461055
461056
461338
461339
461340
461341
461342
461345
461359
461360
461361
461362
461363
461364
461365
461366
461367
461368
461369
461370
461371
461372
461373
461374
461375
461660
461661
461662
461663
461664
461665
461668
461680
461681
461682
461683
461684
461685
461686
461687
461688
461689
461690
461691
461692
461693
461694
461695
461696
461697
461698
461987
461991
461992
461993
461994
461995
461998
461999
462000
462001
462002
462003
462009
462010
462011
462012
462013
462014
462015
462016
462017
462018
462019
462020
462021
462022
462023
462024
462025
462026
462027
462310
462311
462312
462313
462314
462315
462319
462320
462321
462322
462323
462324
462325
462326
462327
462328
462329
462330
462331
462332
462333
462334
462335
462336
462337
462338
462339
462340
462341
462342
462343
462344
462345
462346
462347
462348
462349
462350
462625
462626
462627
462630
462631
462633
462634
462635
462636
462637
462638
462639
462640
462641
462642
462643
462644
462645
462646
462647
462648
462649
462650
462651
462652
462653
462654
462655
462656
462657
462658
462659
462660
462661
462662
462663
462664
462665
462666
462667
462668
462669
462670
462671
462672
462953
462954
462955
462956
462957
462958
462959
462960
462964
462965
462966
462967
462968
462969
462970
462971
462972
462973
462974
462975
462976
462977
462978
462979
462980
462981
462982
462983
462984
462985
462986
462987
462988
462989
462990
462991
462992
462993
462994
462995
462996
463274
463275
463276
463281
463282
463283
463284
463285
463286
463287
463288
463289
463290
463291
463292
463293
463294
463295
463296
463297
463298
463299
463300
463301
463302
463303
463304
463305
463306
463307
463308
463309
463310
463311
463312
463313
463314
463315
463605
463606
463612
463613
463614
463615
463616
463617
463618
463619
463620
463621
463622
463623
463624
463625
463626
463627
463628
463629
463630
463631
463632
463633
463634
463635
463636
463637
463638
463639
463640
463641
463642
463925
463926
463927
463928
463929
463930
463931
463932
463933
463934
463935
463936
463937
463938
463939
463940
463941
463942
463943
463944
463945
463946
463947
463948
463949
463950
463951
463952
463953
463954
463955
463956
463957
463958
463959
464253
464254
464255
464257
464258
464259
464260
464261
464262
464263
464264
464265
464266
464267
464268
464269
464270
464271
464272
464273
464274
464275
464276
464277
464278
464279
464280
464281
464282
464283
464284
464595
464596
464597
464598
464599
464600
464601
464602
464603
464604
464605
464606
464607
464608
464609
464610
464611
464612
464613
464614
464615
464616
464617
464618
464619
464620
464621
464622
464623
464624
464935
464936
464937
464938
464939
464940
464941
464942
464943
464944
464945
464946
464947
464948
464949
464950
464951
464952
464953
464954
464955
464956
464957
464958
464959
464960
464961
464962
464963
464964
464965
464966
465264
465265
465266
465267
465268
465269
465270
465271
465272
465273
465274
465275
465276
465277
465278
465279
465280
465281
465282
465283
465284
465285
465286
465287
465288
465289
465290
465291
465587
465588
465589
465590
465591
465593
465594
465595
465596
465597
465598
465599
465600
465601
465602
465603
465604
465605
465606
465607
465608
465609
465610
465927
465928
465929
465930
465931
465932
465933
465940
465941
465942
465943
465944
465945
465946
465948
465949
465950
465951
465952
465953
465954
465955
466262
466263
466264
466265
466266
466267
466268
466278
466279
466280
466281
466282
466283
466284
466285
466286
466287
466288
466289
466290
466291
466292
466592
466593
466594
466595
466596
466604
466605
466606
466607
466608
466609
466610
466611
466612
466613
466614
466615
466616
466617
466618
466922
466923
466924
466925
466926
466935
466936
466937
466938
466939
466940
466941
466942
466943
466944
466945
466946
466947
466948
466949
467253
467254
467262
467263
467264
467265
467266
467267
467268
467269
467270
467271
467272
467580
467581
467582
467583
467584
467585
467586
467587
467588
467589
467903
467904
467905
467906
467907
467908
467909
467910
467911
468219
468220
468221
468222
468223
468224
468225
468226
468227
468228
468514
468515
468516
468517
468518
468519
468520
468521
468522
468822
468823
468824
468825
468826
468827
468828
469117
469118
469119
469120
469121
469122
469123
469124
469412
469413
469414
469415
469416
469417
469418
469419