426806
426807
427346
427347
427348
427349
427350
427351
427352
427353
427866
427867
427868
427869
427870
427871
427872
427873
427874
427875
428390
428391
428392
428393
428394
428395
428396
428397
428398
428399
428400
428893
428894
428895
428896
428897
428898
428899
428900
428901
428902
428903
428904
429433
429434
429435
429436
429437
429438
429439
429997
429998
429999
430000
430001
430542
430543
430544
430545
430546
431065
431066
431068
431069
431070
431071
431072
431073
431074
431582
431583
431584
431585
431586
431587
431588
431589
431590
431591
431592
432079
432080
432081
432082
432083
432084
432085
432086
432087
432606
432607
432608
432609
432610
432611
432612
432613
432614
432615
433120
433121
433122
433123
433124
433125
433126
433127
433128
433129
433633
433634
433635
433636
433637
433638
433639
433640
433641
434134
434135
434136
434137
434138
434139
434140
434141
434142
434143
434626
434627
434628
434629
434630
434631
434632
434633
434635
434637
434638
434639
435119
435120
435121
435122
435123
435124
435125
435126
435128
435129
435130
435131
435132
435133
435134
435135
435136
435619
435620
435621
435622
435623
435624
435625
435626
435627
435628
435629
435630
435631
435632
435633
435634
435635
435636
436100
436101
436102
436103
436104
436105
436106
436107
436108
436109
436110
436111
436112
436113
436114
436115
436116
436117
436118
436119
436120
436553
436554
436555
436556
436557
436558
436559
436560
436561
436562
436563
436564
436565
436566
436567
436568
436569
436570
436571
436572
436573
436574
436575
436576
436577
436994
436995
436996
436997
436998
436999
437000
437001
437002
437003
437004
437005
437006
437007
437008
437009
437010
437011
437012
437013
437014
437015
437454
437455
437456
437457
437458
437459
437460
437461
437462
437463
437464
437465
437466
437467
437468
437469
437470
437471
437472
437901
437902
437903
437904
437905
437906
437907
437908
437909
437910
437911
437912
437913
437914
437915
437916
437917
437918
437919
437920
437921
437922
437928
438347
438348
438349
438350
438351
438352
438353
438354
438355
438356
438357
438358
438359
438360
438361
438362
438363
438364
438365
438367
438368
438369
438370
438371
438372
438373
438374
438375
438376
438377
438382
438383
438384
438385
438386
438387
438790
438791
438792
438793
438794
438795
438796
438797
438798
438799
438800
438801
438804
438805
438806
438807
438808
438809
438811
438812
438813
438814
438815
438816
438817
438818
438819
438821
438823
438824
438825
438826
438827
438828
439241
439242
439243
439244
439245
439246
439247
439248
439249
439250
439252
439253
439254
439255
439256
439257
439258
439259
439260
439261
439262
439263
439264
439265
439266
439267
439268
439271
439272
439273
439274
439275
439276
439665
439666
439667
439668
439669
439670
439671
439672
439673
439674
439675
439676
439677
439678
439679
439680
439681
439682
439683
439684
439685
439686
439687
439688
439689
439690
439691
439692
440066
440067
440068
440069
440070
440071
440072
440073
440074
440075
440076
440077
440081
440082
440083
440084
440085
440086
440090
440091
440092
440093
440094
440452
440453
440454
440455
440456
440457
440458
440459
440460
440461
440462
440463
440464
440466
440468
440469
440475
440476
440477
440478
440839
440840
440841
440842
440843
440844
440845
440846
440847
440848
440849
440850
440851
440852
440853
440854
440859
441218
441219
441220
441221
441222
441223
441224
441225
441226
441227
441228
441229
441230
441231
441232
441239
441604
441605
441606
441607
441608
441609
441610
441611
441612
441615
441624
441960
441961
441962
441963
441964
441965
441966
442311
442312
442313
442314
442315
442316
442317
442318
442319
442670
442671
442672
442673
442674
442675
442676
443032
443033
443034
443035
443036
443037
443038
443039
443040
443041
443402
443403
443404
443405
443406
443407
443409
443410
443411
443412
443777
443778
443779
443780
443781
443782
443783
443785
444150
444151
444152
444153
444154
444155
444156
444157
444164
444516
444517
444518
444519
444520
444521
444522
444523
444524
444525
444529
444530
444532
444533
444534
444877
444878
444879
444880
444881
444882
444883
444884
444885
444886
444889
444890
444891
444892
445251
445252
445253
445254
445255
445256
445257
445258
445259
445260
445261
445262
445263
445264
445615
445616
445617
445618
445619
445621
445622
445623
445624
445625
445626
445627
445628
445977
445980
445981
445982
445983
445984
445985
445986
445987
445988
445989
445990
445991
446327
446328
446329
446337
446338
446339
446340
446341
446342
446343
446344
446345
446346
446347
446348
446349
446350
446351
446352
446353
446354
446355
446356
446673
446674
446675
446676
446677
446679
446683
446684
446685
446686
446687
446688
446689
446690
446691
446692
446693
446694
446695
446696
446697
446698
446699
446700
446701
446702
447001
447002
447003
447004
447005
447006
447012
447013
447014
447015
447016
447017
447018
447019
447020
447021
447022
447023
447024
447025
447026
447027
447315
447316
447317
447318
447319
447320
447321
447322
447329
447330
447331
447334
447335
447337
447338
447339
447340
447341
447342
447343
447344
447620
447621
447622
447623
447624
447625
447626
447627
447628
447635
447636
447637
447638
447639
447640
447644
447645
447646
447647
447648
447649
447650
447944
447945
447946
447947
447948
447949
447950
447951
447953
447954
447955
447956
447958
447959
447960
447961
447962
447963
447966
447967
447968
447969
448269
448270
448273
448274
448276
448277
448278
448279
448280
448281
448282
448283
448284
448285
448286
448287
448288
448289
448290
448291
448292
448293
448294
448295
448297
448298
448300
448593
448594
448595
448596
448597
448598
448599
448600
448601
448602
448603
448604
448605
448606
448607
448608
448609
448610
448611
448612
448613
448614
448615
448616
448617
448618
448619
448620
448621
448622
448623
448918
448919
448920
448921
448922
448923
448924
448925
448926
448927
448928
448929
448930
448931
448934
448935
448936
448937
448938
448939
448940
448941
448942
449237
449238
449239
449240
449241
449242
449243
449244
449245
449246
449247
449248
449249
449250
449251
449252
449256
449257
449258
449259
449260
449261
449561
449562
449563
449564
449565
449566
449567
449568
449569
449570
449571
449572
449573
449574
449575
449579
449580
449581
449888
449889
449890
449891
449892
449893
449894
449895
449896
449897
449900
449901
449902
449903
449904
449905
450227
450228
450229
450230
450231
450232
450233
450241
450242
450243
450575
450576
450577
450578
450579
450897
450898
450899
450900
451224
451225
451226
451227
451228
451546
451547
451548
451549
451860
451861
452189
452190
452506
452507
452840
452841
452842
452843
452844
453178
453179
453180
453181
453182
453183
453184
453185
453186
453504
453505
453506
453507
453508
453509
453510
453511
453512
453513
453514
453824
453825
453826
453829
453831
453832
453833
454125
454126
454131
454133
454134
454141
454142
454433
454434
454439
454440
454450
454451
454452
454750
454751
454752
454753
454754
454755
454756
454765
454766
454767
455058
455059
455060
455372
455715