372292
372807
372808
373323
373324
373325
373326
373327
373860
373861
373862
373863
373864
374423
374424
374425
374426
375008
375009
375010
375590
375591
375592
375595
375596
375597
375598
375599
376187
376188
376189
376190
376191
376192
376193
376194
376800
376801
376803
376804
376805
376806
376828
377392
377393
377394
377395
377396
377397
377420
377421
377422
377425
377426
377961
377962
377963
377981
377987
377988
377989
377990
377991
377992
377993
377994
378509
378526
378531
378532
378533
378534
378535
378536
378537
378538
378539
379047
379048
379063
379064
379065
379068
379069
379070
379071
379072
379073
379074
379075
379607
379608
379609
379610
379623
379624
379625
379626
379627
379628
379629
379630
379631
379632
379633
379634
380176
380177
380178
380179
380180
380181
380182
380193
380194
380195
380196
380197
380198
380199
380200
380201
380202
380203
380204
380205
380206
380757
380758
380759
380760
380761
380762
380763
380764
380773
380774
380775
380776
380777
380778
380779
380780
380781
380782
380783
380784
380785
381339
381340
381341
381342
381343
381344
381349
381350
381351
381352
381353
381354
381355
381356
381357
381358
381359
381360
381361
381362
381905
381906
381907
381908
381909
381910
381914
381915
381916
381917
381918
381919
381920
381921
381922
381923
381924
381925
382457
382458
382459
382460
382461
382462
382466
382467
382468
382469
382470
382471
382472
382473
382474
382475
383010
383011
383012
383013
383014
383016
383017
383018
383019
383020
383021
383022
383023
383024
383025
383026
383027
383028
383029
383575
383576
383577
383578
383579
383580
383582
383583
383584
383585
383586
383587
383588
383589
383590
383591
383592
384160
384161
384162
384163
384164
384165
384166
384169
384170
384171
384172
384173
384174
384175
384176
384177
384178
384727
384728
384729
384730
384731
384732
384733
384734
384735
384736
384737
384738
384739
384740
384741
384742
384743
384744
384745
385280
385281
385282
385283
385284
385285
385286
385287
385288
385289
385290
385291
385292
385293
385294
385295
385296
385297
385298
385299
385300
385301
385837
385838
385839
385840
385841
385842
385843
385844
385845
385846
385847
385848
385849
385850
385851
385852
385853
385854
385855
385856
385857
385858
385859
385860
385861
385862
385863
385864
386385
386386
386387
386388
386389
386390
386391
386392
386393
386394
386395
386396
386397
386398
386399
386400
386401
386402
386403
386404
386405
386406
386407
386408
386409
386410
386411
386932
386933
386934
386935
386936
386937
386938
386939
386940
386941
386942
386943
386944
386945
386946
386947
386948
386949
386950
386951
386952
386953
386954
386955
386956
387473
387474
387475
387476
387477
387478
387479
387480
387481
387482
387483
387484
387485
387486
387487
387488
387489
387490
387491
387492
387493
387494
387495
387496
387497
387498
387499
387500
387501
387502
387503
387504
387505
387509
387510
387511
388039
388040
388041
388042
388044
388045
388046
388047
388048
388049
388050
388051
388052
388053
388054
388055
388056
388057
388058
388059
388060
388061
388062
388063
388064
388065
388068
388069
388070
388071
388072
388597
388598
388599
388600
388601
388604
388605
388606
388607
388609
388610
388611
388612
388613
388614
388615
388616
388617
388618
388619
388620
388621
388624
388626
388627
388629
388630
388631
388632
388633
389145
389146
389147
389152
389153
389154
389155
389156
389157
389158
389159
389160
389161
389162
389163
389164
389165
389166
389167
389171
389172
389173
389174
389175
389176
389179
389180
389181
389691
389692
389698
389699
389700
389702
389703
389704
389705
389706
389707
389708
389709
389710
389711
389712
389713
389714
389715
389716
389717
389718
389719
389720
389721
389722
389723
389724
390231
390232
390238
390239
390240
390241
390244
390245
390246
390247
390248
390249
390250
390251
390252
390253
390254
390255
390256
390257
390258
390259
390260
390261
390262
390263
390264
390265
390266
390267
390268
390269
390271
390795
390796
390797
390801
390802
390803
390804
390805
390810
390811
390812
390813
390814
390815
390817
390818
390819
390820
390821
390822
390823
390824
390825
391353
391354
391355
391356
391359
391360
391361
391362
391365
391366
391367
391368
391369
391370
391371
391372
391373
391374
391375
391376
391377
391378
391379
391380
391381
391382
391911
391913
391914
391915
391916
391917
391918
391922
391923
391924
391925
391926
391927
391928
391929
391930
391931
391932
391933
391934
391935
391936
391937
392470
392471
392472
392473
392477
392478
392479
392480
392481
392482
392483
392484
392485
392486
392487
392488
392489
392490
392491
392492
392493
392494
392995
392996
392997
392998
392999
393000
393001
393002
393003
393004
393005
393006
393007
393008
393013
393014
393015
393524
393525
393526
393527
393528
393529
393530
393531
393532
393533
393534
394055
394056
394057
394058
394059
394060
394061
394062
394063
394064
394065
394066
394580
394581
394582
394583
394584
394585
394586
394587
394588
394589
394590
395111
395112
395113
395114
395115
395116
395117
395118
395119
395120
395121
395122
395123
395657
395658
395659
395660
395661
395662
395663
395664
395665
395666
395667
395668
395669
395670
396216
396217
396218
396219
396220
396221
396222
396223
396224
396225
396226
396227
396228
396229
396230
396231
396751
396752
396753
396754
396755
396756
396757
396758
396759
396760
396761
397273
397274
397275
397276
397277
397278
397279
397280
397281
397282
397283
397284
397285
397286
397795
397796
397797
397798
397799
397800
397801
397802
397803
397804
397807
397808
397809
397810
398333
398334
398335
398336
398337
398338
398339
398340
398341
398342
398344
398345
398346
398347
398348
398894
398895
398896
398897
398898
398899
398900
398901
398902
398903
398904
398905
398906
398907
398908
398909
398910
398911
398913
398914
399443
399444
399445
399446
399447
399448
399449
399450
399451
399452
399453
399454
399455
399456
399457
399458
399459
399460
399462
399463
399971
399972
399973
399974
399975
399976
399977
399978
399979
399980
399981
399982
399983
399984
399985
399986
399987
399988
400465
400466
400467
400468
400469
400470
400471
400472
400473
400474
400475
400476
400477
400478
400479
400480
400481
400482
400483
400956
400957
400959
400960
400961
400962
400963
400964
400965
400966
400967
400968
400969
400970
400971
401456
401457
401458
401459
401460
401461
401462
401463
401464
401465
401466
401467
401468
401469
401470
401471
401472
401473
401948
401949
401950
401951
401952
401953
401954
401955
401956
401957
401958
401959
401960
401961
401962
401963
401964
402455
402456
402457
402458
402459
402460
402461
402462
402463
402464
402465
402466
402467
402468
402469
402961
402962
402963
402964
402965
402966
402967
402968
402969
403439
403440
403441
403442
403443
403444
403445
403446
403915
403916
403917
403918
403919
403920
403921
403922
404382
404383
404384
404385
404386
404387
404388
404389
404843
404844
404845
404846
404847
404848
404849
405295
405296
405297
405298
405299
405300
405301
405751
405752
405753
405755
405756
406213
406216