417286
417761
417762
418230
418231
418232
418724
418725
418726
418728
418729
419232
419233
419234
419235
419236
419237
419238
419718
419719
419720
419721
419722
419723
419724
420211
420216
420217
420218
420219
420220
420221
420222
420696
420697
420699
420700
420703
420704
420705
420706
420707
420708
420709
420710
421187
421188
421189
421190
421191
421192
421193
421194
421195
421196
421197
421198
421199
421653
421654
421655
421656
421657
421658
421659
421660
421661
421662
421663
421664
422115
422116
422117
422118
422119
422120
422121
422122
422123
422124
422125
422126
422127
422128
422129
422130
422131
422548
422549
422569
422570
422571
422572
422573
422574
422575
422576
422577
422578
422579
422580
422581
422582
423013
423014
423015
423016
423037
423038
423039
423040
423041
423042
423043
423044
423045
423046
423047
423048
423049
423050
423051
423052
423053
423054
423480
423481
423487
423488
423489
423490
423501
423502
423509
423510
423511
423512
423513
423514
423515
423516
423517
423518
423519
423520
423521
423522
423523
423524
423525
423526
423527
423528
423958
423959
423960
423965
423966
423967
423968
423969
423970
423971
423972
423973
423977
423978
423979
423980
423986
423987
423988
423989
423990
423991
423992
423993
423994
423995
423996
424442
424443
424444
424445
424446
424450
424451
424452
424453
424454
424455
424456
424457
424458
424459
424460
424466
424467
424468
424472
424473
424474
424475
424476
424477
424478
424922
424924
424925
424926
424927
424928
424929
424930
424931
424932
424933
424934
424935
424936
424943
424944
424945
424946
424947
424948
424949
424950
424951
424952
424953
424954
425407
425408
425409
425410
425411
425412
425413
425414
425415
425416
425417
425418
425419
425420
425421
425422
425426
425427
425428
425429
425430
425431
425432
425433
425434
425435
425436
425886
425888
425889
425890
425891
425892
425893
425894
425895
425896
425898
425899
425900
425901
425902
425903
425905
425906
425907
425908
425909
425910
425911
425912
425913
425914
425915
425916
425917
426380
426381
426382
426383
426384
426385
426386
426387
426388
426389
426390
426391
426392
426393
426394
426395
426396
426397
426398
426399
426400
426401
426402
426403
426404
426405
426406
426407
426408
426409
426410
426411
426412
426413
426414
426415
426416
426417
426418
426900
426901
426902
426903
426904
426905
426906
426907
426908
426909
426910
426911
426912
426913
426914
426915
426916
426917
426918
426919
426920
426921
426922
426923
426924
426925
426926
426927
426928
426929
426930
426931
426932
426933
426934
426935
426936
426937
426938
426939
426940
426941
426942
426943
426944
426945
427440
427441
427442
427443
427444
427445
427446
427447
427448
427449
427450
427451
427452
427453
427454
427455
427456
427457
427458
427459
427460
427461
427462
427463
427464
427465
427466
427467
427468
427469
427470
427471
427472
427473
427474
427475
427477
427478
427479
427480
427481
427482
427483
427484
427966
427967
427968
427969
427970
427971
427972
427973
427974
427975
427976
427977
427978
427979
427980
427981
427982
427983
427984
427985
427986
427987
427988
427989
427990
427991
427992
427993
427994
427995
427996
427997
427998
427999
428000
428001
428002
428003
428004
428005
428471
428488
428489
428490
428491
428492
428493
428494
428495
428496
428497
428498
428499
428500
428501
428502
428503
428504
428505
428506
428507
428508
428509
428510
428511
428512
428513
428514
428515
428516
428517
428518
428519
428520
428521
428522
428523
428524
428976
428977
428978
428996
428997
428998
428999
429000
429001
429002
429003
429004
429005
429006
429007
429008
429009
429010
429011
429012
429013
429014
429015
429016
429017
429018
429019
429020
429021
429022
429023
429024
429025
429026
429027
429028
429029
429031
429032
429033
429508
429509
429510
429511
429529
429530
429531
429532
429533
429534
429535
429536
429537
429538
429539
429540
429541
429542
429543
429544
429545
429546
429547
429548
429549
429550
429551
429552
429553
429554
429555
429556
429557
429558
429559
429562
429563
429564
429567
429568
429569
430069
430070
430071
430072
430082
430083
430092
430093
430094
430095
430096
430097
430098
430099
430100
430101
430102
430103
430104
430105
430106
430107
430108
430109
430110
430111
430112
430113
430114
430115
430116
430117
430118
430119
430120
430121
430122
430123
430124
430606
430607
430608
430613
430614
430615
430616
430617
430618
430625
430626
430627
430628
430629
430630
430631
430632
430633
430634
430635
430636
430637
430638
430639
430640
430641
430642
430643
430644
430645
430646
430647
430648
431142
431143
431144
431145
431149
431150
431151
431152
431153
431154
431155
431156
431165
431166
431167
431168
431169
431170
431171
431172
431173
431174
431175
431176
431177
431178
431179
431180
431181
431182
431183
431666
431667
431668
431669
431671
431672
431673
431674
431677
431683
431685
431686
431687
431688
431689
431690
431691
431692
431693
431694
431695
431696
431697
431698
431699
431700
431701
431702
431703
432172
432173
432174
432175
432176
432184
432185
432187
432188
432189
432190
432191
432192
432194
432197
432682
432683
432684
432685
432686
432687
432688
432699
432700
432701
432702
432703
432704
432705
432706
432707
432708
432709
432710
433211
433212
433213
433214
433215
433216
433217
433218
433219
433220
433221
433222
433223
433231
433232
433233
433234
433235
433236
433724
433725
433726
433727
433728
433729
433730
433731
433733
433734
433735
433736
433742
433743
433744
433745
433746
434227
434228
434229
434230
434231
434232
434233
434234
434235
434236
434237
434238
434239
434240
434244
434245
434246
434247
434717
434718
434719
434723
434724
434725
434726
434727
434728
434730
434731
434732
434737
434738
434739
434740
434741
434742
435215
435216
435217
435218
435219
435220
435221
435222
435223
435224
435225
435226
435227
435228
435229
435230
435231
435232
435233
435234
435236
435239
435240
435241
435242
435243
435244
435708
435709
435710
435711
435712
435713
435714
435715
435716
435719
435720
435721
435722
435723
435724
435725
435727
435728
435729
435730
435731
435732
435733
436180
436181
436182
436183
436184
436185
436186
436187
436188
436189
436191
436192
436193
436195
436196
436197
436200
436203
436204
436639
436640
436641
436642
436643
436644
436645
436646
436647
436648
436649
436650
436651
436653
436656
437066
437067
437069
437070
437071
437072
437073
437074
437075
437076
437077
437078
437079
437080
437081
437082
437083
437084
437085
437086
437526
437527
437529
437530
437531
437532
437536
437537
437538
437542
437543
437544
437545
437546
437547
437548
437549
437971
437972
437974
437975
437976
437977
437981
437982
437983
437985
437986
437987
437988
437989
437990
437991
437992
437993
437994
438429
438430
438431
438432
438433
438434
438435
438436
438437
438443
438444
438445
438447
438448
438449
438450
438451
438452
438878
438879
438880
438881
438882
438883
438884
438885
438886
438887
438895
438896
438897
438898
438899
438900
438901
439324
439325
439326
439327
439328
439335
439336
439337
439338
439743
439744