27833
27834
27835
27836
27837
28331
28332
28333
28335
28809
28810
29271
29272
29744
29745
29746
29747
30209
30210
30211
30702
30703
30704
31203
31204
31701
31702
31703
32231
32232
32759
32760
32761
33254
33255
33765
33766
33767
33768
33769
34273
34274
34792
34793
35312
35313
35314
35822
35823
35824
35825
36314
36315
36326
36801
36802
36810
36811
36814
36815
37274
37283
37284
37285
37286
37750
37751
37752
37759
37760
37761
37762
38230
38231
38232
38233
38238
38239
38240
38241
38245
38246
38247
38740
38741
38742
38743
38744
38745
38746
38747
38748
38749
38752
38753
38754
38755
38758
38759
38760
39260
39261
39262
39263
39264
39265
39267
39269
39270
39273
39274
39275
39276
39277
39278
39279
39280
39281
39282
39283
39791
39792
39793
39794
39795
39796
39804
39805
39806
39807
39808
39809
39810
39811
39812
39813
39814
39815
40316
40317
40318
40319
40320
40321
40322
40330
40331
40332
40333
40334
40335
40336
40337
40338
40339
40340
40341
40854
40855
40856
40857
40858
40859
40860
40864
40865
40866
40867
40868
40869
40870
40871
40872
41392
41393
41394
41395
41396
41397
41398
41403
41405
41406
41407
41408
41409
41410
41411
41412
41413
41414
41415
41416
41417
41418
41419
41420
41953
41954
41957
41958
41959
41960
41961
41962
41963
41972
41973
41974
41975
41976
41977
41978
41979
41980
41981
41982
41983
41984
41985
41986
41987
41988
41989
41990
41991
42530
42531
42532
42533
42535
42536
42537
42538
42539
42540
42541
42552
42555
42556
42557
42558
42559
42560
42561
42562
42563
42564
42565
42566
42567
42568
42569
42570
42571
42572
42573
42574
43103
43104
43105
43106
43107
43108
43109
43110
43111
43112
43113
43114
43115
43118
43119
43120
43121
43122
43123
43125
43126
43127
43128
43129
43130
43131
43132
43133
43134
43135
43136
43137
43138
43139
43140
43141
43142
43143
43144
43145
43146
43147
43648
43649
43650
43651
43652
43653
43654
43655
43656
43657
43658
43659
43660
43662
43663
43664
43665
43666
43667
43668
43669
43670
43671
43672
43673
43674
43675
43676
43677
43678
43679
43680
43681
43682
43683
43684
43685
43686
43687
43688
43689
43690
43691
43692
44198
44199
44200
44201
44202
44203
44205
44206
44207
44208
44209
44210
44211
44212
44213
44214
44215
44216
44217
44218
44219
44220
44221
44222
44223
44224
44226
44227
44228
44229
44230
44231
44232
44233
44234
44235
44236
44237
44238
44239
44240
44241
44242
44243
44244
44731
44732
44734
44735
44736
44737
44738
44739
44740
44741
44742
44743
44744
44745
44746
44747
44748
44749
44750
44751
44754
44755
44756
44757
44758
44759
44760
44761
44762
44763
44764
44765
44766
44767
44768
44769
44770
44771
44772
44773
44774
44775
44776
44777
44778
44779
45253
45254
45255
45257
45258
45259
45265
45266
45267
45268
45269
45270
45271
45272
45273
45274
45275
45276
45277
45280
45281
45282
45283
45284
45285
45286
45287
45288
45289
45290
45291
45292
45293
45294
45295
45296
45297
45298
45299
45300
45301
45768
45769
45770
45771
45772
45773
45775
45776
45777
45778
45779
45783
45784
45785
45786
45787
45788
45789
45790
45791
45794
45796
45797
45799
45800
45801
45802
45803
45804
45805
45806
45807
45808
45809
45810
45811
45812
45813
45814
45815
45816
45817
46276
46277
46278
46279
46280
46281
46282
46283
46284
46285
46286
46287
46288
46289
46290
46291
46295
46297
46298
46299
46300
46301
46302
46303
46308
46309
46310
46311
46312
46313
46314
46315
46316
46317
46318
46319
46320
46321
46322
46761
46762
46763
46764
46765
46766
46767
46768
46769
46770
46771
46772
46773
46777
46778
46779
46780
46781
46782
46783
46784
46789
46790
46791
46792
46793
46794
46795
46796
46799
47230
47231
47232
47233
47234
47235
47236
47237
47238
47239
47240
47241
47242
47245
47246
47247
47248
47249
47250
47251
47258
47259
47260
47261
47262
47263
47264
47265
47672
47673
47674
47675
47676
47677
47678
47679
47680
47681
47682
47683
47685
47686
47687
47688
47689
47690
47691
47692
47693
47694
47701
47702
47703
47704
47705
47706
47707
47708
47709
47710
48126
48127
48128
48129
48130
48131
48134
48135
48136
48137
48138
48139
48140
48141
48142
48143
48144
48145
48146
48155
48156
48157
48158
48159
48160
48161
48162
48596
48597
48598
48599
48605
48606
48607
48608
48609
48610
48611
48612
48613
48614
48615
48616
48617
48618
48627
48628
48629
48630
48631
48632
48633
48634
49061
49062
49063
49069
49070
49072
49073
49074
49075
49076
49077
49078
49079
49080
49081
49082
49083
49094
49095
49096
49097
49098
49099
49100
49101
49545
49546
49547
49548
49549
49550
49551
49552
49553
49554
49555
49556
49563
49564
49565
49566
49567
49568
49569
49570
49571
49572
50024
50025
50026
50027
50028
50029
50030
50031
50032
50033
50034
50035
50036
50037
50042
50043
50044
50045
50046
50047
50048
50049
50050
50051
50052
50053
50055
50056
50496
50497
50498
50499
50500
50501
50502
50503
50504
50505
50506
50507
50508
50511
50513
50514
50515
50516
50517
50518
50519
50520
50521
50524
50964
50965
50966
50967
50968
50969
50970
50971
50972
50973
50974
50975
50976
50977
50978
50979
50980
50981
50982
50983
50985
50986
50987
50988
50989
50990
51433
51434
51435
51436
51437
51438
51439
51440
51441
51442
51443
51444
51445
51446
51447
51448
51449
51450
51451
51891
51892
51893
51894
51895
51896
51897
51898
51899
51900
51901
51902
51903
51904
51905
51906
51910
52354
52355
52356
52357
52358
52359
52360
52361
52362
52363
52364
52365
52366
52367
52368
52369
52370
52371
52372
52373
52822
52823
52824
52825
52826
52827
52828
52829
52830
52831
52832
52833
52834
52835
52836
52837
52838
52839
52840
52841
53279
53280
53281
53282
53283
53284
53285
53286
53287
53288
53289
53290
53291
53292
53293
53294
53295
53753
53754
53755
53756
53757
53758
53759
53760
53761
53762
54215
54216
54217
54218
54221
54222
54223
54224
54689
54690
54691
54692
54693
54694
54695
54696
54697
55158
55159
55160
55162
55163
55164
55165
55166
55167
55169
55170
55658
55659
55660
55661
55663
55664
55665
55666
55667
56144
56145
56146
56147
56148
56149
56150
56151
56152
56153
56154
56651
56652
56653
56654
56655
56656
56657
56658
56659
57162
57163
57164
57165
57166
57167
57168
57169
57170
57731
57732
57733
57734
57735
58273