65188
65189
65190
65195
65196
65756
65757
65758
65759
66309
66310
66311
66312
66315
66845
66846
66847
66848
66849
66850
66851
66852
67370
67371
67372
67373
67374
67375
67376
67377
67378
67379
67380
67381
67382
67932
67933
67934
67935
67936
67937
67938
67939
67940
67941
67942
67943
67944
67945
67946
67947
68465
68466
68467
68468
68469
68470
68471
68472
68473
68474
68475
68476
68477
68478
68479
68480
68481
68992
68993
68994
68995
68997
68999
69000
69001
69002
69003
69532
69533
69534
69535
69536
69537
69538
69540
69541
69542
70074
70075
70077
70078
70079
70083
70084
70085
70625
70626
70628
70629
71164
71165
71166
71167
71168
71169
71170
71171
71172
71173
71174
71730
71731
71732
71733
71734
71735
71736
71737
71738
71739
72295
72296
72297
72298
72299
72300
72301
72302
72303
72304
72867
72868
72869
72870
72871
72872
72873
72874
73427
73428
73429
73430
73431
73432
73983
73984
73985
73986
73987
73988
73989
73990
73991
74541
74542
74543
74544
74545
74546
74547
74548
75105
75106
75107
75108
75109
75110
75111
75112
75113
75696
75697
75698
75699
75700
75701
75702
75703
75706
75707
75708
76275
76276
76277
76278
76279
76280
76281
76282
76283
76286
76287
76288
76289
76290
76291
76849
76850
76851
76852
76853
76854
76855
76856
76857
76858
76859
76860
76861
76862
76863
76864
76865
76866
76867
76868
77405
77406
77407
77408
77409
77410
77411
77412
77413
77414
77415
77416
77417
77418
77419
77420
77421
77422
77423
77424
77980
77981
77982
77983
77984
77985
77986
77987
77988
77989
77990
77991
77992
77993
77995
77996
77998
78555
78556
78557
78558
78559
78560
78561
78562
78563
78564
78565
78566
78567
78568
78569
78570
78571
78572
78573
78574
78575
78576
78577
78580
78581
79155
79156
79157
79158
79159
79160
79161
79162
79163
79164
79165
79166
79167
79168
79169
79170
79171
79172
79173
79174
79175
79178
79179
79734
79735
79736
79737
79738
79739
79740
79741
79742
79743
79744
79745
79746
79747
79748
79749
79750
79751
79755
79756
79757
79758
79759
80330
80331
80332
80333
80334
80335
80336
80337
80338
80339
80340
80341
80342
80343
80344
80345
80346
80347
80348
80349
80919
80920
80921
80922
80923
80924
80925
80926
80927
80928
80929
80930
80931
80932
80933
80934
80935
80936
80937
80938
80939
81474
81475
81476
81477
81478
81479
81480
81481
81482
81483
81484
81485
81486
81487
81488
81489
81490
81491
82045
82046
82047
82048
82049
82050
82051
82052
82053
82054
82055
82056
82057
82058
82059
82060
82061
82062
82063
82064
82065
82066
82067
82068
82633
82634
82635
82636
82637
82638
82639
82640
82641
82642
82643
82644
82645
82646
82647
82648
82649
82650
82651
82652
82653
82654
82655
82656
82657
82658
82659
83228
83229
83230
83231
83232
83233
83234
83235
83236
83237
83238
83239
83240
83241
83242
83243
83244
83245
83246
83247
83248
83249
83250
83251
83252
83785
83786
83787
83788
83789
83790
83791
83792
83793
83794
83795
83796
83797
83798
83799
83800
83801
83802
83803
83804
83805
83806
83807
83808
83809
83810
83811
83812
83813
83814
83815
83816
84348
84349
84350
84351
84352
84353
84354
84355
84356
84357
84358
84359
84360
84361
84362
84363
84364
84365
84366
84367
84368
84369
84370
84371
84372
84373
84374
84375
84376
84377
84378
84379
84380
84381
84382
84383
84384
84924
84925
84926
84927
84928
84929
84930
84931
84932
84933
84934
84935
84936
84937
84938
84939
84940
84941
84942
84943
84944
84945
84946
84947
84948
84949
84950
84951
84952
84953
84954
84955
84956
84957
84958
85495
85496
85497
85498
85499
85500
85501
85502
85503
85504
85505
85506
85507
85508
85509
85510
85511
85512
85513
85514
85515
85516
85517
85518
85519
85520
85521
85522
85523
85524
85525
85526
85527
85528
85529
85530
85531
85532
85533
86061
86062
86063
86064
86065
86066
86067
86068
86069
86070
86071
86072
86073
86074
86075
86076
86077
86078
86079
86080
86081
86082
86083
86084
86085
86086
86087
86088
86089
86090
86091
86092
86093
86094
86095
86096
86097
86098
86621
86622
86623
86624
86625
86626
86627
86628
86629
86630
86631
86632
86633
86634
86635
86636
86637
86638
86639
86640
86641
86642
86643
86644
86645
86646
86647
86648
86649
86650
86651
86652
86653
86654
86655
86656
87179
87180
87181
87182
87183
87184
87185
87186
87187
87188
87189
87190
87191
87192
87193
87194
87195
87196
87197
87198
87199
87200
87201
87202
87203
87204
87205
87206
87207
87708
87709
87710
87711
87712
87713
87714
87715
87716
87717
87718
87719
87720
87721
87722
87723
87724
87725
87726
87727
87728
87729
87730
87731
87732
87733
87734
87735
87736
88231
88232
88233
88234
88235
88236
88237
88238
88239
88240
88241
88242
88243
88244
88245
88246
88247
88248
88249
88250
88251
88252
88253
88254
88255
88256
88770
88771
88772
88773
88774
88775
88776
88777
88778
88779
88780
88781
88782
88783
88784
88785
88786
88787
88788
89292
89293
89294
89295
89296
89297
89298
89299
89300
89301
89302
89303
89304
89829
89830
89831
89832
89833
89834
89835
89836
89837
89838
89839
89840
89841
90351
90352
90353
90354
90355
90356
90357
90358
90359
90360
90361
90362
90363
90364
90365
90899
90900
90901
90902
90903
90904
90905
90906
90907
90908
90909
90910
90911
90912
90913
90914
90915
90916
90917
90918
90919
91461
91462
91463
91464
91465
91466
91467
91468
91469
91470
91471
91472
91473
91474
91475
91476
91477
91478
91479
91480
91481
91482
91483
91484
92024
92025
92026
92027
92028
92029
92030
92031
92032
92033
92034
92035
92036
92037
92038
92039
92040
92041
92042
92043
92044
92045
92598
92599
92600
92601
92602
92603
92604
92605
92606
92607
92608
92609
92610
92611
92612
92613
92614
92615
92616
92617
92618
92619
92620
92621
93185
93186
93187
93188
93189
93190
93191
93192
93193
93194
93195
93196
93197
93198
93199
93200
93201
93202
93203
93204
93205
93206
93207
93806
93807
93808
93809
93810
93812
93813
93814
93815
93816
93817
93818
93819
93820
93821
93822
93823
93824
93825
94426
94427
94428
94429
94430
94431
94434
94435
94436
94440
94441
94442
94443
95037
95038
95039
95040
95045
95046
95047
95048
95049
95050
95057
95058
95059
95682
95683
95684
95685
95696
96324
96325
96326
96327
96328
96329
96973
96974
96975
96976
96977
96978
96979
97612
97613