264975
265607
265608
265609
265612
265613
266236
266237
266238
266239
266240
266241
266242
266243
266244
266245
266246
266247
266248
266834
266835
266836
266837
266838
266839
266840
266841
266842
266843
266844
266845
267441
267442
267443
267444
267445
267446
267447
267448
267449
267450
267451
267452
267453
267454
267455
267456
267457
267458
267459
268074
268075
268076
268077
268078
268079
268080
268081
268082
268083
268084
268085
268086
268087
268088
268089
268090
268091
268092
268700
268701
268702
268703
268704
268705
268706
268707
268708
268709
268710
268711
268712
268713
268714
269328
269329
269330
269331
269332
269333
269334
269335
269336
269337
269338
269339
269340
269341
269343
269344
269345
269346
269967
269968
269969
269970
269971
269972
269973
269974
269975
269976
269977
269978
269979
270611
270612
270613
270614
270615
270616
270619
270620
270621
270622
271265
271266
271267
271268
271269
271270
271271
271272
271277
271278
271279
271916
271917
271918
271919
271920
271926
271927
271928
271929
271930
272563
272564
272565
272566
272567
272568
272569
272574
272575
272576
272577
272578
273212
273213
273215
273216
273217
273218
273223
273225
273874
273875
273876
273877
273884
273885
273886
273887
273888
274528
274529
274530
274531
274532
274538
274539
274540
274541
274542
275155
275156
275157
275163
275164
275165
275166
275792
275793
275794
275795
275800
275801
276425
276426
276427
276428
276429
276430
276433
276434
276435
276436
276437
277034
277043
277044
277045
277047
277048
277049
277050
277051
277052
277053
277054
277055
277648
277655
277656
277657
277658
277659
277660
277661
277662
277663
278255
278256
278262
278264
278265
278266
278267
278268
278269
278270
278865
278866
278871
278873
278874
278875
278876
278877
278878
278879
278880
279484
279485
279488
279489
279490
279491
279492
279493
279494
279495
279496
280085
280086
280087
280091
280092
280093
280094
280095
280096
280097
280098
280099
280679
280680
280681
280686
280687
280688
280689
280691
280692
280693
280694
280695
280696
280697
281274
281276
281277
281278
281279
281280
281286
281287
281288
281289
281290
281291
281292
281293
281294
281295
281296
281297
281298
281299
281300
281859
281861
281862
281863
281864
281865
281872
281873
281874
281875
281876
281877
281878
281879
281880
281881
281882
281883
281884
281885
281886
281887
281888
281889
281892
282446
282447
282448
282449
282450
282451
282452
282459
282460
282461
282462
282463
282464
282465
282466
282467
282468
282469
282470
282471
282472
282473
282474
282475
282476
282477
283033
283034
283035
283036
283037
283038
283039
283040
283041
283042
283043
283044
283045
283046
283047
283048
283049
283050
283051
283052
283053
283054
283055
283056
283057
283058
283059
283060
283061
283062
283063
283064
283065
283653
283654
283655
283656
283657
283658
283659
283660
283661
283662
283663
283664
283665
283666
283667
283668
283669
283670
283671
283672
283673
283674
283675
283676
284264
284265
284266
284267
284268
284269
284270
284271
284272
284273
284274
284275
284276
284277
284278
284279
284280
284281
284282
284283
284284
284285
284286
284287
284288
284289
284290
284291
284872
284873
284874
284875
284876
284877
284878
284879
284880
284881
284882
284883
284885
284886
284887
284888
284889
284890
284891
284892
284893
284894
284895
284896
284897
284898
285454
285455
285456
285457
285458
285459
285460
285461
285462
285463
285464
285467
285468
285469
285470
285471
285472
285473
285474
285475
285476
285477
285478
285479
285480
285481
286000
286001
286002
286003
286004
286005
286006
286007
286011
286012
286013
286014
286015
286016
286017
286018
286019
286020
286021
286022
286023
286024
286025
286026
286027
286028
286029
286030
286509
286510
286511
286512
286513
286514
286516
286517
286518
286519
286520
286521
286522
286523
286524
286525
286526
286532
286533
286534
286535
286536
286537
286538
286539
286540
286541
286542
286543
286544
286545
286546
286547
287026
287027
287028
287029
287030
287031
287032
287033
287034
287035
287036
287037
287038
287039
287040
287041
287042
287048
287049
287050
287051
287052
287053
287054
287055
287056
287057
287058
287059
287060
287061
287062
287536
287537
287538
287539
287540
287541
287542
287543
287544
287547
287548
287549
287550
287551
287552
287553
287554
287555
287556
287560
287561
287562
287563
287564
287565
287566
287567
287568
287569
287570
287571
287572
287573
287574
287575
288048
288049
288050
288051
288052
288053
288054
288055
288056
288057
288058
288059
288060
288062
288063
288064
288065
288066
288067
288068
288069
288071
288072
288073
288074
288075
288076
288077
288078
288079
288080
288081
288083
288084
288085
288086
288087
288583
288584
288585
288586
288587
288588
288589
288590
288591
288592
288593
288594
288595
288596
288597
288598
288599
288600
288601
288602
288603
288604
288605
288606
288607
288608
288609
288610
288611
288612
288613
288614
288616
288617
288618
288619
288620
288622
289085
289086
289087
289088
289089
289090
289091
289092
289093
289094
289095
289096
289097
289098
289099
289100
289101
289102
289103
289104
289105
289106
289107
289108
289109
289110
289111
289112
289113
289114
289118
289119
289563
289564
289565
289566
289567
289568
289569
289570
289571
289572
289573
289574
289575
289576
289577
289578
289579
289580
289581
289582
289583
289584
289585
289586
289587
289588
290071
290072
290073
290074
290075
290076
290077
290078
290079
290080
290081
290082
290083
290084
290085
290086
290087
290088
290089
290090
290091
290092
290093
290094
290095
290567
290568
290569
290570
290571
290572
290573
290574
290575
290576
290577
290578
290579
290580
290581
290582
290583
290584
290586
290587
290588
290589
290590
290591
291041
291043
291044
291045
291046
291047
291048
291049
291050
291051
291052
291053
291054
291055
291056
291057
291058
291059
291060
291061
291062
291063
291064
291065
291515
291516
291517
291518
291519
291520
291521
291522
291523
291524
291525
291526
291527
291528
291529
291530
291531
291532
291533
291534
291535
291536
291537
291987
291988
291989
291990
291991
291995
291996
291997
291998
291999
292000
292001
292002
292003
292004
292005
292006
292007
292488
292489
292490
292491
292492
292495
292496
292497
292498
292499
292500
292501
292502
292503
292504
292505
292506
292507
292508
292509
292990
292991
292992
292993
292994
292996
292997
292998
292999
293000
293001
293002
293003
293004
293005
293009
293492
293493
293494
293495
293496
293497
293498
293499
293500
293501
293502
293503
293504
293505
293506
293982
293983
293984
293985
293986
293987
293988
293989
293990
293991
293992
293993
293994
293995
293996
293997
293998
293999
294000
294001
294003
294472
294473
294474
294475
294476
294478
294479
294480
294481
294482
294483
294484
294485
294486
294487
294488
294489
294492
294493
294955
294956
294957
294958
294959
294963
294964
294965
294966
294967
294968
294969
294974
295446
295447
295448
295449
295450
295451
295452
295453
295455
295456
295457
295458
295459
295460
295461
295924
295925
295926
295927
295928
295929
295936