159507
159947
159948
159949
159950
159951
159952
159953
160380
160381
160382
160383
160811
160812
160813
160814
160815
160816
160817
160818
161264
161265
161266
161267
161268
161269
161270
161271
161272
161273
161274
161275
161723
161724
161725
161726
161727
161728
161729
161730
161731
161732
161733
161734
161735
161736
161737
161738
161739
161740
161741
161742
161743
161744
161745
162209
162210
162211
162212
162213
162214
162215
162216
162217
162218
162219
162220
162221
162222
162223
162224
162225
162226
162227
162228
162229
162230
162231
162690
162691
162692
162693
162694
162695
162696
162697
162698
162699
162700
162701
162702
162703
162704
162705
162706
162707
162708
163141
163142
163143
163144
163145
163146
163147
163148
163149
163150
163151
163152
163153
163154
163155
163156
163157
163158
163159
163160
163162
163163
163582
163583
163584
163585
163586
163587
163588
163589
163590
163591
163592
163593
163594
163595
163596
163597
163598
163599
163600
163601
163602
163603
163604
163605
163606
163607
163608
163609
163610
163611
164025
164026
164027
164028
164029
164030
164031
164032
164033
164034
164035
164036
164037
164038
164039
164040
164041
164042
164043
164044
164045
164046
164047
164048
164049
164050
164051
164052
164053
164054
164055
164056
164057
164058
164059
164476
164477
164478
164479
164480
164481
164482
164483
164484
164485
164486
164487
164488
164489
164490
164491
164492
164493
164494
164495
164496
164497
164498
164499
164500
164501
164502
164503
164504
164505
164506
164507
164508
164509
164510
164966
164967
164968
164969
164970
164971
164972
164973
164974
164975
164976
164977
164978
164979
164980
164981
164982
164983
164984
164985
164986
164987
164988
164989
164990
164991
164992
164993
164994
164995
164996
164997
164998
165448
165449
165450
165451
165452
165453
165454
165455
165456
165457
165458
165459
165460
165461
165462
165463
165464
165465
165466
165467
165468
165469
165470
165471
165472
165473
165474
165924
165925
165926
165927
165928
165929
165930
165931
165932
165936
165937
165938
165939
165940
165941
165942
165943
165944
165945
165946
165947
165948
165949
166413
166414
166415
166416
166417
166418
166419
166423
166424
166425
166426
166427
166428
166429
166430
166431
166432
166433
166434
166435
166436
166437
166897
166898
166899
166900
166901
166902
166903
166904
166907
166910
166911
166912
166913
166914
166915
166916
166917
166918
166919
166920
166921
166922
166926
166927
167395
167396
167397
167398
167399
167402
167403
167408
167409
167410
167411
167412
167413
167414
167415
167416
167417
167418
167419
167423
167424
167425
167429
167430
167914
167915
167916
167917
167918
167919
167920
167921
167922
167923
167924
167928
167929
167930
167931
167932
167933
167934
167935
167936
167937
167938
167939
167940
167941
167942
167943
167944
168440
168441
168442
168443
168444
168445
168446
168447
168448
168449
168451
168452
168453
168454
168455
168456
168457
168458
168459
168460
168461
168462
168463
168464
168465
168466
168467
168468
168469
168470
168471
168472
168954
168955
168956
168957
168958
168959
168960
168961
168962
168963
168965
168966
168967
168968
168969
168970
168971
168972
168973
168974
168975
168976
168977
168978
168979
168980
168981
168982
169467
169468
169473
169474
169475
169476
169479
169480
169481
169482
169483
169484
169485
169486
169487
169488
169489
169490
169491
169492
169493
169494
169986
169991
169993
169996
169997
169998
169999
170000
170001
170002
170003
170004
170005
170006
170007
170008
170512
170513
170514
170515
170516
170517
170518
170519
170520
170523
170524
170525
170526
170527
170528
170529
170530
170531
170532
170533
170534
170535
171064
171065
171066
171067
171068
171069
171070
171071
171072
171073
171074
171075
171076
171077
171078
171079
171080
171081
171082
171083
171084
171085
171585
171586
171587
171588
171589
171590
171591
171592
171593
171594
171596
171597
171598
171599
171600
171601
171602
171603
171604
171605
171606
171607
171608
172108
172109
172112
172113
172114
172115
172116
172117
172118
172120
172121
172122
172123
172124
172125
172126
172127
172128
172129
172130
172131
172132
172133
172134
172135
172621
172622
172625
172626
172628
172629
172630
172631
172632
172633
172634
172635
172636
172637
172638
172639
172640
172641
172642
172643
172644
172645
173123
173130
173131
173132
173133
173134
173135
173136
173137
173138
173139
173140
173141
173142
173143
173144
173145
173146
173147
173148
173149
173150
173151
173152
173651
173652
173653
173654
173655
173656
173657
173658
173659
173660
173661
173662
173663
173664
173665
173666
173667
173668
173669
173670
173671
173672
173673
173674
174173
174174
174175
174176
174177
174178
174179
174180
174181
174182
174183
174184
174185
174186
174187
174188
174189
174190
174191
174192
174193
174194
174195
174196
174197
174198
174199
174200
174201
174202
174720
174721
174722
174723
174724
174725
174726
174727
174728
174729
174730
174731
174732
174733
174734
174735
174736
174737
174738
174739
174740
174741
174742
174743
175245
175246
175247
175248
175249
175250
175251
175252
175253
175254
175255
175256
175257
175258
175259
175260
175261
175262
175263
175264
175265
175775
175776
175777
175778
175779
175780
175781
175782
175783
175784
175785
175786
175787
175788
175789
175790
175791
175792
175793
175794
176367
176368
176369
176370
176371
176372
176373
176374
176375
176376
176377
176378
176379
176380
176381
176382
176383
176384
176385
176386
176387
176388
176389
176985
176987
176988
176989
176990
176991
176992
176993
176994
176995
176996
176997
176998
176999
177000
177001
177002
177003
177004
177005
177006
177640
177641
177642
177643
177644
177645
177646
177647
177648
177649
177650
177651
177652
177653
177654
177655
177656
177657
177658
178289
178290
178291
178292
178293
178294
178295
178296
178297
178298
178302
178303
178304
178305
178306
178307
178308
178309
178310
178930
178931
178932
178933
178934
178935
178936
178938
178943
178944
178945
178946
178947
179579
179580
179592
179593
179594
179595
179596
179597
179598
179599
180216
180217
180230
180231
180232
180233
180234
180235
180236
180880
180881
180893
180894
180895
180896
180897
180898
180899
180900
180901
180902
181566
181571
181572
181573
181574
181575
181576
181577
181578
181579
182234
182235
182236
182237
182238
182239
182240
182241
182242
182243
182244
182872
182873
182874
182875
182876
182877
182878
182879
182880
182881
183500
183501
183502
183503
183504
183505
183506
183507
184083
184084
184085
184086
184087
184088
184092
184093
184691
184692
184693
184694
184695
184696
184697
184700
184701
185315
185316
185317
185318
185319
185320
185321
185322
185323
185324
185325
185955
185956
185957
185958
185959
185960
185961
185962
185963
185964
186598
186599
186600
186601
186602
186603
186604
187219
187220
187221
187222
187223
187823
187824
187825
187826
187827
187828
187829
187830
188433
188434
188435
188436
188437
188438
188439
189045
189046
189047
189048
189049
189050
189052
189053
189654
189656
189657
189658
189659
190236
190237