144921
144922
144923
144924
144925
145479
145480
145481
145482
145483
145484
146044
146045
146046
146047
146048
146049
146608
146609
146610
146611
146612
146613
146614
146615
147154
147155
147156
147157
147158
147159
147160
147161
147162
147163
147709
147710
147711
147712
147713
147714
147715
147716
147717
147718
148241
148242
148243
148244
148245
148246
148247
148248
148249
148250
148251
148791
148792
148793
148794
148795
148796
148797
148798
148799
148800
148801
148802
148803
149324
149325
149326
149327
149328
149329
149330
149331
149332
149333
149334
149850
149851
149852
149853
149854
149855
149856
149857
149858
149859
149860
149861
149862
149863
150385
150386
150387
150388
150389
150390
150391
150392
150393
150394
150395
150397
150398
150399
150400
150917
150918
150919
150920
150921
150922
150923
150924
150925
150926
150927
150928
150929
150930
151456
151457
151458
151459
151460
151465
151466
151467
151468
151469
151470
151471
151472
152016
152017
152018
152019
152020
152027
152028
152030
152031
152032
152033
152579
152592
152593
153116
153126
153127
153131
153643
153644
153645
153655
153656
153660
153661
153662
153663
153666
153667
154164
154165
154166
154177
154178
154179
154183
154184
154185
154186
154187
154190
154191
154192
154674
154675
154676
154677
154687
154688
154692
154693
154694
154695
154696
154697
154698
154699
154700
154701
154702
154703
155161
155162
155163
155164
155165
155166
155167
155176
155180
155181
155182
155183
155184
155185
155186
155187
155189
155190
155191
155192
155193
155194
155195
155196
155635
155636
155637
155638
155639
155640
155641
155642
155652
155653
155656
155657
155658
155659
155660
155661
155662
155663
155664
155665
155669
155670
155671
155672
155673
155674
155675
156097
156098
156099
156100
156101
156102
156103
156104
156105
156106
156110
156111
156112
156113
156114
156115
156116
156117
156118
156119
156120
156121
156122
156123
156124
156125
156126
156127
156128
156129
156132
156133
156134
156135
156136
156137
156568
156569
156570
156571
156572
156573
156574
156575
156576
156577
156578
156579
156580
156581
156586
156587
156588
156589
156590
156591
156592
156593
156594
156595
156596
156597
156598
156599
156600
156601
156602
156603
156604
156605
156606
156607
156608
156609
156610
156611
156612
156613
157052
157053
157054
157055
157056
157057
157058
157059
157060
157061
157062
157063
157064
157065
157066
157067
157073
157074
157075
157076
157077
157078
157079
157080
157081
157082
157083
157084
157085
157086
157087
157088
157089
157090
157091
157092
157093
157094
157095
157096
157097
157099
157100
157101
157102
157103
157536
157537
157538
157539
157540
157541
157542
157543
157544
157545
157546
157547
157548
157549
157550
157552
157553
157556
157557
157558
157559
157560
157561
157562
157563
157564
157565
157566
157567
157568
157569
157570
157571
157572
157573
157574
157575
157576
157577
157578
158016
158017
158018
158019
158020
158021
158022
158023
158024
158025
158026
158027
158028
158029
158030
158031
158032
158033
158035
158036
158037
158038
158039
158040
158041
158042
158043
158044
158045
158046
158047
158048
158049
158051
158052
158053
158054
158055
158508
158509
158510
158511
158512
158513
158514
158515
158516
158517
158518
158519
158520
158521
158522
158523
158524
158525
158526
158527
158528
158529
158530
158531
158532
158533
158534
158535
158536
158538
158539
158540
158541
158542
158543
158975
158976
158977
158978
158979
158980
158981
158982
158983
158984
158985
158986
158987
158988
158989
158990
158991
158992
158993
158994
158995
158996
158997
158998
158999
159000
159003
159004
159005
159006
159007
159416
159417
159418
159419
159420
159421
159422
159423
159424
159425
159426
159427
159428
159429
159430
159431
159432
159433
159434
159435
159436
159437
159438
159439
159442
159443
159444
159445
159446
159447
159849
159850
159851
159852
159853
159854
159855
159856
159857
159858
159859
159860
159861
159862
159863
159864
159865
159866
159867
159868
159869
159870
159871
159872
159873
159874
159879
159880
159881
159882
159883
160281
160282
160283
160284
160285
160286
160287
160288
160289
160290
160291
160292
160293
160294
160295
160296
160297
160298
160299
160300
160301
160302
160303
160304
160305
160306
160307
160310
160311
160312
160711
160712
160713
160714
160715
160716
160717
160718
160719
160720
160721
160722
160723
160724
160725
160726
160727
160728
160729
160730
160731
160732
160733
160734
160735
160736
161149
161150
161151
161152
161153
161154
161155
161156
161157
161158
161159
161160
161161
161162
161163
161164
161165
161166
161167
161168
161169
161170
161171
161172
161173
161174
161603
161604
161605
161606
161607
161608
161609
161610
161611
161612
161613
161614
161615
161616
161617
161618
161619
161620
161621
161622
161623
161624
161625
161626
161627
161628
161629
162083
162084
162085
162086
162087
162088
162089
162090
162092
162093
162094
162095
162097
162098
162100
162101
162102
162103
162104
162105
162106
162107
162108
162109
162110
162111
162571
162572
162573
162574
162575
162576
162577
162579
162580
162581
162582
162583
162584
162585
162586
162587
162588
162589
162590
162591
162592
162593
162594
162595
162596
162597
162598
163031
163032
163033
163034
163035
163036
163037
163038
163039
163040
163041
163042
163043
163044
163045
163046
163047
163048
163049
163050
163051
163052
163053
163469
163470
163471
163472
163473
163474
163475
163476
163477
163478
163479
163480
163481
163482
163483
163484
163485
163486
163487
163488
163489
163490
163491
163920
163921
163922
163923
163924
163925
163926
163927
163928
163929
163930
163931
163932
163933
163934
163935
163936
163937
164359
164360
164361
164362
164363
164364
164365
164366
164367
164368
164369
164370
164371
164372
164373
164374
164375
164376
164377
164378
164379
164850
164851
164853
164854
164855
164856
164857
164859
164860
164861
164862
164863
164864
164865
164866
164867
164868
164869
164870
164871
164872
164873
165327
165328
165329
165330
165331
165336
165337
165338
165339
165340
165341
165342
165343
165344
165345
165346
165347
165348
165349
165350
165351
165806
165810
165811
165813
165814
165815
165816
165817
165818
165819
165820
165821
165822
165823
165824
165825
165826
165827
166292
166293
166294
166295
166297
166298
166299
166300
166301
166302
166303
166304
166305
166306
166307
166308
166309
166310
166311
166312
166776
166777
166781
166782
166783
166784
166785
166786
166787
166788
166789
166790
166791
166792
167262
167263
167264
167265
167266
167267
167268
167271
167272
167273
167274
167275
167276
167277
167278
167774
167776
167778
167779
167781
167782
167783
167784
167785
167786
167787
167789
167790
168296
168297
168298
168299
168300
168301
168302
168303
168304
168305
168306
168307
168308
168309
168310
168805
168806
168807
168808
168810
168811
168812
168813
168814
168815
168816
168817
168818
168819
168820
168821
168822
168823
169315
169316
169317
169318
169319
169320
169321
169322
169323
169324
169325
169326
169327
169328
169329
169831
169832
169833
170358
170359