37273
37747
37748
37749
38225
38226
38227
38228
38229
38734
38735
38736
38737
38738
38739
39253
39254
39255
39256
39257
39258
39259
39779
39780
39781
39782
39783
39784
39787
39788
39789
39790
40305
40306
40307
40308
40309
40313
40314
40315
40846
40847
40851
40852
40853
41379
41380
41381
41382
41383
41384
41385
41386
41387
41388
41389
41390
41391
41939
41940
41941
41942
41943
41944
41945
41946
41947
41948
41949
41950
41951
41952
41953
41954
41955
41956
42511
42512
42513
42514
42515
42516
42517
42518
42519
42520
42521
42522
42523
42524
42525
42526
42527
42528
42529
42530
42531
42532
42533
42534
43086
43087
43088
43089
43090
43091
43092
43093
43094
43095
43096
43097
43098
43099
43100
43101
43102
43103
43104
43105
43106
43107
43108
43631
43632
43633
43634
43635
43636
43637
43638
43639
43640
43641
43642
43643
43644
43645
43646
43647
43648
43649
43650
43651
43652
43653
43654
44181
44182
44183
44184
44185
44186
44187
44188
44189
44190
44191
44192
44193
44194
44195
44196
44197
44198
44199
44200
44201
44202
44203
44204
44716
44717
44718
44719
44720
44721
44722
44723
44724
44725
44726
44727
44728
44729
44730
44731
44732
44733
44734
44735
44736
44737
45239
45240
45241
45242
45243
45244
45245
45246
45247
45248
45249
45250
45251
45252
45253
45254
45255
45256
45257
45258
45259
45760
45761
45762
45763
45764
45765
45766
45767
45768
45769
45770
45771
45772
45773
45774
45775
45776
45777
45778
45779
46274
46275
46276
46277
46278
46279
46280
46281
46282
46283
46284
46285
46286
46287
46288
46289
46290
46291
46759
46760
46761
46762
46763
46764
46765
46766
46767
46768
46769
46770
46771
46772
46773
46774
47230
47231
47232
47233
47234
47235
47236
47237
47238
47239
47240
47241
47242
47672
47673
47674
47675
47676
47677
47678
47679
47680
47681
47682
47683
48126
48127
48128
48129
48130
48131
48132
48133
48134
48135
48136
48137
48145
48146
48596
48597
48598
48599
48600
48601
48602
48603
48604
48605
48606
48607
48608
48609
48610
48614
48615
48616
48617
48618
49061
49062
49063
49064
49065
49066
49067
49068
49069
49070
49071
49072
49073
49074
49078
49079
49080
49081
49082
49083
49539
49540
49541
49542
49543
49544
49545
49546
49547
49551
49552
49553
49554
49555
49556
50017
50018
50019
50020
50021
50022
50023
50024
50025
50026
50027
50028
50029
50030
50031
50032
50033
50034
50489
50490
50491
50492
50493
50494
50495
50496
50497
50498
50499
50500
50501
50502
50503
50504
50960
50961
50962
50963
50964
50965
50966
50967
50968
50969
50970
50971
50972
50973
50974
50975
50976
51428
51429
51430
51431
51432
51433
51434
51435
51436
51437
51438
51439
51440
51441
51442
51446
51447
51883
51884
51885
51886
51887
51888
51889
51890
51891
51892
51893
51894
51895
51896
51897
51898
51899
51900
51904
51905
51906
52346
52347
52348
52349
52350
52351
52352
52353
52354
52355
52356
52357
52358
52359
52360
52361
52362
52363
52364
52365
52366
52367
52368
52371
52372
52373
52374
52813
52814
52815
52816
52817
52818
52819
52820
52821
52822
52823
52824
52825
52826
52827
52828
52829
52830
52831
52832
52833
52834
52835
52836
52837
52838
52839
52840
52841
52866
52867
53269
53270
53271
53272
53273
53274
53275
53276
53277
53278
53279
53280
53281
53282
53283
53284
53285
53286
53287
53288
53289
53290
53291
53292
53293
53294
53295
53316
53317
53318
53740
53741
53742
53743
53744
53745
53746
53747
53748
53749
53750
53751
53752
53753
53754
53755
53756
53757
53758
53759
53760
53761
53762
53777
53778
53779
53780
53781
54204
54205
54206
54207
54208
54209
54210
54211
54212
54213
54214
54215
54216
54217
54218
54219
54220
54221
54222
54223
54224
54243
54244
54246
54247
54248
54672
54673
54674
54675
54676
54677
54678
54679
54680
54681
54682
54683
54684
54685
54686
54687
54688
54689
54690
54691
54692
54693
54694
54695
54696
54697
54716
54717
54718
54719
54720
54721
54722
54723
55140
55141
55142
55143
55144
55145
55146
55147
55148
55149
55150
55151
55152
55153
55154
55155
55156
55157
55158
55159
55160
55161
55162
55163
55164
55165
55166
55167
55168
55169
55170
55187
55188
55189
55190
55191
55192
55193
55194
55642
55643
55644
55645
55647
55648
55649
55650
55651
55652
55653
55654
55655
55656
55657
55658
55659
55660
55661
55662
55663
55664
55665
55666
55667
55678
55679
55685
55686
55687
55688
55689
55690
55691
55692
55693
55694
55695
56134
56135
56136
56137
56140
56141
56142
56144
56145
56146
56147
56148
56149
56150
56151
56152
56153
56154
56161
56162
56163
56167
56168
56169
56170
56171
56172
56173
56174
56175
56176
56177
56636
56637
56638
56639
56643
56644
56651
56652
56653
56654
56655
56656
56657
56658
56659
56664
56665
56666
56667
56668
56672
56673
56674
56675
56676
56677
56680
57160
57161
57162
57163
57164
57165
57166
57167
57168
57169
57170
57171
57172
57173
57174
57175
57177
57180
57181
57182
57183
57184
57185
57186
57187
57723
57724
57725
57726
57727
57728
57729
57730
57731
57732
57733
57734
57735
57736
57737
57738
57739
57740
57741
57742
57743
57744
57745
57746
57747
58262
58263
58264
58265
58266
58267
58268
58269
58270
58271
58272
58273
58274
58275
58276
58277
58278
58279
58280
58281
58282
58283
58284
58285
58286
58821
58822
58823
58824
58825
58826
58827
58828
58829
58830
58831
58832
58833
58834
58835
58839
58840
58841
58842
58843
59389
59390
59391
59392
59393
59394
59395
59396
59397
59398
59399
59400
59401
59402
59403
59404
59405
59406
59407
59408
59409
59410
59411
59412
59413
59414
59415
59416
59417
59418
59419
59420
59982
59984
59985
59986
59987
59988
59989
59990
59991
59992
59993
59994
59995
59996
59997
59998
59999
60000
60001
60002
60003
60004
60005
60006
60007
60008
60009
60010
60011
60607
60608
60609
60610
60611
60612
60613
60614
60615
60616
60617
60618
60619
60620
60621
60622
60623
60624
60625
60626
60627
60628
61205
61206
61207
61208
61209
61210
61211
61212
61213
61214
61216
61217
61218
61223
61224
61225
61226
61792
61793
61794
61795
61796
61797
61798
61799
61800
61801
61802
61803
61804
61805
61807
61808
61814
61815
61816
61817
61818
62382
62383
62384
62385
62386
62387
62388
62389
62390
62398
62399
62400
62401
62957
62958
62959
62961
62969
62970
63538
63539