45237
45238
45757
45758
45759
46269
46270
46271
46754
46755
46756
46757
47218
47219
47220
47221
47222
47223
47663
47664
47665
47666
47667
48113
48114
48115
48116
48581
48582
48583
48584
48585
49052
49053
49054
49055
49056
49528
49529
49530
49531
49532
49533
50003
50004
50005
50006
50007
50008
50009
50010
50011
50016
50470
50471
50472
50473
50474
50475
50476
50477
50478
50479
50480
50481
50482
50483
50484
50485
50486
50487
50488
50943
50944
50946
50947
50948
50949
50950
50951
50952
50953
50954
50955
50956
50957
50958
50959
51411
51412
51413
51414
51415
51416
51417
51418
51419
51420
51421
51422
51423
51424
51425
51426
51427
51866
51867
51868
51869
51870
51871
51872
51873
51874
51875
51876
51877
51878
51879
51880
51881
51882
52328
52329
52330
52331
52332
52333
52334
52335
52336
52337
52338
52339
52340
52341
52342
52343
52796
52797
52798
52799
52800
52801
52802
52803
52804
52805
52806
52808
52809
52810
52811
53253
53254
53255
53256
53258
53259
53260
53261
53262
53263
53264
53265
53266
53267
53268
53721
53722
53723
53724
53725
53726
53727
53728
53729
53730
53731
53732
53733
53734
53735
53736
53737
53738
54184
54185
54186
54187
54188
54190
54191
54192
54194
54196
54197
54198
54199
54200
54201
54202
54651
54652
54653
54654
54655
54656
54657
54658
54659
54660
54664
54665
54666
54667
54668
54669
54670
54671
55121
55122
55123
55124
55125
55126
55127
55128
55135
55136
55137
55138
55139
55610
55611
55612
55613
55614
55619
55620
55621
55622
55623
55624
55625
55626
55627
55628
55635
55637
55638
56106
56107
56108
56109
56111
56112
56114
56115
56116
56117
56118
56119
56129
56609
56610
56611
56612
56615
56616
56618
56619
56620
56621
56622
56623
57111
57112
57113
57114
57115
57116
57117
57118
57119
57120
57122
57123
57124
57125
57126
57127
57670
57671
57672
57673
57674
57675
57676
57677
57678
57679
57680
57681
57683
57684
57685
57686
57687
57688
57689
57690
58217
58218
58219
58220
58221
58222
58223
58224
58225
58226
58227
58228
58229
58230
58231
58232
58233
58234
58235
58236
58780
58781
58782
58783
58784
58785
58786
58787
58788
58789
58790
58791
58792
58793
58794
58795
58796
58797
59344
59345
59346
59347
59348
59349
59350
59351
59352
59353
59354
59355
59356
59357
59358
59359
59360
59361
59939
59940
59941
59942
59943
59944
59945
59946
59947
59948
59949
59950
59951
59952
59953
59954
59955
59956
59957
60553
60554
60556
60558
60559
60560
60561
60562
60563
60564
60565
60566
60567
60568
60569
60570
60571
60572
60573
60574
60575
61151
61152
61153
61154
61155
61156
61157
61158
61159
61160
61161
61162
61163
61164
61165
61166
61167
61168
61169
61170
61171
61172
61740
61741
61742
61743
61745
61746
61747
61748
61749
61750
61751
61752
61753
61754
61755
61756
61757
62332
62333
62334
62335
62336
62343
62344
62345
62346
62347
62348
62349
62350
62351
62352
62353
62354
62355
62919
62920
62921
62922
62923
62924
62925
62926
63480
63481
63482
63483
63484
63485
63486
63487
63488
63489
63490
64073
64074
64075
64076
64077
64078
64079
64080
64081
64082
64083
64084
64085
64086
64087
64673
64674
64675
64676
64677
64678
64679
64680
64681
64682
64683
65257
65258
65259
65260
65261
65262
65263
65264
65265
65266
65267
65828
65833
65834
65835
65836
65837
65838
65839
66385
66386
66387
66388
66389
66390
66924
66925
66926
66927
66928
66929
66930
67459
67460
67461
67462
67463
68027
68028
68029
68030
68031
68563
68564
69081
69082
69083
69084
69085
69099
69100
69101
69629
69630
69631
69632
69646
69647
69648
69649
69650
69663
70157
70158
70159
70172
70173
70174
70175
70176
70177
70178
70190
70191
70704
70705
70706
70707
70708
70709
70710
70719
70720
70721
70722
70723
70724
70725
70726
70727
70728
70729
70737
70738
70739
70740
71250
71251
71252
71253
71254
71256
71257
71258
71268
71269
71270
71271
71272
71273
71274
71275
71276
71277
71278
71279
71280
71281
71282
71283
71284
71815
71816
71817
71818
71819
71820
71821
71822
71823
71824
71834
71835
71836
71837
71838
71839
71840
71841
71842
71843
71844
71845
71846
71847
71848
72381
72382
72383
72384
72385
72386
72387
72388
72390
72391
72401
72402
72403
72404
72405
72406
72407
72408
72409
72410
72411
72412
72413
72414
72415
72416
72417
72937
72938
72939
72940
72941
72942
72943
72944
72945
72946
72947
72948
72949
72956
72957
72958
72959
72960
72961
72963
72964
72965
72966
72967
72968
72969
72970
72971
72972
72973
72974
72975
72976
72977
72978
72979
72981
73493
73494
73495
73496
73497
73498
73499
73500
73501
73502
73505
73506
73507
73508
73509
73510
73513
73514
73515
73516
73517
73518
73519
73520
73521
73522
73523
73524
73525
73526
73527
73528
73529
73530
73531
73532
73533
73534
73535
73536
73537
73538
73539
73540
73542
74060
74061
74062
74063
74064
74065
74066
74067
74068
74069
74072
74073
74074
74075
74076
74077
74078
74080
74081
74082
74083
74084
74086
74087
74088
74089
74090
74091
74092
74093
74094
74095
74096
74097
74098
74099
74100
74101
74102
74103
74104
74105
74106
74107
74108
74109
74110
74111
74112
74113
74616
74617
74624
74625
74626
74628
74629
74630
74631
74632
74633
74635
74638
74639
74640
74641
74642
74643
74644
74645
74646
74647
74648
74649
74650
74651
74652
74653
74654
74655
74656
74657
74658
75197
75198
75199
75200
75201
75202
75209
75210
75213
75214
75215
75216
75217
75218
75219
75220
75221
75222
75223
75224
75225
75226
75227
75228
75229
75796
75797
75798
75799
75800
75801
75802
75803
75814
75815
75816
75817
75818
75819
75820
75821
75822
75823
75824
75825
75826
75827
75828
75829
75830
76378
76379
76380
76381
76383
76392
76393
76394
76395
76396
76397
76398
76399
76400
76401
76402
76403
76404
76405
76406
76407
76408
76951
76952
76955
76956
76957
76958
76959
76960
76969
76970
76971
76972
76973
76974
76975
76976
76977
76978
76979
76980
76981
76982
76983
77508
77512
77513
77514
77515
77516
77525
77526
77527
77528
77529
77530
77531
77532
77533
77534
77535
77536
77537
77538
77539
78101
78102
78103
78104
78105
78106
78107
78108
78109
78110
78111
78112
78113
78114
78681
78682
78683
78684
78685
78686
78687
78688
78689
78690
78691
78692
79275
79276
79277
79278
79279
79280
79281
79282
79283
79865