272502
272503
272507
272509
272510
272511
273152
273153
273155
273156
273157
273158
273159
273160
273161
273162
273814
273815
273816
273817
273818
273819
273820
273821
273822
273823
274469
274470
274471
274472
274473
274474
274475
274476
274477
274478
274506
274507
275103
275105
275106
275130
275131
275132
275731
275732
275733
275734
275735
275736
275738
275739
275740
275767
275768
275769
275770
276357
276358
276359
276360
276361
276362
276363
276364
276365
276366
276367
276370
276376
276377
276398
276399
276400
276401
276402
276403
276969
276970
276971
276972
276973
276974
276976
276977
276978
276979
276981
276987
276988
276990
276991
276992
277013
277014
277015
277016
277017
277018
277586
277587
277588
277589
277590
277591
277592
277593
277594
277595
277596
277597
277598
277599
277600
277603
277604
277606
277607
277608
277628
277629
277630
277631
277632
278198
278199
278200
278201
278202
278203
278204
278205
278206
278207
278208
278209
278210
278212
278213
278214
278215
278216
278217
278220
278221
278222
278235
278236
278237
278238
278811
278812
278813
278815
278816
278817
278818
278819
278820
278821
278822
278823
278825
278826
278827
278828
278829
278830
278831
278832
278833
278847
278848
278849
278850
278851
279424
279425
279426
279427
279429
279430
279431
279432
279433
279434
279435
279436
279437
279438
279439
279440
279441
279442
279443
279445
279446
279447
279448
279449
279450
279463
279464
279465
279466
279467
279468
279469
279470
279471
279472
279473
280031
280032
280034
280035
280036
280037
280038
280039
280040
280041
280042
280043
280044
280045
280046
280047
280048
280049
280050
280051
280052
280053
280054
280055
280056
280067
280068
280069
280070
280071
280072
280073
280074
280075
280076
280633
280634
280635
280636
280637
280638
280639
280640
280641
280642
280643
280644
280645
280646
280647
280648
280649
280650
280651
280652
280654
280655
280656
280664
280665
280666
280667
280668
280669
280670
281228
281229
281230
281231
281232
281233
281234
281235
281236
281237
281238
281239
281240
281241
281242
281243
281244
281245
281246
281247
281248
281258
281259
281260
281261
281262
281263
281264
281265
281266
281821
281822
281823
281824
281825
281826
281827
281829
281832
281833
281834
281835
281836
281837
281838
281839
281847
281848
281849
281850
281851
281852
281853
281854
281855
281856
282400
282401
282402
282403
282404
282405
282406
282409
282414
282415
282416
282417
282418
282419
282425
282426
282427
282428
282429
282430
282431
282432
282433
282434
282435
282436
282437
282438
282439
282979
282980
282981
282982
282983
282984
282985
282986
282987
282988
282989
282993
282994
282995
282996
282998
282999
283000
283005
283006
283007
283008
283009
283010
283011
283012
283013
283014
283015
283016
283017
283018
283019
283020
283021
283022
283023
283024
283025
283026
283597
283598
283599
283600
283601
283602
283603
283604
283605
283606
283607
283608
283609
283610
283611
283613
283614
283615
283616
283618
283623
283628
283629
283630
283631
283632
283633
283634
283635
283636
283637
283638
283639
283640
283641
283642
283643
283644
283646
283647
284215
284216
284217
284218
284219
284220
284221
284222
284223
284224
284228
284229
284230
284232
284233
284237
284238
284239
284242
284243
284244
284245
284246
284247
284248
284249
284250
284251
284252
284253
284254
284255
284256
284257
284258
284817
284818
284819
284820
284821
284822
284823
284824
284825
284826
284844
284848
284849
284850
284851
284852
284853
284854
284855
284856
284857
284858
284859
284860
284861
284862
284863
284864
284865
285402
285403
285404
285405
285406
285407
285408
285409
285410
285411
285412
285426
285427
285428
285429
285432
285433
285434
285435
285436
285437
285438
285439
285440
285441
285442
285443
285444
285445
285446
285447
285448
285449
285450
285451
285953
285954
285955
285956
285957
285958
285959
285960
285961
285962
285963
285964
285965
285966
285978
285979
285980
285981
285982
285983
285984
285985
285986
285987
285988
285989
285990
285991
285992
285993
285994
285995
285996
285997
285998
285999
286464
286465
286466
286467
286468
286469
286470
286471
286472
286473
286474
286475
286484
286485
286486
286487
286488
286489
286490
286491
286492
286493
286494
286495
286496
286497
286498
286499
286500
286501
286502
286503
286504
286505
286506
286507
286508
286983
286984
286985
286986
286987
286988
286989
286990
286991
286992
287003
287004
287005
287006
287007
287008
287009
287010
287011
287012
287013
287014
287015
287016
287017
287018
287019
287020
287021
287022
287023
287024
287025
287499
287500
287501
287502
287503
287504
287508
287509
287510
287511
287520
287521
287522
287523
287524
287525
287526
287527
287528
287529
287530
287531
287532
287533
287534
287535
287536
287537
287549
288016
288017
288018
288019
288024
288032
288033
288034
288035
288036
288037
288038
288039
288040
288044
288045
288046
288047
288048
288049
288050
288051
288052
288053
288058
288059
288060
288062
288063
288551
288552
288553
288554
288555
288556
288567
288568
288569
288570
288571
288572
288573
288574
288575
288580
288581
288582
288583
288584
288585
288586
288591
288592
288593
288594
288595
288596
288597
289063
289064
289065
289073
289074
289075
289076
289077
289078
289081
289082
289083
289084
289085
289086
289087
289088
289089
289090
289091
289092
289093
289094
289095
289097
289098
289099
289100
289545
289551
289552
289553
289554
289555
289556
289557
289558
289559
289560
289561
289562
289564
289565
289566
289567
289568
289569
289570
290060
290061
290062
290065
290066
290067
290068
290069
290070
290074
290075
290076
290551
290552
290553
290554
290555
290556
290557
290558
290559
290560
290561
290562
290563
290564
290565
290569
290570
290571
290572
291026
291027
291028
291029
291030
291031
291032
291033
291034
291035
291036
291037
291038
291039
291043
291044
291045
291046
291500
291501
291502
291503
291504
291505
291510
291515
291516
291517
291518
291987
291988
291989
292488
292489
292490
292491
292492
292493
292990
292992
292993
292994
292995
293493
293494
293495
293496
293497
293498
293990
293991
293992
293993
293994
294486
294487
294488
294489
294490
294491
294498
294966
294967
294968
294969
294971
294972
294973
294975
294977
294978
294979
294980
295458
295459
295460
295461
295462
295463
295464
295465
295466
295467
295468
295469
295470
295471
295936
295937
295938
295942
295945
295946
295947
295948
295949
295950
295951
295952
295953
296414
296415
296416
296417
296418
296419
296420
296421
296422
296423
296424
296425
296899
296900
296901
296902
296903
296904
296905
296906
296907
296908
296909
296910
296911
296912
296913
297418
297419
297420
297422
297423
297424
297425
297426
297427
297428
297429
297430
297937
297938
297940
297941
297942
297943
297944
297945
297946
297947
297948
297949
297950
298470
298471
298472
298473
298474
298476
298477
298478
298479
298480
298985
298986
298987
298988
298989
298991
298992
298993
298994
298995
298996
299503
299504
299505
299506
299507
299508
299509
299510
300009
300010
300011
300012
300539
301075