188623
188624
188625
188626
188627
189233
189234
189235
189236
189820
189821
189822
190398
190399
190400
190401
190967
190968
190969
191531
191532
191533
191534
191535
192101
192102
192103
192104
192105
192106
192657
192661
192662
192663
193222
193223
193224
193225
193766
193767
193768
193769
194330
194331
194332
194333
194899
194900
194901
194902
194903
194904
194905
194906
195435
195436
195437
195438
195439
195440
195441
195442
195444
195445
195446
195953
195954
195955
195969
195970
195971
195972
195973
195974
195975
195976
195979
195980
195981
196476
196477
196488
196489
196490
196491
196492
196493
196494
196495
196496
196497
196498
196499
196500
196501
196502
196991
196992
196993
196997
196998
196999
197014
197015
197016
197017
197018
197019
197020
197021
197022
197023
197024
197025
197026
197027
197028
197029
197030
197507
197508
197509
197510
197511
197512
197514
197515
197516
197529
197530
197531
197532
197533
197534
197535
197536
197537
197538
197539
197540
197541
197542
197543
197544
197545
198068
198069
198070
198071
198072
198073
198074
198089
198090
198091
198092
198093
198094
198095
198096
198097
198098
198100
198101
198102
198103
198104
198105
198106
198107
198619
198620
198621
198622
198623
198624
198625
198626
198627
198628
198631
198632
198637
198638
198639
198640
198641
198642
198645
198646
198647
198648
198651
198652
198653
198654
198655
198656
198657
198658
198659
199212
199213
199214
199215
199216
199217
199218
199219
199220
199221
199222
199223
199224
199225
199226
199227
199230
199231
199232
199233
199234
199235
199236
199237
199238
199239
199240
199241
199242
199243
199244
199245
199246
199247
199248
199249
199250
199251
199252
199253
199254
199811
199812
199813
199814
199815
199816
199817
199818
199819
199820
199821
199822
199823
199824
199825
199826
199827
199828
199829
199830
199831
199832
199833
199834
199835
199836
199837
199838
199839
199840
199841
199843
199844
199845
199846
199847
199848
199849
199850
199851
200405
200406
200407
200408
200409
200410
200411
200412
200413
200414
200415
200416
200417
200418
200419
200420
200421
200422
200424
200425
200429
200430
200431
200432
200434
200435
200436
200437
200442
200443
200444
200445
200447
200448
200980
200981
200982
200983
200984
200985
200986
200987
200988
200989
200990
200991
200992
200993
200994
200995
200996
200997
201002
201003
201004
201005
201006
201007
201008
201530
201531
201532
201533
201534
201535
201536
201537
201538
201539
201540
201541
201542
201543
201544
201545
201548
201549
201550
201551
201552
202099
202100
202101
202102
202103
202104
202105
202106
202107
202108
202109
202110
202111
202112
202113
202114
202122
202123
202124
202682
202683
202684
202685
202686
202687
202688
202689
202690
202691
202692
202693
202694
202695
202696
202697
202698
202706
202707
203253
203254
203255
203256
203257
203258
203259
203260
203261
203262
203263
203264
203265
203266
203267
203275
203276
203835
203836
203837
203838
203839
203840
203841
203842
203843
203844
203845
203846
203847
203848
204398
204399
204400
204401
204402
204403
204404
204405
204406
204407
204408
204409
204944
204945
204946
204947
204948
204949
204950
204951
204952
204953
204954
204955
204956
205495
205496
205497
205498
205499
205500
205501
205502
205503
205504
205505
205506
206041
206042
206043
206044
206045
206046
206047
206048
206049
206050
206051
206052
206053
206054
206055
206056
206595
206596
206597
206598
206599
206600
206601
206602
206603
206604
206605
206606
206607
206608
206609
206611
207139
207140
207141
207142
207143
207144
207145
207146
207147
207148
207149
207150
207151
207152
207153
207154
207155
207156
207157
207674
207675
207676
207677
207678
207679
207680
207681
207682
207683
207684
207685
207686
207687
207688
207689
207690
207691
207692
207693
207694
207695
208187
208188
208189
208190
208191
208192
208193
208194
208195
208196
208197
208198
208199
208200
208201
208202
208203
208204
208205
208206
208207
208208
208210
208211
208693
208694
208695
208696
208697
208698
208699
208700
208701
208702
208703
208704
208705
208706
208707
208708
208709
208710
208711
208712
208714
208715
208716
209192
209193
209194
209195
209196
209197
209198
209199
209200
209201
209202
209203
209204
209205
209206
209207
209208
209209
209210
209211
209212
209213
209214
209215
209216
209672
209673
209674
209675
209676
209677
209678
209679
209680
209681
209682
209683
209684
209685
209686
209687
209688
209689
209690
209691
209692
209693
209694
210171
210172
210173
210174
210175
210176
210177
210178
210179
210180
210181
210182
210183
210184
210185
210186
210187
210660
210661
210662
210663
210664
210665
210666
210667
210668
210669
210670
210671
210673
211179
211180
211181
211182
211183
211184
211185
211186
211187
211188
211189
211190
211191
211192
211193
211194
211195
211196
211197
211703
211704
211705
211706
211707
211708
211709
211710
211711
211712
211713
211714
211715
211716
211717
211718
211719
211720
212218
212219
212220
212221
212222
212223
212224
212225
212226
212227
212228
212229
212230
212231
212232
212233
212234
212235
212732
212733
212734
212735
212736
212737
212738
212739
212740
212742
212743
212744
212745
212746
212747
213252
213253
213254
213255
213256
213257
213258
213259
213260
213261
213262
213264
213265
213266
213267
213268
213269
213270
213271
213272
213788
213789
213790
213791
213792
213793
213794
213795
213796
213797
213798
213799
213800
213801
213802
213803
213804
213805
213806
213807
213808
214344
214345
214346
214347
214348
214349
214350
214351
214352
214353
214354
214355
214356
214357
214358
214359
214360
214361
214362
214363
214364
214365
214366
214367
214915
214916
214917
214918
214919
214920
214921
214922
214923
214924
214925
214926
214927
214929
214930
214931
214932
214933
214934
214935
214936
214937
214938
214939
215485
215486
215487
215488
215489
215490
215491
215492
215493
215494
215499
215500
215501
215502
215503
215504
215505
215506
215507
215508
216050
216051
216052
216053
216054
216055
216056
216057
216058
216059
216062
216065
216066
216067
216068
216069
216070
216071
216072
216073
216074
216075
216076
216619
216620
216621
216622
216623
216624
216625
216626
216631
216632
216633
216634
216635
216636
216637
216638
216639
216640
216641
216642
216643
216644
216645
217193
217194
217195
217202
217203
217204
217205
217206
217207
217208
217209
217210
217211
217212
217213
217214
217215
217216
217770
217771
217772
217773
217774
217775
217776
217777
217778
217779
217780
217781
217782
218326
218327
218328
218329
218330
218331
218332
218333
218334
218335
218336
218886
218887
218888
218889
218890
218891
218892
219404
219405
219406
219407
219408
219409
219410
219941
219942
219943
219946
220496
220497
220501
220502
220503
220504
220505
221065
221066
221067
221068
221070
221071
221072
221073
221633
221634
221635
221636
221637
221638
221639
222166
222167
222168
222169
222170
222171
222172
222689
222690
222691
222692
222693
223197
223198
223199
223200
223201
223724
223725
223726
223727
223728
224265
224266
224764
224765
224766