419125
419126
419127
419609
419610
419611
420106
420107
420108
420109
420110
420111
420112
420113
420114
420115
420593
420594
420595
420596
420597
420598
420599
420600
420601
420602
421087
421088
421089
421090
421091
421092
421093
421094
421095
421096
421097
421554
421555
421556
421557
421558
421559
421560
421561
421562
421563
422019
422020
422021
422022
422023
422024
422025
422026
422027
422028
422029
422030
422472
422473
422474
422475
422477
422478
422479
422480
422941
422942
422945
422946
422947
422948
423414
423415
423416
423420
423421
423422
423890
423891
423892
423893
423894
423895
423896
423900
423901
423902
423903
423904
423905
423906
423907
424381
424382
424383
424384
424385
424386
424387
424388
424389
424390
424391
424392
424393
424394
424395
424396
424397
424398
424399
424400
424401
424859
424860
424863
424864
424865
424866
424870
424871
424874
424875
424876
424877
424878
424879
424880
424881
425345
425346
425348
425349
425350
425351
425352
425353
425355
425356
425359
425360
425361
425367
425368
425369
425370
425371
425372
425373
425820
425821
425822
425823
425824
425826
425827
425828
425829
425830
425831
425832
425836
425837
425838
425839
425840
425846
425847
425848
425849
425850
425851
425852
425853
426317
426318
426319
426320
426321
426322
426323
426324
426325
426330
426331
426332
426333
426334
426335
426336
426340
426341
426342
426343
426344
426345
426346
426347
426806
426807
426831
426832
426833
426834
426835
426836
426837
426838
426839
426840
426844
426845
426846
426847
426848
426849
426850
426851
426852
426857
426858
426859
426860
426861
426864
426865
426866
427346
427347
427348
427349
427350
427351
427352
427353
427374
427375
427376
427377
427378
427379
427380
427381
427382
427388
427389
427390
427391
427392
427393
427394
427395
427396
427397
427401
427402
427403
427404
427407
427408
427409
427410
427866
427867
427868
427869
427870
427871
427872
427873
427874
427875
427893
427894
427895
427896
427897
427898
427899
427900
427909
427910
427911
427912
427913
427914
427915
427916
427920
427921
427922
427923
427924
427925
427926
427927
427928
427929
428390
428391
428392
428393
428394
428395
428396
428397
428398
428399
428400
428414
428415
428416
428417
428418
428419
428420
428430
428431
428432
428433
428434
428435
428436
428437
428439
428440
428441
428442
428443
428444
428445
428446
428447
428448
428449
428893
428894
428895
428896
428897
428898
428899
428900
428901
428902
428903
428904
428921
428922
428923
428924
428925
428937
428939
428940
428941
428942
428943
428944
428945
428946
428947
428948
428949
428950
428951
428952
428953
428954
428955
429433
429434
429435
429436
429437
429438
429439
429457
429458
429459
429460
429474
429475
429476
429477
429478
429479
429480
429481
429482
429483
429484
429485
429486
429487
429488
429489
429490
429491
429492
429997
429998
429999
430000
430001
430020
430021
430023
430037
430038
430041
430042
430043
430044
430045
430046
430047
430048
430049
430542
430543
430544
430545
430546
430562
430575
430576
430577
430580
430581
430582
430583
430584
431065
431066
431068
431069
431070
431071
431072
431073
431074
431093
431094
431095
431096
431109
431111
431112
431113
431114
431115
431116
431117
431582
431583
431584
431585
431586
431587
431588
431589
431590
431591
431592
431611
431612
431613
431614
431615
431635
432079
432080
432081
432082
432083
432084
432085
432086
432087
432105
432106
432107
432108
432133
432606
432607
432608
432609
432610
432611
432612
432613
432614
432615
432623
432624
432625
433120
433121
433122
433123
433124
433125
433126
433127
433128
433129
433140
433141
433142
433143
433144
433145
433633
433634
433635
433636
433637
433638
433639
433640
433641
433650
433651
433652
433653
433654
433655
433656
433657
434134
434135
434136
434137
434138
434139
434140
434141
434142
434143
434152
434153
434154
434155
434156
434157
434158
434159
434626
434627
434628
434629
434630
434631
434632
434637
434638
434639
434648
434649
434650
434651
434652
434653
434654
434655
434656
434657
434658
434659
435119
435120
435121
435122
435123
435124
435130
435131
435132
435133
435134
435135
435136
435139
435140
435141
435142
435143
435144
435147
435150
435619
435620
435621
435622
435623
435624
435631
435632
435633
435634
435635
435636
435637
435638
435639
435640
435641
435642
435646
436100
436101
436102
436103
436104
436105
436106
436107
436114
436115
436116
436117
436118
436119
436120
436121
436122
436123
436125
436553
436554
436555
436556
436557
436558
436559
436560
436561
436562
436567
436569
436570
436571
436572
436573
436574
436575
436576
436577
436578
436579
436580
436581
436994
436995
436996
436997
436998
436999
437000
437001
437006
437007
437008
437009
437010
437011
437012
437013
437014
437015
437016
437017
437018
437019
437020
437021
437454
437455
437456
437457
437458
437459
437460
437461
437462
437463
437464
437465
437466
437467
437468
437469
437470
437471
437472
437474
437475
437476
437477
437478
437479
437480
437902
437903
437904
437905
437906
437907
437908
437910
437911
437912
437913
437914
437915
437916
437917
437918
437919
437920
437921
437922
437923
437924
437925
437926
437927
437928
437929
437930
437931
438351
438352
438353
438354
438355
438356
438357
438358
438359
438360
438361
438362
438363
438364
438365
438366
438367
438368
438369
438370
438371
438372
438373
438374
438375
438376
438377
438378
438379
438380
438381
438382
438383
438384
438385
438386
438387
438795
438796
438797
438798
438799
438800
438801
438802
438803
438804
438805
438806
438807
438808
438809
438810
438811
438812
438813
438814
438815
438816
438817
438818
438819
438820
438821
438822
438823
438824
438825
438826
438827
438828
439248
439249
439250
439251
439252
439253
439254
439255
439256
439257
439258
439259
439260
439261
439262
439263
439264
439265
439266
439267
439268
439269
439270
439271
439272
439273
439274
439275
439276
439667
439668
439669
439670
439671
439672
439673
439674
439675
439676
439677
439678
439679
439680
439681
439682
439683
439684
439685
439686
439687
439688
439689
439690
439691
439692
440069
440070
440071
440072
440073
440074
440075
440076
440077
440079
440080
440081
440082
440083
440084
440085
440086
440087
440088
440089
440090
440091
440092
440093
440094
440455
440457
440458
440459
440460
440461
440462
440463
440466
440467
440468
440469
440470
440471
440472
440473
440474
440475
440476
440477
440478
440843
440844
440845
440846
440847
440848
440849
440850
440851
440857
440858
440859
440860
440861
440862
440863
440864
440865
440866
440867
441223
441225
441226
441228
441229
441230
441236
441237
441238
441239
441240
441244
441245
441246
441247
441608
441609
441610
441611
441612
441621
441622
441623
441624
441625
441626
441630
441631
441964
441965
441966
441967
441968
441977
441978
441979
441980
441981
441983
442318
442319
442320
442321
442322
442332
442333
442334
442335
442336
442337
442338
442339
442680
442693
442694
442695
442696
442697
442698
442699
442700
442701
443059
443060
443061
443062
443063
443064
443065
443429
443430
443431
443432