53954
53957
54430
54431
54433
54434
54436
54441
54442
54911
54912
54913
54914
54915
54916
54917
54920
54921
54922
54923
54924
55393
55394
55395
55396
55397
55398
55399
55400
55401
55402
55403
55404
55405
55406
55407
55875
55876
55877
55878
55879
55880
55881
55882
55883
55884
55885
55886
55887
55888
55889
55890
55891
56362
56363
56364
56365
56366
56367
56368
56369
56370
56371
56372
56373
56374
56375
56376
56377
56378
56379
56865
56866
56867
56868
56869
56870
56871
56872
56873
56874
56875
56876
56877
57407
57408
57409
57410
57411
57412
57413
57414
57415
57416
57417
57418
57419
57960
57961
57962
57963
57964
57965
57966
57967
57968
57969
57970
57971
57972
57973
57974
57975
57976
58531
58532
58533
58534
58535
58536
58537
58538
58539
58540
58541
58542
58543
59097
59098
59099
59100
59101
59102
59103
59670
59671
59672
59673
59674
59675
59676
59677
59678
60276
60277
60278
60279
60280
60281
60282
60283
60284
60285
60286
60287
60288
60892
60893
60894
60895
60896
60897
60898
60899
60900
61477
61478
61479
61480
61481
61482
61483
61484
61485
61486
62081
62082
62083
62084
62085
62086
62087
62088
62666
62667
62668
62669
62670
62671
62672
62673
63230
63231
63232
63235
63236
63237
63238
63239
63240
63241
63815
63816
63817
63819
63820
63821
63822
63823
63824
63825
63826
63827
63828
63829
63830
63831
63832
64403
64404
64405
64406
64407
64408
64409
64410
64411
64412
64413
64414
64415
64416
64417
64418
64419
64420
64421
64422
64423
64424
64425
64994
64995
64996
64997
64998
64999
65000
65001
65002
65003
65004
65005
65006
65007
65008
65009
65010
65011
65012
65013
65570
65571
65572
65573
65574
65575
65576
65577
65578
65579
65580
65581
65582
65583
65584
65585
65586
65588
65589
66123
66124
66125
66126
66127
66128
66129
66130
66132
66134
66135
66136
66137
66138
66139
66140
66666
66667
66668
66669
66670
66671
66672
66674
66675
66676
66677
66678
66679
66680
66681
66682
66683
66684
67205
67206
67207
67208
67209
67210
67211
67212
67213
67215
67216
67217
67218
67219
67220
67221
67222
67223
67760
67761
67762
67763
67764
67765
67766
67767
67768
67769
67770
67771
67772
67773
67774
67775
67776
67777
67778
67779
68318
68320
68321
68323
68324
68325
68326
68329
68330
68331
68332
68333
68334
68846
68851
68852
68853
68854
68855
68856
68857
68858
68859
68860
68861
68862
68863
68864
68865
69387
69388
69389
69390
69391
69393
69394
69395
69396
69397
69398
69399
69400
69401
69922
69923
69924
69925
69926
69927
69928
69929
69930
69931
69932
69933
69934
69935
69936
69937
70470
70473
70474
70475
70476
70477
70478
70479
70480
70481
71023
71024
71025
71026
71027
71028
71029
71030
71031
71032
71581
71582
71583
71584
71585
71586
71587
71588
71589
72138
72139
72140
72141
72142
72143
72144
72701
72702
72703
72707
72708
72710
72711
72712
72713
72714
72715
72716
72717
72718
73259
73260
73262
73264
73265
73266
73267
73268
73269
73270
73271
73272
73273
73274
73275
73826
73827
73828
73829
73830
73831
73832
73833
73834
73835
73836
73837
73838
73839
73840
73841
73842
73843
73844
73845
73846
74385
74386
74387
74388
74389
74390
74391
74392
74393
74394
74395
74396
74397
74398
74399
74400
74401
74402
74403
74404
74405
74406
74939
74940
74941
74942
74943
74944
74945
74946
74947
74948
74949
74950
74951
74952
74953
74955
74956
74957
74958
74959
74960
74961
74962
75520
75521
75522
75523
75524
75525
75526
75527
75528
75529
75530
75531
75532
75533
75534
75535
75536
75537
75538
75539
75540
75541
75543
75544
75545
75546
75547
76111
76112
76113
76114
76115
76116
76117
76118
76119
76120
76121
76122
76123
76124
76125
76126
76127
76128
76129
76130
76136
76137
76138
76680
76681
76682
76684
76685
76686
76687
76688
76689
76690
76691
76692
76693
76694
76695
76696
76697
76698
76699
76700
76706
76707
76708
77247
77248
77249
77250
77251
77252
77253
77254
77255
77256
77257
77258
77259
77265
77266
77267
77821
77822
77823
77824
77825
77826
77827
77828
77829
77830
77831
77835
77836
77837
77838
77839
77840
78393
78394
78395
78396
78397
78398
78399
78400
78401
78402
78403
78404
78405
78406
78407
78408
78409
78410
78411
78994
78995
78996
78997
78998
78999
79000
79001
79002
79003
79004
79005
79006
79007
79008
79009
79010
79011
79012
79013
79572
79573
79581
79582
79583
79584
79585
79586
79587
79588
79589
79590
79591
79592
79593
79594
79595
79596
79597
79598
79599
80175
80176
80186
80187
80188
80189
80190
80191
80192
80193
80194
80195
80196
80197
80198
80199
80200
80201
80202
80762
80763
80764
80765
80767
80768
80776
80777
80778
80779
80780
80781
80782
80783
80784
80785
80786
80787
80788
80789
80790
81328
81329
81330
81331
81333
81334
81340
81341
81342
81343
81344
81345
81346
81347
81348
81349
81350
81351
81354
81355
81356
81357
81358
81877
81878
81879
81880
81881
81882
81883
81887
81888
81889
81890
81891
81892
81893
81894
81895
81896
81897
81898
81902
81903
81904
81905
81906
81907
82466
82467
82468
82469
82470
82471
82472
82473
82474
82475
82479
82480
82481
82482
82483
82486
82487
82488
82489
82490
82491
82492
82493
82494
83066
83067
83068
83069
83070
83071
83072
83073
83074
83075
83078
83079
83080
83081
83085
83086
83087
83088
83089
83090
83091
83092
83093
83633
83634
83637
83638
83639
83640
83641
83642
83644
83645
83646
83647
83648
83653
83654
83655
83656
83657
83658
83659
83660
84195
84196
84197
84198
84199
84200
84201
84202
84203
84204
84205
84206
84207
84208
84212
84213
84214
84215
84216
84217
84770
84771
84772
84773
84774
84775
84776
84777
84778
84779
84780
84781
84782
84783
84784
84785
84786
84789
84790
84791
84792
84793
85340
85341
85342
85343
85344
85345
85346
85347
85348
85349
85350
85351
85352
85353
85354
85355
85356
85357
85358
85359
85360
85917
85918
85919
85920
85921
85922
85923
85924
85925
85926
85927
85928
85929
85930
85931
85932
85933
85934
85935
86468
86469
86470
86471
86472
86473
86474
86475
86476
86477
86478
86479
86480
86481
86482
86483
86484
86485
86486
86487
86488
86489
87039
87040
87041
87042
87043
87044
87045
87046
87047
87048
87049
87050
87051
87052
87053
87054
87055
87056
87057
87058
87059
87577
87578
87579
87580
87581
87582
87583
87584
87585
88102
88103