302907
303449
303996
303997
303998
304000
304536
304537
304538
304539
304540
304541
304542
305082
305083
305084
305085
305086
305087
305088
305089
305630
305631
305632
305633
305634
305635
305636
305637
306187
306188
306189
306190
306191
306192
306193
306194
306195
306739
306740
306741
306742
306743
306744
306745
306746
307295
307296
307297
307298
307299
307300
307301
307302
307303
307304
307320
307332
307831
307832
307833
307834
307835
307836
307837
307838
307839
307858
307859
307860
307861
307862
307863
307864
307865
307866
307867
307868
307869
307870
308381
308382
308383
308384
308385
308386
308387
308388
308408
308409
308410
308411
308412
308413
308414
308415
308416
308417
308418
308419
308420
308932
308933
308934
308935
308936
308955
308956
308957
308958
308959
308960
308961
308962
308963
308964
308965
308966
308967
308968
308969
308970
308971
309470
309471
309472
309473
309474
309475
309476
309477
309478
309497
309498
309499
309500
309501
309502
309503
309504
309505
309506
309507
309508
309509
309510
309511
310005
310006
310007
310008
310009
310010
310011
310012
310013
310014
310015
310016
310017
310018
310019
310031
310032
310033
310034
310035
310036
310037
310038
310039
310040
310041
310043
310044
310559
310560
310561
310562
310563
310564
310565
310566
310567
310568
310569
310570
310571
310572
310585
310586
310587
310588
310589
310590
310591
310592
310593
310594
310595
310596
310597
310598
310599
311088
311089
311090
311091
311092
311093
311094
311095
311096
311097
311098
311099
311100
311115
311116
311117
311118
311119
311120
311121
311122
311123
311124
311125
311126
311127
311128
311129
311130
311131
311132
311629
311630
311631
311632
311633
311634
311635
311636
311637
311638
311639
311640
311641
311656
311657
311658
311659
311660
311661
311662
311663
311664
311665
311666
311667
311668
311669
311670
312161
312162
312163
312164
312165
312166
312167
312168
312169
312170
312171
312182
312183
312184
312185
312186
312187
312188
312189
312190
312191
312192
312193
312194
312195
312196
312657
312658
312659
312660
312661
312662
312663
312664
312665
312666
312667
312668
312669
312670
312671
312684
312685
312686
312687
312688
312689
312690
312691
312692
312693
312694
312695
312696
312697
312698
312699
312700
312701
312702
312703
312704
313126
313127
313128
313129
313130
313131
313132
313133
313134
313135
313136
313137
313138
313139
313140
313141
313152
313153
313154
313155
313156
313157
313158
313159
313160
313161
313162
313163
313164
313165
313166
313167
313168
313169
313170
313171
313601
313602
313603
313605
313606
313607
313608
313609
313610
313611
313612
313613
313614
313615
313616
313617
313628
313629
313630
313631
313632
313633
313634
313635
313636
313637
313638
313639
313640
313641
313642
313643
313644
313645
313646
313647
314074
314075
314076
314077
314078
314079
314080
314081
314082
314083
314084
314085
314086
314087
314088
314089
314090
314095
314097
314098
314099
314100
314101
314102
314103
314104
314105
314106
314107
314108
314109
314110
314533
314534
314535
314536
314537
314538
314539
314540
314541
314542
314543
314544
314545
314546
314547
314548
314549
314550
314551
314552
314555
314556
314557
314560
314561
314562
314563
314564
314565
314566
314567
314568
314569
314570
314571
314572
314573
314574
314575
314983
314984
314985
314986
314987
314988
314989
314990
314991
314992
314993
314994
314995
314996
314997
314998
314999
315000
315001
315002
315003
315004
315008
315009
315010
315011
315012
315013
315014
315015
315016
315017
315018
315019
315020
315021
315022
315023
315024
315025
315431
315432
315433
315434
315435
315436
315437
315438
315439
315440
315441
315442
315443
315444
315445
315446
315447
315448
315449
315450
315451
315452
315455
315456
315458
315459
315460
315461
315462
315463
315464
315465
315466
315467
315468
315469
315470
315471
315894
315895
315896
315897
315898
315899
315900
315901
315902
315903
315904
315905
315906
315907
315908
315909
315910
315911
315912
315913
315914
315915
315916
315917
315918
315919
315920
315921
315922
315923
315924
315925
315926
315927
315928
315929
315930
315931
315932
315933
315934
315935
316356
316357
316358
316359
316360
316361
316362
316363
316364
316365
316366
316367
316368
316369
316370
316371
316372
316373
316374
316375
316376
316377
316378
316379
316380
316381
316382
316383
316384
316385
316386
316387
316388
316389
316390
316391
316392
316393
316394
316395
316396
316397
316819
316820
316821
316822
316823
316824
316825
316826
316827
316828
316829
316830
316831
316832
316833
316834
316835
316836
316837
316838
316839
316840
316841
316842
316843
316844
316845
316846
316847
316848
316849
316850
316851
316852
316853
316854
316855
316856
317306
317307
317308
317309
317310
317311
317315
317316
317317
317318
317319
317320
317321
317322
317323
317324
317325
317326
317327
317328
317329
317330
317331
317332
317333
317334
317335
317336
317337
317792
317793
317794
317795
317798
317803
317804
317805
317806
317807
317808
317809
317810
317811
317815
317816
317817
317818
317819
317820
317821
317822
317823
317824
317825
317826
317827
317828
317829
317830
318284
318291
318292
318300
318301
318302
318303
318304
318305
318306
318309
318310
318311
318312
318313
318314
318315
318316
318317
318318
318319
318320
318321
318322
318323
318324
318325
318326
318327
318328
318329
318330
318331
318800
318801
318803
318804
318805
318806
318807
318808
318816
318817
318818
318819
318820
318821
318822
318823
318824
318825
318826
318827
318828
318829
318830
318831
318832
318833
318834
318835
318836
318837
318838
318839
318840
318841
318842
318843
318844
318845
318846
318847
319284
319285
319286
319287
319288
319289
319290
319291
319292
319298
319299
319300
319307
319308
319310
319311
319312
319313
319314
319315
319316
319317
319318
319319
319320
319321
319322
319323
319324
319325
319326
319327
319328
319329
319330
319331
319332
319333
319334
319335
319336
319776
319777
319778
319779
319780
319781
319782
319783
319784
319785
319786
319790
319791
319792
319803
319807
319808
319809
319810
319811
319812
319813
319814
319815
319816
319817
319818
319819
319820
319821
319822
319823
319824
319825
319826
319827
319828
319829
319830
319831
320265
320267
320268
320269
320270
320271
320272
320273
320274
320281
320282
320283
320298
320299
320300
320301
320302
320303
320304
320305
320306
320307
320308
320309
320310
320311
320312
320313
320314
320315
320316
320317
320318
320319
320320
320321
320743
320744
320745
320747
320748
320751
320752
320759
320775
320776
320778
320779
320780
320781
320782
320783
320784
320785
320786
320787
320788
320789
320790
320791
320792
321210
321214
321215
321224
321239
321240
321242
321243
321244
321245
321246
321247
321248
321249
321250
321251
321252
321253
321685
321707
321708
321709
321710
321711
321712
321713
321714
321715
321716
321717
321718
321719
321723
321724
322173
322174
322175
322176
322177
322178
322184
322647
322648
322649
322650
322651
322652
322653
323149
323150
323151
323152
323153
323154
323155
323624
323627
324121