29169
29170
29171
29644
29645
30113
30114
30115
30608
30609
30610
30611
30612
30613
30614
30615
31107
31108
31109
31110
31111
31112
31113
31114
31115
31116
31613
31614
31615
31616
31617
31618
31619
31620
31621
31622
32135
32136
32137
32138
32139
32140
32141
32142
32143
32144
32145
32146
32665
32666
32667
32668
32669
32670
32671
32672
32673
32674
32675
32676
32677
32678
32679
33156
33157
33161
33162
33163
33164
33165
33166
33167
33168
33169
33170
33171
33172
33173
33174
33175
33176
33177
33663
33664
33665
33669
33670
33671
33672
33673
33674
33675
33676
33677
33678
33679
33680
33681
33682
33683
33684
33685
33686
33687
34165
34168
34169
34170
34171
34173
34174
34175
34176
34177
34178
34179
34180
34181
34182
34183
34184
34185
34186
34187
34188
34189
34190
34191
34192
34193
34194
34195
34678
34684
34685
34686
34687
34688
34689
34690
34691
34692
34693
34694
34695
34696
34697
34698
34699
34700
34701
34702
34704
34706
34707
34708
34709
34710
34711
34712
34713
34714
35203
35204
35209
35210
35211
35212
35213
35215
35216
35217
35218
35219
35220
35221
35222
35223
35224
35225
35229
35230
35231
35232
35233
35234
35235
35236
35237
35238
35723
35724
35727
35728
35729
35730
35731
35732
35733
35734
35735
35736
35737
35738
35739
35740
35744
35745
35746
35747
35748
35749
35750
35751
35752
35773
36221
36222
36223
36224
36230
36231
36232
36233
36234
36235
36236
36239
36240
36241
36242
36243
36244
36245
36246
36247
36248
36266
36267
36268
36269
36693
36694
36696
36697
36698
36699
36700
36701
36702
36707
36708
36709
36710
36711
36712
36713
36714
36715
36716
36718
36719
36720
36721
36722
36723
36724
36725
36726
36727
36728
36729
36730
36731
36732
36733
36745
36746
36747
36748
36749
37159
37160
37161
37162
37163
37164
37165
37166
37167
37168
37169
37170
37171
37173
37175
37176
37177
37178
37179
37180
37181
37182
37183
37184
37186
37187
37188
37189
37190
37191
37192
37193
37194
37195
37196
37197
37198
37199
37213
37214
37215
37216
37217
37218
37219
37630
37631
37632
37633
37634
37635
37636
37637
37638
37639
37640
37641
37642
37643
37644
37645
37646
37647
37648
37649
37650
37653
37654
37655
37656
37657
37658
37659
37660
37661
37662
37663
37664
37665
37666
37667
37668
37669
37670
37671
37672
37673
37685
37686
37687
37688
37689
37690
37691
37692
37693
37694
37695
38104
38105
38106
38107
38108
38109
38110
38111
38112
38113
38114
38115
38116
38117
38118
38119
38120
38121
38125
38126
38127
38128
38129
38130
38131
38132
38133
38134
38135
38136
38137
38138
38139
38140
38141
38142
38143
38144
38145
38146
38147
38159
38160
38161
38162
38163
38164
38165
38166
38167
38615
38616
38617
38618
38619
38620
38621
38622
38623
38624
38625
38626
38627
38628
38629
38630
38631
38632
38633
38634
38638
38639
38640
38641
38642
38643
38644
38645
38646
38647
38648
38649
38650
38651
38652
38653
38654
38655
38656
38657
38658
38659
38660
38661
38662
38663
38664
38672
38673
38674
38675
38676
38677
38678
38679
38680
38681
39122
39123
39124
39125
39126
39127
39128
39129
39130
39131
39132
39133
39134
39135
39136
39137
39138
39139
39140
39141
39142
39143
39144
39145
39146
39147
39148
39149
39150
39151
39152
39153
39154
39155
39156
39157
39158
39159
39160
39161
39162
39163
39164
39165
39166
39167
39168
39169
39170
39171
39172
39173
39174
39175
39176
39177
39178
39183
39184
39185
39186
39187
39188
39189
39190
39647
39648
39649
39650
39651
39652
39653
39654
39655
39656
39657
39658
39659
39660
39661
39662
39663
39664
39665
39666
39667
39668
39669
39670
39671
39672
39673
39674
39675
39676
39677
39678
39679
39680
39681
39682
39683
39684
39685
39686
39687
39688
39689
39690
39691
39692
39693
39694
39695
39696
39697
39698
39699
39700
39701
39702
39703
39704
39705
39706
39707
39708
39709
39710
39711
39712
39713
39714
40184
40185
40186
40187
40188
40189
40190
40191
40192
40193
40194
40195
40196
40197
40198
40199
40200
40201
40202
40203
40204
40205
40206
40207
40208
40209
40210
40211
40212
40213
40214
40215
40216
40217
40218
40219
40220
40221
40222
40223
40224
40225
40226
40227
40228
40229
40230
40231
40232
40233
40234
40235
40236
40237
40238
40239
40240
40241
40242
40243
40244
40245
40720
40721
40723
40724
40725
40726
40727
40728
40729
40730
40731
40732
40733
40734
40735
40736
40737
40738
40739
40740
40741
40742
40743
40744
40745
40746
40747
40748
40749
40750
40751
40752
40753
40754
40755
40756
40757
40758
40759
40760
40761
40762
40763
40764
40765
40766
40767
40768
40769
40770
40771
40772
40773
40774
40775
40776
40777
40778
40779
41264
41265
41266
41267
41268
41269
41270
41271
41272
41273
41274
41275
41276
41277
41278
41279
41280
41281
41282
41283
41284
41285
41286
41287
41288
41289
41290
41291
41292
41293
41294
41295
41296
41297
41298
41299
41301
41302
41303
41304
41305
41306
41307
41308
41309
41310
41311
41312
41313
41314
41315
41316
41317
41830
41831
41832
41833
41834
41835
41836
41837
41838
41839
41840
41841
41842
41843
41844
41845
41846
41847
41848
41849
41850
41851
41852
41853
41854
41855
41856
41857
41858
41859
41860
41861
41865
41868
41869
41870
41871
41872
41873
41874
41875
41876
41877
41878
42407
42408
42409
42410
42411
42412
42413
42414
42415
42416
42417
42420
42421
42431
42432
42433
42434
42435
42436
42437
42438
42439
42440
42441
42442
42443
42444
42445
42446
42447
42448
42449
42980
42981
42982
42983
42984
42985
42986
43003
43004
43005
43006
43007
43008
43009
43010
43011
43012
43013
43014
43015
43016
43017
43018
43019
43020
43021
43528
43529
43530
43531
43532
43533
43549
43550
43551
43552
43553
43554
43555
43556
43557
43558
43559
43560
43561
43562
43563
44091
44092
44093
44109
44110
44111
44112
44113
44114
44115
44116
44117
44118
44119
44120
44121
44122
44123
44124
44628
44629
44630
44631
44646
44647
44649
44650
44651
44652
44653
44654
44655
44656
44657
44658
44659
44660
44661
45148
45149
45150
45151
45152
45167
45168
45169
45170
45171
45172
45173
45174
45175
45176
45177
45178
45179
45180
45181
45700
45701
45702
45703
45704
45705
45706
45707
46212
46213
46214
46215
46216
46217
46218
46219
46220
46711
46712
46713
46714
46715
47173
47174
47175
47632