431031
431551
432051
432055
432056
432057
432058
432060
432570
432571
432572
432574
432575
432576
432577
432578
433086
433087
433088
433089
433090
433091
433092
433094
433095
433096
433097
433593
433594
433595
433601
433602
433603
433606
433607
433608
433609
434092
434093
434094
434095
434096
434097
434104
434105
434106
434107
434109
434110
434111
434112
434586
434587
434588
434589
434590
434591
434592
434593
434596
434597
434598
434599
434600
434605
435079
435080
435081
435082
435083
435084
435085
435086
435089
435090
435091
435092
435093
435094
435095
435096
435575
435576
435577
435578
435579
435580
435581
435582
435584
435585
435586
435587
435589
435590
435591
436054
436055
436056
436057
436058
436059
436060
436061
436062
436063
436064
436065
436067
436068
436507
436508
436509
436512
436513
436514
436515
436516
436519
436520
436521
436522
436523
436947
436948
436949
436954
436955
436956
436957
436958
436959
437395
437396
437397
437398
437399
437400
437401
437407
437408
437409
437410
437411
437843
437844
437845
437846
437847
437848
437849
437850
437851
437856
437857
437858
437859
438291
438292
438293
438294
438295
438296
438297
438298
438302
438303
438304
438305
438306
438307
438735
438736
438737
438738
438739
438747
438748
438749
438750
439171
439172
439173
439174
439175
439176
439177
439178
439187
439189
439190
439191
439588
439589
439590
439591
439592
439594
439598
439602
439603
439604
439605
439606
439607
440001
440002
440003
440009
440010
440011
440012
440013
440014
440015
440016
440017
440018
440384
440385
440388
440389
440390
440391
440392
440393
440394
440395
440396
440397
440398
440399
440775
440776
440777
440778
440779
440780
440781
440782
440785
440786
440787
440788
440789
440790
440791
441143
441144
441145
441146
441147
441148
441149
441150
441151
441152
441153
441154
441155
441156
441158
441159
441160
441161
441162
441163
441164
441537
441538
441539
441540
441541
441542
441543
441544
441545
441546
441547
441548
441549
441550
441551
441552
441553
441554
441555
441556
441905
441906
441907
441908
441909
441910
441911
441912
441913
441914
441915
441916
441917
441918
441919
441920
441922
442245
442246
442247
442248
442249
442250
442251
442252
442253
442254
442255
442256
442257
442258
442259
442260
442261
442262
442263
442264
442265
442266
442604
442605
442606
442607
442608
442609
442610
442611
442612
442613
442614
442615
442616
442617
442618
442619
442620
442621
442622
442623
442624
442965
442966
442967
442968
442969
442970
442971
442972
442973
442974
442975
442976
442977
442978
442979
442980
442981
442982
442983
443341
443342
443343
443344
443345
443346
443347
443348
443349
443350
443351
443352
443356
443357
443358
443359
443718
443719
443720
443721
443722
443723
443724
443725
443726
443727
443734
443735
443736
443737
444088
444089
444093
444094
444095
444096
444104
444105
444107
444108
444454
444455
444458
444459
444460
444462
444463
444464
444465
444471
444472
444808
444809
444810
444811
444812
444813
444814
444815
444827
444828
445175
445176
445178
445179
445180
445181
445182
445183
445195
445196
445539
445540
445541
445542
445543
445545
445546
445547
445563
445915
445916
445917
445920
445921
445922
446276
446277
446278
446279
446631
446632
446633
446634
446635
446636
446964
446965
446966
446967
446968
447276
447278
447279
447280
447281
447282
447581
447582
447583
447584
447585
447894
448221
448551
448552
448874
449195
449521
449522
449843
449844
449847
449848
449849
449850
450187
450188
450189
450190
450191
450193
450530
450531
450535
450536
450537
450538
450847
450850
450851
450853
450854
450855
450856
450857
450858
451172
451173
451174
451175
451176
451177
451181
451182
451183
451184
451185
451186
451187
451188
451499
451500
451501
451502
451503
451505
451506
451507
451508
451509
451510
451511
451512
451513
451818
451819
451820
451821
451822
451824
451825
451826
451827
451828
451829
451832
451833
452142
452143
452144
452145
452146
452147
452148
452149
452150
452151
452152
452153
452154
452155
452156
452454
452455
452456
452457
452458
452459
452460
452461
452462
452463
452464
452465
452466
452467
452787
452788
452789
452790
452791
452792
452793
452794
452795
452796
452797
452798
452799
452800
452801
452802
453124
453125
453126
453127
453128
453129
453130
453131
453132
453133
453134
453135
453136
453137
453451
453452
453453
453454
453455
453456
453457
453458
453459
453460
453461
453462
453463
453464
453465
453466
453467
453769
453770
453771
453772
453773
453774
453775
453776
453777
453778
453779
453780
453781
453782
453783
453784
453785
454077
454078
454079
454080
454081
454082
454083
454084
454085
454086
454087
454088
454089
454090
454091
454092
454093
454094
454095
454096
454097
454098
454099
454380
454381
454382
454383
454384
454385
454386
454387
454388
454389
454390
454391
454392
454393
454394
454395
454396
454397
454398
454399
454400
454401
454402
454403
454404
454405
454406
454407
454699
454700
454701
454702
454703
454704
454705
454706
454707
454708
454709
454710
454711
454712
454713
454714
454715
454716
454717
454718
454719
454720
454721
454722
454723
454724
454725
455020
455021
455022
455023
455024
455025
455026
455027
455028
455029
455030
455031
455032
455033
455034
455035
455036
455037
455038
455039
455040
455337
455338
455339
455340
455341
455342
455343
455344
455345
455346
455347
455348
455349
455350
455351
455352
455353
455354
455355
455675
455676
455677
455678
455679
455680
455681
455682
455683
455684
455685
455686
455687
455688
455689
455690
455691
455692
456031
456032
456033
456034
456035
456036
456037
456038
456039
456040
456041
456042
456043
456044
456045
456046
456047
456048
456049
456382
456383
456384
456385
456386
456387
456388
456389
456390
456391
456392
456393
456394
456395
456396
456397
456398
456722
456723
456724
456725
456726
456727
456728
456729
456730
456731
456732
456733
456734
456735
456736
457048
457049
457050
457051
457052
457053
457054
457055
457056
457057
457058
457059
457363
457364
457365
457366
457367
457368
457369
457370
457371
457372
457682
457683
457684
457685
457686
457687
457688
457689
457690
457691
457988
457989
457990
457991
457992
457993
457994
457995
457996
458286
458287
458288
458289
458290
458291
458292
458293
458294
458588
458589
458590
458591
458592
458593
458594
458595
458897
458898
458899
458900
458901
458902
459216
459217
459218
459219
459220
459221
459222
459223
459224
459513
459514
459515
459516
459517
459518
459519
459520
459521
459522
459523
459524
459525
459526
459527
459528
459529
459814
459815
459816
459817
459818
459819
459820
459821
459822
459823
459824
459825
460120
460121
460122
460123
460124
460125
460126
460127
460438
460439
460440
460441
460442
460443
460444
460750
460751
460752
460753
460754
460755
460756
460757
460758
461057
461058
461059
461060
461061
461062
461063
461064
461065
461376
461377
461378
461379
461380
461381
461382
461383
461699
461700
461701
461702
461703
461704
461705
461706
461707
462028
462029
462030
462031
462032
462033
462034
462351
462352
462353
462354
462355
462673