283281
283282
283883
283888
283889
283890
284497
284498
284499
284500
284502
284503
284504
284505
285095
285096
285098
285101
285102
285103
285104
285105
285106
285107
285657
285658
285668
285669
285670
285671
285672
285677
285678
285679
285680
285681
286192
286193
286194
286195
286196
286199
286200
286209
286210
286211
286212
286213
286214
286218
286219
286220
286221
286222
286722
286723
286724
286725
286726
286727
286732
286737
286738
286739
286740
286741
286742
286743
286744
286747
286748
286750
286751
287232
287233
287234
287235
287236
287237
287238
287239
287241
287248
287249
287250
287251
287252
287253
287254
287255
287256
287257
287258
287259
287262
287263
287265
287266
287746
287747
287748
287749
287750
287752
287754
287757
287758
287759
287760
287761
287762
287763
287764
287765
287766
287767
287768
287769
287770
287772
287773
287775
287776
288272
288273
288274
288275
288279
288280
288281
288282
288284
288285
288286
288287
288288
288289
288290
288291
288292
288293
288294
288295
288296
288297
288298
288299
288300
288301
288302
288303
288304
288305
288792
288793
288794
288795
288797
288798
288799
288800
288801
288802
288803
288804
288807
288808
288809
288810
288811
288812
288813
288814
288815
288816
288817
288818
288819
288820
288821
288825
288826
288827
289283
289286
289287
289288
289289
289290
289291
289292
289293
289294
289295
289298
289299
289300
289301
289302
289303
289304
289305
289306
289307
289308
289309
289310
289311
289760
289761
289762
289763
289764
289765
289766
289767
289768
289769
289770
289771
289772
289778
289779
289780
289781
289782
289783
289784
289785
289786
289787
289788
289789
290256
290257
290258
290259
290260
290261
290267
290272
290273
290274
290275
290276
290277
290278
290279
290280
290281
290282
290283
290284
290750
290751
290752
290759
290764
290765
290766
290767
290768
290769
290770
290771
290772
290773
290774
290775
290776
290777
291213
291214
291226
291227
291228
291229
291230
291231
291232
291233
291234
291235
291236
291237
291678
291679
291680
291696
291697
291698
291699
291700
291701
291702
291703
291704
291705
292166
292167
292168
292169
292170
292186
292187
292188
292189
292190
292191
292192
292193
292194
292195
292665
292666
292667
292668
292669
292687
292688
292689
292691
292694
292695
293175
293176
293177
293178
293179
293180
293181
293199
293200
293206
293207
293208
293674
293675
293676
293677
293678
293679
293680
293681
293682
293705
293706
294180
294181
294182
294184
294185
294186
294670
294671
294672
295142
295143
295144
295146
295147
295148
295149
295151
295152
295153
295154
295155
295156
295157
295629
295630
295631
295633
295634
295635
295637
295638
295641
295642
295643
295644
295645
295646
295647
296106
296107
296108
296109
296110
296111
296113
296114
296118
296119
296120
296121
296122
296123
296584
296585
296586
296587
296588
296589
296590
296591
296592
296593
296594
296595
296596
296597
296598
296599
296603
296604
296605
296606
296607
296608
296609
296610
296611
297077
297078
297079
297080
297081
297082
297083
297084
297085
297086
297087
297088
297089
297090
297091
297092
297093
297095
297096
297097
297098
297099
297100
297101
297102
297103
297104
297105
297106
297107
297108
297584
297585
297586
297587
297588
297589
297590
297591
297592
297594
297595
297596
297597
297598
297599
297600
297601
297602
297603
297604
297605
297606
297607
297608
297609
297610
297611
297612
297613
297614
297615
297616
297617
297618
297619
298097
298098
298099
298100
298101
298102
298103
298104
298105
298106
298107
298108
298109
298110
298111
298112
298113
298114
298115
298116
298117
298118
298119
298120
298121
298122
298123
298124
298125
298126
298127
298128
298130
298131
298132
298619
298620
298621
298622
298623
298624
298625
298626
298627
298628
298629
298630
298631
298632
298633
298634
298636
298637
298638
298639
298640
298641
298642
298643
298644
298645
298646
298647
298648
299132
299133
299134
299135
299136
299137
299138
299139
299140
299141
299142
299143
299146
299147
299148
299149
299150
299151
299152
299153
299154
299155
299156
299659
299660
299661
299662
299663
299664
299665
299666
299667
299668
299669
299670
299671
299673
299674
299675
299676
299677
299678
299679
299680
299681
299682
299683
299684
300169
300170
300171
300172
300173
300174
300175
300176
300177
300178
300179
300180
300181
300182
300183
300184
300185
300186
300187
300188
300189
300190
300191
300192
300193
300194
300195
300196
300197
300712
300713
300714
300715
300716
300717
300718
300719
300720
300721
300722
300723
300724
300725
300726
300727
300728
300729
300730
300731
300732
300733
301243
301244
301245
301246
301247
301248
301249
301250
301251
301252
301253
301254
301255
301256
301257
301258
301259
301260
301261
301788
301789
301790
301791
301792
301793
301794
301795
301796
301797
301798
301799
301800
301801
301802
301803
301804
301805
301806
302311
302312
302313
302314
302315
302316
302317
302318
302319
302320
302321
302322
302323
302324
302325
302326
302327
302328
302329
302330
302331
302343
302851
302852
302853
302854
302855
302856
302857
302858
302859
302860
302861
302862
302863
302864
302865
302866
302867
302868
302869
302870
302871
302872
302882
302884
302886
302887
303392
303393
303394
303395
303396
303397
303398
303399
303400
303401
303402
303403
303404
303405
303407
303408
303409
303410
303418
303419
303420
303421
303422
303424
303425
303426
303942
303943
303944
303945
303946
303947
303948
303949
303950
303951
303952
303953
303954
303955
303956
303959
303960
303961
303962
303963
303964
303967
303968
303969
303970
303971
303974
303975
303976
304490
304491
304492
304493
304494
304495
304496
304497
304498
304499
304500
304501
304503
304504
304505
304506
304507
304508
304509
304510
304511
304512
304513
304514
304515
304516
304517
304518
304519
305048
305049
305050
305051
305052
305053
305055
305056
305057
305058
305059
305060
305061
305062
305063
305064
305065
305066
305067
305068
305069
305070
305071
305072
305592
305593
305594
305595
305596
305597
305598
305599
305600
305604
305605
305606
305607
305608
305609
305610
305611
305612
305613
305614
305615
305616
306151
306152
306153
306154
306155
306156
306157
306158
306159
306160
306161
306162
306163
306164
306165
306166
306167
306168
306169
306170
306171
306172
306173
306701
306702
306703
306704
306705
306706
306707
306708
306709
306710
306711
306712
306713
306714
306715
306716
306717
306718
306719
306720
306721
306722
307255
307256
307257
307258
307259
307260
307261
307262
307263
307264
307265
307266
307267
307268
307269
307271
307272
307273
307274
307275
307796
307797
307798
307799
307800
307801
307802
307803
307804
307805
307806
307807
307808
307810
307811
307812
307813
308344
308345
308346
308347
308348
308349
308350
308351
308352
308353
308354
308355
308356
308357
308358
308890
308891
308892
308893
308894
308895
308896
308897
308898
308899
308900
308901
308902
308903
308904
309431
309432
309433
309434
309435
309436
309437
309439
309963
309964
309965
309966
309967
309968
310511
310512
310513
310514
310515