113685
113686
113687
113688
114240
114241
114242
114246
114247
114248
114249
114794
114795
114796
114797
114798
114799
114800
114801
114802
115358
115359
115360
115361
115362
115363
115364
115365
115366
115913
115914
115915
115916
115917
115918
115919
115920
115921
115922
115923
116480
116481
116482
116483
116484
116485
116486
117033
117034
117035
117036
117037
117038
117039
117040
117041
117582
117583
117584
117585
117586
117587
117588
117589
117590
117591
117592
117593
118111
118112
118113
118114
118115
118116
118117
118118
118119
118120
118121
118652
118653
118654
118655
118656
118657
118658
118659
118660
119185
119190
119191
119192
119193
119194
119195
119196
119197
119198
119735
119736
119737
119738
119739
119740
119741
119742
119743
119744
119745
119746
119747
119748
119749
119750
119751
120277
120278
120279
120280
120281
120282
120283
120284
120285
120286
120287
120288
120289
120290
120291
120292
120293
120294
120295
120296
120297
120298
120299
120300
120814
120815
120816
120817
120818
120819
120820
120821
120822
120823
120824
120825
120826
120827
120828
120829
120830
120831
120832
120833
120834
120835
120836
121347
121348
121349
121350
121351
121352
121353
121354
121355
121356
121357
121358
121359
121360
121361
121362
121363
121364
121365
121366
121367
121368
121369
121862
121863
121864
121865
121866
121867
121868
121869
121870
121871
121872
121873
121874
121875
121876
121877
121878
121879
121880
121881
121882
121883
121884
121885
121886
121887
122375
122376
122377
122378
122379
122380
122381
122382
122383
122384
122385
122386
122387
122388
122389
122390
122391
122392
122393
122394
122395
122397
122904
122905
122906
122907
122908
122909
122910
122911
122912
122913
122914
122915
122916
122917
122918
122919
122920
122921
122922
122923
122924
122925
122926
122927
123455
123456
123457
123458
123459
123460
123461
123462
123463
123464
123465
123466
123467
123468
123469
123470
123471
123472
123473
123474
123475
123476
123477
123478
124024
124025
124026
124027
124028
124029
124030
124031
124032
124033
124034
124035
124036
124037
124038
124039
124040
124041
124042
124043
124044
124045
124046
124047
124048
124049
124050
124051
124052
124053
124593
124594
124595
124596
124597
124598
124599
124600
124601
124602
124603
124604
124605
124606
124607
124608
124609
124610
124611
124612
124613
124614
124615
124616
124617
124618
124619
124620
125145
125146
125147
125148
125149
125150
125151
125152
125153
125154
125155
125156
125157
125158
125159
125160
125161
125162
125163
125164
125165
125166
125167
125168
125169
125170
125171
125172
125173
125174
125175
125176
125177
125701
125702
125703
125704
125705
125706
125707
125708
125709
125710
125711
125712
125713
125714
125715
125716
125717
125718
125719
125720
125721
125722
125723
125724
125725
125726
125727
125728
125729
125730
125731
125732
125733
125734
125735
125736
125738
125739
126237
126238
126239
126240
126241
126242
126243
126244
126245
126246
126247
126248
126249
126250
126251
126252
126253
126254
126255
126256
126257
126258
126259
126260
126261
126262
126263
126264
126265
126266
126267
126268
126269
126270
126271
126272
126273
126274
126275
126276
126277
126278
126279
126280
126776
126777
126778
126779
126780
126781
126782
126783
126784
126785
126786
126787
126788
126789
126790
126791
126792
126793
126794
126795
126796
126797
126798
126799
126800
126801
126803
126804
126805
126806
126807
126808
126809
126810
126811
126812
126813
126814
126815
126816
126819
126820
126821
126822
126823
126824
126825
126826
127320
127321
127322
127323
127324
127325
127326
127327
127328
127329
127330
127331
127332
127333
127334
127335
127336
127337
127338
127339
127340
127341
127342
127343
127344
127345
127346
127347
127348
127349
127350
127351
127352
127353
127354
127355
127356
127357
127362
127363
127364
127365
127366
127367
127368
127844
127845
127846
127847
127848
127849
127850
127851
127852
127853
127854
127855
127856
127857
127858
127859
127860
127861
127862
127863
127864
127865
127866
127867
127868
127869
127870
127871
127872
127873
127874
127875
127876
127877
127878
127879
127880
127886
127887
127888
127890
127891
127892
128363
128364
128365
128366
128367
128368
128369
128370
128371
128372
128373
128374
128375
128376
128377
128378
128379
128380
128381
128382
128383
128384
128385
128386
128387
128388
128389
128390
128391
128392
128393
128394
128395
128396
128401
128402
128403
128404
128405
128406
128859
128860
128861
128862
128863
128864
128865
128866
128867
128868
128869
128870
128871
128872
128873
128874
128875
128876
128877
128878
128879
128880
128881
128882
128883
128884
128885
128886
128887
128888
128889
128890
128896
128897
128898
128899
129368
129369
129370
129371
129372
129373
129374
129375
129376
129377
129378
129379
129380
129381
129382
129383
129384
129385
129386
129387
129388
129389
129390
129391
129392
129393
129394
129395
129396
129397
129398
129399
129400
129401
129402
129403
129404
129405
129406
129407
129882
129883
129884
129885
129886
129887
129888
129889
129890
129894
129895
129896
129897
129898
129899
129900
129901
129902
129903
129904
129905
129909
129910
129911
129912
129913
129914
129915
129916
129917
129918
129919
129920
129921
130393
130394
130395
130396
130397
130398
130399
130400
130407
130408
130409
130410
130411
130412
130413
130414
130415
130416
130418
130420
130421
130422
130423
130424
130425
130426
130427
130428
130429
130907
130908
130909
130910
130917
130918
130919
130920
130921
130922
130923
130924
130925
130926
130931
130932
130933
130934
130935
130936
130937
131416
131417
131418
131419
131420
131426
131427
131428
131429
131430
131431
131432
131433
131434
131435
131436
131437
131438
131444
131445
131446
131447
131448
131932
131933
131934
131935
131936
131946
131947
131948
131949
131950
131951
131952
131953
131954
131955
131956
131957
131958
131959
131960
131961
131966
131967
131968
131969
132455
132456
132457
132458
132459
132460
132461
132462
132463
132473
132474
132475
132476
132477
132478
132479
132480
132481
132482
132483
132484
132485
132986
132987
132988
132989
132990
132991
132992
132993
132994
132995
132999
133000
133003
133004
133005
133006
133007
133008
133009
133010
133011
133012
133013
133014
133544
133545
133546
133547
133548
133549
133550
133551
133552
133553
133556
133557
133558
133559
133560
133561
133562
133563
133564
133565
133566
133567
133568
134119
134120
134125
134126
134127
134128
134129
134130
134134
134135
134136
134137
134138
134139
134140
134141
134142
134143
134144
134145
134146
134719
134720
134721
134722
134723
134724
134725
134726
134727
134728
134729
134730
134731
134732
134733
134734
134735
134736
134737
134738
135334
135335
135336
135337
135338
135339
135340
135341
135342
135343
135344
135345
135346
135347
135348
135349
135350
135351
135936
135937
135938
135939
135940
135941
135942
135943
135944
135945
135946
135947
135948
136546
136547
136548
136549
136550
136551
136552
136553
136554
136555
136556
136557
137140
137141
137142
137144
137145
137146
137727
137728
137729