263706
264301
264302
264303
264935
264936
264937
265567
265568
265569
265570
265571
266200
266201
266202
266203
266204
266797
266798
266799
266800
266801
267406
267407
267408
267409
267410
267411
267412
267414
267415
267416
267417
268035
268036
268037
268038
268039
268040
268041
268042
268043
268044
268045
268046
268047
268661
268662
268663
268664
268665
268666
268667
268668
268669
268670
268671
268672
268673
268674
268675
268676
269290
269291
269292
269293
269294
269295
269296
269297
269298
269299
269300
269301
269302
269303
269304
269305
269306
269307
269928
269929
269930
269931
269932
269933
269934
269935
269936
269938
269939
269940
269941
269942
269943
270564
270567
270568
270569
270570
270571
270572
270573
270574
270576
270577
270578
270579
270580
270581
270582
271209
271210
271211
271212
271213
271214
271215
271216
271217
271218
271219
271220
271221
271222
271223
271224
271226
271227
271228
271229
271230
271232
271233
271858
271859
271860
271861
271862
271863
271864
271865
271866
271867
271868
271869
271870
271873
271875
271876
271877
271879
271880
271881
272504
272505
272506
272508
272509
272510
272511
272512
272513
272514
272515
272516
272517
272518
272519
272520
272521
272522
272523
272524
272525
272526
272527
272528
272529
273154
273155
273156
273157
273158
273159
273160
273161
273162
273163
273165
273166
273168
273169
273170
273171
273172
273173
273174
273175
273177
273178
273179
273180
273181
273182
273183
273184
273187
273816
273817
273818
273819
273820
273821
273822
273823
273824
273825
273826
273827
273828
273829
273830
273831
273832
273833
273834
273835
273836
273837
273838
273840
273841
273842
273843
273844
273845
273846
273847
273848
273849
274472
274473
274474
274475
274476
274477
274478
274479
274480
274481
274484
274485
274486
274487
274488
274489
274490
274491
274492
274493
274494
274495
274496
274497
274498
274499
274500
274501
274502
274503
274504
275105
275106
275107
275109
275110
275111
275113
275114
275115
275116
275117
275118
275119
275120
275121
275122
275123
275124
275125
275126
275127
275128
275129
275738
275739
275740
275745
275746
275747
275748
275749
275750
275751
275752
275753
275754
275755
275756
275757
275758
275759
275760
275761
275762
275763
275764
275765
275766
276362
276363
276364
276365
276366
276371
276372
276373
276374
276375
276378
276379
276380
276381
276382
276383
276384
276385
276386
276387
276388
276389
276390
276391
276392
276393
276394
276395
276396
276397
276973
276974
276982
276983
276984
276985
276986
276989
276990
276991
276993
276994
276995
276996
276997
276998
276999
277000
277001
277002
277003
277004
277005
277006
277007
277008
277009
277010
277011
277012
277016
277601
277602
277605
277606
277607
277608
277609
277610
277611
277612
277613
277614
277615
277616
277617
277618
277619
277620
277621
277622
277623
277624
277625
277626
277627
277630
277631
277632
278214
278215
278216
278217
278218
278219
278220
278221
278222
278223
278224
278225
278226
278227
278228
278229
278230
278231
278232
278233
278234
278235
278236
278237
278238
278826
278827
278828
278829
278830
278831
278832
278833
278834
278835
278836
278837
278838
278839
278840
278841
278842
278843
278844
278845
278846
278847
278848
278849
278850
278851
279442
279443
279444
279445
279446
279447
279449
279450
279451
279452
279453
279454
279455
279456
279457
279458
279459
279460
279461
279462
279463
279464
279465
279466
279467
279468
279469
279470
279471
279472
279473
280048
280049
280050
280051
280052
280053
280054
280055
280056
280057
280058
280059
280060
280061
280062
280063
280064
280065
280066
280067
280068
280069
280070
280071
280072
280073
280074
280075
280076
280650
280651
280652
280653
280654
280655
280656
280657
280658
280659
280660
280661
280662
280663
280664
280665
280666
280667
280668
280669
280670
281241
281242
281243
281244
281245
281246
281247
281248
281249
281250
281251
281252
281253
281254
281255
281256
281257
281258
281259
281260
281261
281262
281263
281264
281265
281266
281269
281270
281830
281831
281832
281833
281834
281835
281836
281837
281838
281839
281840
281841
281842
281843
281844
281845
281846
281847
281848
281849
281850
281851
281852
281853
281854
281855
281856
281857
281858
282410
282411
282412
282413
282414
282415
282416
282417
282418
282419
282420
282421
282422
282423
282424
282425
282426
282427
282428
282429
282430
282431
282432
282433
282434
282435
282436
282437
282438
282439
282440
282441
282442
282443
282444
282445
282991
282992
282993
282994
282995
282996
282997
282998
282999
283000
283001
283002
283003
283005
283006
283007
283008
283009
283010
283011
283012
283013
283014
283015
283016
283017
283018
283019
283020
283021
283022
283023
283024
283025
283026
283027
283028
283029
283030
283031
283612
283613
283614
283615
283616
283617
283618
283619
283620
283621
283622
283623
283624
283625
283626
283627
283628
283629
283630
283631
283632
283633
283634
283635
283636
283637
283638
283639
283640
283641
283642
283643
283644
283645
283646
283647
283648
283649
283650
283652
284225
284226
284227
284228
284229
284230
284231
284232
284233
284234
284235
284236
284237
284238
284239
284240
284241
284242
284243
284244
284245
284246
284247
284248
284249
284250
284251
284252
284253
284254
284255
284256
284257
284258
284260
284261
284263
284830
284831
284832
284833
284834
284835
284836
284837
284838
284839
284840
284841
284842
284843
284844
284845
284846
284847
284848
284849
284850
284851
284852
284853
284854
284855
284856
284857
284858
284859
284860
284861
284862
284863
284864
284865
285416
285417
285418
285419
285420
285421
285422
285423
285424
285425
285426
285427
285428
285429
285430
285431
285432
285433
285434
285435
285436
285437
285438
285439
285440
285441
285442
285443
285444
285445
285446
285448
285449
285450
285451
285968
285969
285970
285971
285972
285973
285974
285975
285976
285977
285978
285979
285980
285981
285982
285983
285984
285985
285986
285987
285988
285989
285990
285991
285992
285993
285994
285997
285998
285999
286477
286478
286479
286480
286481
286482
286483
286484
286485
286486
286487
286488
286489
286490
286491
286492
286493
286494
286495
286496
286497
286498
286499
286500
286501
286502
286504
286508
286993
286994
286995
286996
286997
286998
286999
287000
287001
287002
287003
287004
287005
287006
287007
287008
287009
287010
287011
287012
287013
287014
287015
287025
287512
287513
287514
287515
287516
287517
287518
287519
287520
287521
287522
287523
287524
287525
287526
287527
287528
287529
287530
288027
288028
288029
288030
288031
288032
288033
288034
288035
288036
288037
288038
288039
288040
288041
288042
288043
288562
288563
288564
288565
288566
288567
288568
288569
288570
288571
288572
288573
288574
288575
288576
288577
288578
288579
289068
289069
289070
289071
289072
289073
289074
289075
289076
289077
289078
289079
289080
289081
289082
289083
289548
289549
289550
289551
289552
289553
289554
289555
289556
289557
289558
289559
289560
289561
289562
290059
290060
290061
290062
290066
290067
290068
290069
290070
290551
290559