154500
154997
154998
154999
155483
155484
155485
155932
155933
155934
155935
156385
156392
156393
156396
156397
156398
156399
156875
156876
156881
156882
156883
156887
156888
157378
157379
157380
157381
157382
157385
157386
157387
157388
157389
157858
157859
157860
157861
157866
157867
157868
157869
157870
157871
157872
158365
158366
158367
158368
158369
158371
158372
158373
158374
158375
158376
158377
158378
158819
158820
158821
158822
158823
158824
158825
158826
158827
158828
158829
158830
158831
158832
158833
158834
158835
158836
158837
159273
159274
159275
159276
159277
159278
159279
159280
159281
159282
159283
159284
159285
159286
159287
159288
159289
159290
159710
159711
159712
159713
159714
159715
159716
159717
159718
159719
159720
159721
159722
159723
159724
159725
159726
159727
159728
159729
160150
160151
160152
160153
160154
160155
160156
160157
160158
160159
160160
160161
160162
160163
160164
160165
160166
160167
160168
160169
160170
160171
160579
160580
160581
160582
160583
160584
160585
160586
160587
160588
160589
160590
160591
160592
160593
160594
160595
160596
161008
161009
161010
161011
161012
161013
161014
161015
161016
161017
161018
161019
161020
161021
161022
161023
161024
161025
161026
161027
161028
161029
161030
161464
161465
161466
161467
161468
161469
161470
161471
161472
161473
161474
161475
161476
161477
161478
161479
161480
161481
161482
161483
161484
161485
161486
161487
161488
161489
161490
161491
161492
161493
161494
161495
161936
161937
161938
161939
161940
161941
161942
161943
161944
161945
161946
161947
161948
161949
161950
161951
161952
161953
161954
161955
161956
161957
161958
161959
161960
161961
161962
161963
161964
161965
162430
162431
162432
162433
162434
162435
162436
162437
162438
162439
162440
162441
162442
162443
162444
162445
162446
162447
162448
162449
162450
162451
162452
162453
162454
162455
162456
162457
162458
162459
162460
162461
162462
162902
162903
162904
162905
162906
162907
162909
162910
162911
162912
162913
162914
162915
162916
162917
162918
162919
162920
162921
162922
162923
162924
162925
162926
162927
162928
162929
162930
162931
162939
162940
162941
162942
162943
163346
163347
163348
163349
163350
163351
163353
163354
163355
163356
163357
163358
163359
163360
163361
163362
163363
163364
163365
163366
163367
163368
163369
163370
163371
163372
163373
163374
163380
163381
163786
163787
163788
163795
163796
163797
163798
163799
163800
163801
163802
163803
163804
163805
163806
163807
163808
163809
163810
163811
163812
163813
163814
163815
163816
163817
163818
163819
163820
163821
163822
163823
163824
163825
163826
164222
164223
164224
164225
164226
164227
164228
164230
164231
164232
164233
164234
164235
164236
164237
164238
164239
164240
164241
164242
164243
164244
164245
164246
164247
164248
164249
164250
164251
164252
164253
164254
164255
164256
164257
164258
164259
164260
164261
164262
164263
164264
164265
164266
164692
164693
164694
164695
164696
164699
164700
164701
164702
164703
164704
164705
164706
164707
164708
164709
164710
164711
164712
164713
164714
164715
164716
164717
164718
164719
164720
164721
164722
164723
164724
164725
164726
164727
164728
164729
164730
164731
164732
164733
164734
164735
164736
164737
164738
164739
164740
164741
165171
165172
165173
165174
165175
165176
165177
165178
165179
165180
165181
165182
165183
165184
165185
165186
165187
165188
165189
165190
165191
165192
165193
165194
165195
165196
165197
165198
165199
165200
165201
165202
165203
165204
165205
165206
165207
165208
165209
165210
165645
165646
165647
165650
165651
165652
165653
165654
165655
165656
165657
165658
165659
165660
165661
165662
165663
165664
165665
165666
165667
165668
165669
165670
165671
165672
165673
165674
165675
165676
165677
165678
165679
166126
166127
166128
166129
166132
166133
166134
166135
166136
166137
166138
166139
166140
166141
166142
166143
166144
166145
166146
166147
166148
166149
166150
166151
166152
166153
166154
166155
166156
166157
166158
166159
166160
166609
166610
166611
166616
166617
166618
166619
166620
166621
166622
166623
166624
166625
166626
166627
166628
166629
166630
166631
166632
166633
166634
166635
166636
166637
166638
166639
166640
166641
166642
166643
166644
166645
167093
167094
167095
167096
167100
167101
167102
167103
167104
167105
167106
167107
167108
167109
167110
167111
167112
167113
167114
167115
167116
167117
167118
167119
167120
167121
167122
167123
167124
167125
167126
167127
167131
167132
167612
167613
167614
167615
167619
167620
167621
167622
167623
167624
167625
167626
167627
167628
167629
167630
167631
167632
167633
167634
167635
167636
167637
167638
167639
167640
167641
167642
167643
167644
167645
167646
167647
167648
167649
167650
167651
167652
167653
167654
167655
168128
168129
168130
168131
168135
168136
168137
168138
168139
168140
168141
168142
168143
168144
168145
168146
168147
168148
168149
168150
168151
168152
168153
168154
168155
168156
168157
168158
168159
168160
168161
168162
168163
168164
168165
168166
168167
168168
168169
168170
168652
168653
168654
168655
168659
168660
168662
168663
168664
168665
168666
168667
168668
168669
168670
168671
168672
168673
168674
168675
168676
168677
168678
168679
168680
168681
168682
168683
168684
168685
168686
168687
168688
168689
168690
169158
169159
169160
169161
169165
169166
169167
169168
169169
169170
169171
169172
169173
169174
169175
169176
169177
169178
169179
169180
169181
169182
169183
169184
169185
169186
169187
169188
169189
169190
169191
169192
169193
169194
169195
169659
169660
169661
169662
169666
169667
169668
169669
169670
169671
169672
169673
169674
169675
169676
169677
169678
169679
169680
169681
169682
169683
169684
169685
169686
169687
169688
169689
169690
169691
169692
169693
169694
169695
169696
169697
170181
170188
170189
170190
170191
170192
170193
170196
170197
170198
170199
170200
170201
170202
170203
170204
170205
170206
170207
170208
170209
170210
170211
170212
170732
170733
170734
170735
170736
170737
170738
170741
170743
170744
170745
170746
170747
170748
170749
170750
170751
170752
170753
170754
170755
171277
171278
171279
171280
171281
171282
171283
171284
171289
171290
171291
171292
171293
171294
171295
171296
171297
171298
171299
171805
171806
171807
171808
171809
171810
171819
171820
171821
171822
171823
171824
171825
171826
171827
171828
171829
171830
171831
172319
172320
172321
172322
172323
172324
172334
172335
172336
172337
172338
172339
172340
172341
172342
172827
172829
172830
172842
172843
172844
172845
172846
172847
172848
172849
172850
172851
172852
173339
173340
173341
173342
173355
173356
173357
173358
173359
173360
173361
173362
173363
173364
173365
173366
173367
173368
173869
173870
173881
173882
173883
173884
173885
173886
173887
173888
173889
173890
173891
173892
174424
174425
174426
174427
174428
174429
174430
174431
174968
174969
174970
174971
174972
174973
174974
174975
174976
175477
175478
175480
175481
175482
175483
175484
176048
176049
176051
176052
176053
176054
176657