427040
427041
427567
427568
427569
427570
428083
428084
428085
428613
428614
429137
429138
429139
429140
429141
429672
429673
429674
429675
429676
429677
429678
429679
429680
429681
430228
430229
430230
430231
430232
430233
430234
430745
430746
430747
430748
430749
430750
431283
431284
431285
431286
431287
431288
431289
431290
431291
431796
431797
431798
431799
431800
431801
431802
431803
431804
431805
431806
432301
432302
432303
432304
432305
432306
432307
432308
432309
432822
432823
432824
432825
432826
432827
432828
432829
433344
433345
433346
433347
433348
433349
433350
433351
433352
433856
433857
433858
433859
433860
433861
433862
433863
433864
433865
433866
433867
434348
434349
434350
434351
434352
434353
434354
434355
434356
434357
434358
434359
434360
434843
434844
434845
434846
434847
434848
434849
434850
435353
435354
435355
435356
435357
435358
435359
435360
435833
435834
435835
435836
435837
435838
435839
435840
435841
435842
435843
435844
435845
435846
436295
436296
436297
436298
436299
436300
436301
436302
436303
436304
436305
436306
436307
436308
436309
436744
436745
436746
436747
436748
436749
436750
436751
436752
436753
436754
436755
437179
437180
437181
437182
437183
437184
437185
437186
437187
437188
437189
437190
437191
437192
437193
437194
437195
437640
437641
437642
437643
437644
437645
437646
437647
437648
437649
437650
437651
437652
438090
438093
438094
438095
438096
438097
438098
438099
438100
438101
438102
438103
438104
438544
438545
438546
438547
438548
438549
438550
438551
438552
438553
438554
438555
438556
438557
438978
438979
438980
438981
438982
438983
438987
438988
438989
438990
438991
438992
438993
438994
438995
439418
439419
439420
439421
439422
439423
439429
439430
439431
439432
439831
439832
439833
439834
439835
439836
439837
439838
439839
439840
439845
439846
439847
439848
440208
440209
440210
440211
440214
440216
440217
440218
440219
440220
440225
440226
440227
440228
440229
440230
440231
440232
440233
440590
440591
440592
440593
440594
440599
440600
440601
440602
440603
440604
440605
440606
440607
440608
440609
440610
440611
440612
440613
440614
440615
440616
440617
440618
440984
440985
440986
440987
440988
440989
440991
440992
440993
440994
440995
440996
440997
440998
440999
441000
441001
441002
441003
441004
441005
441006
441007
441008
441009
441010
441384
441385
441386
441387
441388
441389
441391
441392
441393
441394
441395
441396
441397
441398
441399
441400
441401
441402
441403
441404
441405
441406
441407
441760
441761
441762
441763
441764
441768
441769
441770
441772
441773
441774
441775
441776
441777
441778
441779
441780
441781
441782
441783
441784
441785
441786
441787
442107
442108
442109
442110
442111
442112
442113
442115
442116
442117
442118
442119
442120
442121
442122
442123
442124
442125
442126
442127
442128
442129
442130
442131
442132
442133
442134
442135
442474
442475
442476
442477
442478
442479
442482
442483
442484
442485
442486
442487
442488
442489
442490
442491
442492
442493
442494
442495
442496
442497
442498
442499
442500
442502
442503
442504
442839
442840
442841
442842
442843
442844
442845
442846
442847
442849
442850
442851
442852
442853
442854
442855
442856
442857
442858
442859
442860
442861
442862
442863
442864
442865
442866
443216
443217
443218
443219
443220
443221
443222
443223
443224
443228
443229
443230
443231
443232
443233
443234
443235
443236
443237
443238
443239
443240
443241
443242
443243
443244
443245
443246
443247
443248
443249
443578
443579
443580
443581
443582
443583
443584
443585
443590
443591
443592
443593
443594
443595
443596
443597
443598
443599
443600
443601
443602
443603
443604
443605
443606
443607
443608
443609
443610
443611
443612
443613
443614
443615
443616
443617
443618
443619
443950
443951
443952
443953
443954
443955
443956
443957
443958
443959
443960
443962
443963
443964
443965
443966
443967
443968
443969
443970
443971
443972
443973
443974
443975
443976
443977
443978
443979
443980
443981
443982
443983
443984
443985
443986
443987
444317
444318
444319
444320
444321
444322
444323
444324
444325
444326
444327
444328
444329
444330
444331
444332
444333
444334
444335
444336
444337
444338
444339
444340
444341
444342
444343
444344
444345
444346
444347
444348
444349
444350
444351
444352
444353
444354
444355
444674
444675
444676
444677
444678
444679
444680
444681
444682
444683
444684
444685
444686
444687
444688
444689
444690
444691
444692
444693
444694
444695
444696
444697
444698
444699
444700
444701
444702
444703
444704
444705
444706
444707
444708
444709
444710
444711
444712
444713
444714
444715
445034
445035
445036
445037
445038
445039
445040
445041
445042
445043
445044
445045
445046
445047
445048
445049
445050
445051
445052
445053
445054
445055
445056
445057
445058
445059
445060
445061
445062
445063
445064
445065
445066
445067
445068
445069
445070
445071
445072
445073
445074
445075
445076
445405
445406
445407
445408
445409
445410
445411
445412
445413
445414
445415
445416
445417
445418
445419
445420
445421
445422
445423
445424
445425
445427
445428
445429
445430
445431
445432
445433
445434
445435
445436
445437
445438
445439
445440
445441
445442
445443
445444
445445
445446
445447
445448
445775
445776
445777
445778
445779
445780
445781
445782
445783
445784
445785
445786
445787
445788
445789
445790
445791
445792
445793
445797
445798
445799
445800
445801
445802
445803
445804
445805
445806
445807
445808
445809
445810
445811
445812
445813
445814
445815
445816
445817
446144
446145
446146
446148
446149
446150
446151
446152
446153
446154
446155
446156
446157
446158
446159
446160
446165
446166
446167
446168
446169
446170
446171
446172
446173
446174
446175
446176
446177
446178
446179
446180
446181
446182
446183
446184
446185
446512
446513
446514
446516
446517
446518
446519
446520
446521
446522
446523
446524
446525
446526
446527
446528
446529
446537
446538
446539
446540
446541
446542
446543
446544
446545
446546
446547
446548
446549
446550
446854
446855
446856
446857
446858
446859
446860
446861
446862
446863
446864
446865
446872
446873
446874
446875
446876
446877
446878
446879
447157
447158
447159
447160
447161
447162
447163
447164
447165
447167
447177
447178
447179
447180
447181
447468
447469
447470
447471
447472
447473
447474
447481
447482
447483
447484
447778
447779
447780
447781
447784
447785
447786
448108
448109
448110
448111
448112
448113
448114
448115
448116
448117
448438
448439
448440
448441
448442
448443
448444
448445
448446
448447
448448
448449
448450
448757
448758
448759
448760
448761
448762
448763
448764
448765
448766
448767
448768
448769
448770
448771
449076
449077
449078
449079
449080
449081
449082
449083
449084
449085
449086
449410
449411
449413
449414
449415
449416
449417
449418
449740
449741
449742
449743
449744
449745
449746
449747
449748
449749
449750
449751
450083
450085
450086
450087
450088
450089
450090
450091
450092
450093
450417
450418
450419
450420
450421
450422
450423
450744
450745
450746
450747
450748
451075
451076
451077
451078
451079
451392
451393
451394
451395
451706
451707
451708