6101
6102
6559
6560
7031
7032
7534
7535
8037
8038
8531
8532
8533
8534
9030
9031
9032
9033
9570
9571
9572
9573
9574
9575
10093
10094
10095
10096
10097
10098
10099
10100
10101
10102
10103
10104
10105
10647
10648
10649
10650
10651
10652
10653
10654
10655
10656
10657
10658
10659
10660
11186
11187
11188
11189
11190
11191
11192
11193
11194
11195
11196
11197
11198
11199
11200
11762
11763
11764
11765
11766
11767
11768
11769
11770
11771
11772
11773
11774
12346
12347
12348
12349
12350
12351
12352
12353
12354
12355
12356
12357
12358
12926
12927
12928
12929
12930
12931
12932
12933
12934
12935
12936
12937
13518
13519
13520
13521
13522
13523
13524
13525
13526
13527
13531
13532
14101
14102
14103
14104
14105
14106
14107
14108
14109
14115
14116
14117
14118
14679
14680
14681
14682
14683
14684
14685
14686
14687
14694
14695
14696
14697
14698
14699
15265
15266
15267
15268
15269
15270
15271
15276
15277
15278
15279
15280
15838
15839
15840
15841
15842
15843
15844
15849
15850
15851
15852
15853
15854
16419
16420
16421
16422
16423
16424
16425
16426
16430
16431
16432
16433
16434
16435
16436
16437
16438
16439
16994
16995
16996
16997
16998
16999
17000
17001
17002
17003
17004
17005
17006
17007
17008
17009
17010
17011
17012
17013
17577
17578
17579
17580
17583
17584
17585
17586
17587
17588
17589
17590
17591
17592
17593
17594
17595
17596
17597
17598
18136
18138
18139
18140
18141
18142
18143
18144
18145
18146
18147
18148
18149
18150
18151
18152
18153
18668
18669
18670
18671
18672
18673
18674
18675
18676
18677
18678
18679
18680
18681
18682
18683
18684
18685
18686
19217
19218
19220
19225
19226
19227
19228
19229
19230
19231
19232
19233
19234
19235
19236
19237
19238
19770
19774
19775
19776
19777
19778
19779
19780
19781
19782
19783
19784
19785
19786
19787
20314
20315
20316
20317
20318
20319
20320
20321
20322
20323
20324
20325
20326
20327
20881
20882
20883
20884
20885
20886
20888
20889
20890
20891
20892
20893
20894
20895
21424
21427
21428
21429
21430
21431
21432
21433
21434
21435
21436
21439
21444
21965
21966
21968
21969
21970
21971
21972
21974
21975
21976
21977
21979
21980
21984
22496
22497
22498
22499
22500
22501
22502
22503
22504
22505
22506
22507
22508
22509
23016
23017
23018
23019
23020
23021
23022
23023
23024
23025
23026
23027
23028
23029
23030
23031
23549
23550
23551
23552
23553
23554
23555
23556
23557
23558
23559
23560
23561
24066
24067
24068
24069
24070
24071
24072
24073
24074
24075
24076
24569
24570
24571
24575
24576
25058
25059
25060
25061
25062
25063
25064
25065
25066
25550
25551
25552
25553
25554
25555
25556
25557
25558
25559
26040
26041
26042
26043
26044
26045
26046
26047
26048
26546
26547
26548
26549
26550
26551
26552
26553
27036
27037
27038
27039
27040
27041
27042
27043
27044
27543
27544
27545
27546
27547
27548
27549
27550
28049
28050
28051
28052
28053
28054
28532
28533
28534
28535
28536
28537
29000
29001
29002
29003
29004
29005
29453
29468
29469
29470
29471
29472
29473
29474
29475
29478
29479
29925
29926
29941
29942
29943
29944
29945
29946
29947
29948
29949
29950
29951
29952
29953
29954
30405
30406
30407
30425
30426
30427
30428
30429
30430
30431
30432
30433
30434
30435
30436
30437
30438
30439
30440
30441
30907
30908
30909
30910
30929
30930
30931
30932
30933
30934
30935
30936
30937
30938
30939
30940
30941
30942
30943
31404
31405
31406
31407
31408
31426
31427
31428
31429
31430
31431
31432
31433
31434
31435
31436
31437
31438
31439
31924
31925
31926
31927
31928
31947
31948
31949
31950
31951
31952
31953
31954
31955
31956
31957
31958
31959
31960
31961
31962
31963
31964
31965
31966
32438
32439
32440
32441
32442
32443
32462
32463
32464
32465
32466
32467
32468
32469
32470
32471
32472
32473
32474
32475
32476
32477
32478
32479
32480
32948
32949
32950
32951
32952
32968
32969
32970
32971
32972
32973
32974
32975
32976
32977
32978
32981
32982
32983
32984
32985
33447
33448
33450
33453
33463
33464
33465
33466
33467
33468
33469
33470
33471
33472
33473
33474
33475
33476
33480
33481
33482
33483
33484
33950
33951
33952
33953
33955
33956
33957
33963
33964
33965
33966
33967
33968
33969
33970
33971
33972
33973
33974
33975
33976
33977
33978
33979
33980
33981
33982
34465
34466
34467
34468
34469
34470
34471
34472
34478
34479
34480
34481
34482
34483
34484
34485
34486
34487
34488
34489
34490
34491
34492
34493
34494
34495
34496
34497
34498
34499
34995
34996
34997
34998
34999
35000
35001
35002
35003
35005
35006
35007
35008
35009
35010
35011
35012
35013
35014
35015
35016
35017
35018
35019
35020
35021
35022
35023
35024
35025
35501
35502
35503
35504
35505
35506
35508
35509
35510
35511
35512
35513
35514
35515
35516
35517
35518
35519
35520
35521
35522
35523
35524
35525
35526
35527
35528
35529
35530
35531
35532
35533
35534
35535
36000
36001
36002
36003
36004
36005
36006
36007
36008
36009
36010
36011
36012
36013
36014
36015
36016
36019
36020
36021
36022
36023
36024
36025
36026
36027
36028
36029
36030
36031
36032
36033
36478
36482
36483
36484
36485
36486
36487
36488
36491
36492
36493
36494
36495
36496
36499
36502
36503
36504
36505
36506
36507
36508
36509
36510
36950
36951
36952
36953
36954
36955
36956
36959
36960
36961
36962
36963
36965
36966
36967
36968
36972
36976
36977
36978
36979
36980
36981
36982
37428
37429
37430
37431
37432
37433
37434
37435
37436
37437
37438
37439
37440
37441
37442
37443
37444
37445
37446
37447
37448
37449
37450
37451
37452
37453
37454
37909
37910
37911
37912
37913
37914
37915
37916
37918
37919
37920
37921
37922
37923
37924
37925
37926
37927
37928
37929
37930
38404
38405
38407
38408
38409
38412
38413
38414
38415
38416
38419
38420
38421
38422
38423
38426
38427
38428
38429
38430
38431
38432
38916
38917
38918
38919
38920
38921
38922
38923
38925
38926
38927
38928
38929
38932
38933
38934
38935
38936
38942
38943
38944
38945
38946
38947
39442
39443
39444
39445
39446
39449
39450
39451
39452
39453
39454
39455
39457
39458
39460
39461
39462
39463
39464
39465
39466
39974
39975
39976
39981
39982
39983
39984
39985
39986
39987
39991
39992
39993
39994
40498
40503
40504
40508
40514
40515
40516
40517
40518
40519
41039