358500
359044
359045
359047
359048
359049
359053
359062
359570
359571
359572
359573
359574
359575
359576
359577
359578
359580
359582
359588
359589
359590
359591
360105
360106
360107
360108
360109
360110
360111
360112
360113
360114
360115
360116
360117
360118
360122
360124
360125
360126
360127
360617
360618
360619
360620
360622
360623
360624
360625
360626
360627
360628
360629
360630
360632
360633
360634
360635
360636
360637
360638
360639
361117
361118
361120
361121
361122
361123
361124
361125
361126
361127
361128
361129
361130
361131
361132
361133
361134
361135
361136
361137
361138
361139
361628
361629
361630
361631
361632
361633
361634
361635
361636
361637
361638
361639
361640
361641
361642
361643
361644
361645
361646
361647
361648
361649
362162
362163
362164
362165
362166
362167
362169
362170
362171
362172
362173
362174
362175
362176
362177
362178
362179
362180
362181
362182
362679
362680
362681
362682
362683
362684
362685
362686
362687
362688
362689
362690
362691
362692
362693
362694
362695
362696
362697
362698
362699
362700
363196
363197
363198
363199
363200
363201
363202
363203
363204
363205
363206
363207
363208
363209
363210
363211
363212
363213
363215
363715
363716
363717
363718
363719
363720
363721
363722
363723
363724
363725
363726
363727
363728
363729
363730
363731
363732
363733
363734
363735
363736
363737
364234
364236
364237
364238
364239
364240
364241
364242
364243
364244
364245
364246
364247
364248
364249
364250
364251
364252
364253
364254
364255
364256
364257
364747
364748
364749
364750
364751
364752
364753
364754
364755
364756
364757
364758
364759
364760
364761
364762
364763
364764
364765
364766
365253
365254
365255
365256
365257
365258
365259
365260
365261
365262
365263
365264
365265
365266
365267
365268
365269
365270
365271
365733
365734
365735
365736
365737
365738
365739
365740
365741
365742
365743
365744
365745
365746
365747
365748
365749
365750
366198
366199
366200
366201
366202
366203
366204
366205
366206
366207
366208
366209
366210
366211
366212
366213
366214
366215
366216
366217
366218
366667
366668
366669
366670
366671
366672
366673
366674
366675
366676
366677
366678
366679
366680
366681
366682
366683
366684
366685
366686
366687
366688
366689
366690
367158
367159
367160
367161
367162
367163
367164
367165
367166
367167
367168
367169
367170
367171
367172
367173
367174
367175
367176
367177
367178
367179
367180
367181
367680
367681
367682
367683
367684
367685
367686
367687
367688
367689
367690
367691
367692
367693
367694
367695
367696
367697
367698
367699
367700
367701
368181
368182
368184
368185
368186
368187
368188
368189
368190
368191
368192
368193
368194
368195
368196
368197
368198
368199
368200
368201
368224
368225
368689
368690
368691
368692
368694
368695
368696
368697
368698
368699
368700
368701
368702
368703
368704
368705
368728
369188
369189
369190
369193
369194
369195
369196
369197
369198
369199
369200
369201
369202
369203
369204
369205
369206
369207
369225
369226
369227
369229
369230
369231
369232
369654
369655
369656
369657
369658
369659
369660
369661
369662
369663
369664
369665
369666
369667
369668
369669
369670
369671
369672
369673
369674
369675
369676
369677
369678
369698
369699
369700
369701
369702
369703
369704
369705
369706
370131
370132
370133
370134
370135
370136
370137
370138
370139
370140
370141
370142
370143
370144
370145
370146
370147
370148
370149
370150
370151
370152
370153
370154
370171
370172
370173
370174
370175
370176
370177
370178
370179
370180
370181
370622
370623
370624
370625
370626
370627
370628
370629
370630
370631
370632
370633
370634
370635
370636
370637
370638
370639
370640
370641
370642
370643
370656
370657
370658
370659
370660
370661
370662
370664
370665
370666
370667
370668
371124
371125
371126
371127
371128
371129
371130
371131
371132
371133
371134
371135
371136
371137
371138
371139
371140
371141
371142
371143
371144
371145
371155
371156
371157
371158
371159
371160
371164
371165
371634
371635
371636
371637
371638
371639
371640
371641
371642
371643
371644
371645
371646
371647
371648
371649
371650
371651
371652
371653
371654
371655
371656
371662
371663
371664
371665
371666
371669
371670
371671
372147
372148
372149
372150
372151
372152
372153
372154
372155
372156
372157
372158
372159
372160
372161
372162
372163
372164
372165
372166
372167
372168
372169
372175
372176
372177
372178
372179
372652
372653
372654
372655
372656
372657
372658
372659
372660
372661
372662
372663
372664
372665
372666
372667
372668
372669
372670
372671
372672
372673
372674
372680
372682
372683
372684
372685
373164
373165
373166
373167
373168
373169
373170
373171
373172
373173
373174
373175
373176
373177
373178
373179
373180
373181
373182
373183
373193
373194
373198
373199
373200
373201
373707
373708
373709
373710
373711
373712
373713
373714
373715
373716
373717
373718
373719
373720
373730
373731
373732
373736
373737
373738
373739
373740
374260
374261
374262
374263
374264
374265
374266
374267
374268
374269
374270
374271
374272
374273
374274
374275
374276
374277
374285
374286
374287
374288
374292
374293
374294
374295
374296
374842
374843
374844
374845
374846
374847
374848
374849
374850
374851
374852
374853
374854
374855
374856
374857
374858
374859
374868
374869
374871
374875
374876
374877
375419
375420
375421
375422
375423
375424
375425
375426
375427
375428
375429
375430
375431
375432
375433
375434
375442
375444
375445
375447
375448
375449
375450
375451
375452
375453
375454
375455
375456
375457
375458
376008
376009
376010
376011
376012
376013
376014
376015
376016
376017
376018
376019
376020
376021
376022
376023
376024
376025
376026
376027
376028
376035
376036
376037
376038
376040
376041
376042
376043
376049
376050
376617
376618
376619
376620
376621
376622
376623
376624
376625
376626
376627
376628
376629
376632
376633
376634
376635
376640
376641
376642
376643
376644
376645
376646
376647
376648
376649
376650
376651
377212
377213
377214
377215
377216
377217
377218
377219
377220
377221
377222
377223
377224
377225
377228
377229
377230
377231
377232
377233
377236
377237
377238
377239
377240
377241
377242
377243
377244
377245
377246
377247
377789
377790
377791
377792
377793
377794
377795
377796
377797
377798
377799
377800
377804
377805
377810
377811
377812
377813
377814
377815
377816
377817
377818
377819
377820
377821
377822
377823
377824
377825
378346
378347
378348
378349
378350
378351
378352
378353
378354
378355
378356
378361
378362
378363
378364
378365
378366
378367
378368
378369
378370
378372
378373
378374
378375
378376
378377
378378
378379
378380
378890
378891
378892
378893
378894
378895
378896
378897
378898
378903
378905
378906
378907
378908
378909
378910
378911
378912
378913
379440
379441
379442
379443
379444
379445
379446
379447
379448
379455
379457
379458
379459
379460
379461
379462
379463
379464
379465
380014
380015
380016
380028
380029
380030
380031
380032
380033
380034
380035
380036
380037
380594
380595
380596
380597
380611
380612
380613
380614
380615
380616
381163
381164
381165
381183
381184
381185
381186
381187
381188
381756
381757