351546
352105
352106
352663
352665
352666
353196
353197
353198
353199
353217
353218
353220
353221
353222
353783
353784
353785
353786
353787
353788
353789
353790
353791
353802
353803
353804
353805
353808
353809
354357
354358
354359
354360
354361
354362
354363
354364
354365
354376
354377
354378
354379
354380
354381
354385
354386
354387
354949
354950
354951
354952
354953
354954
354955
354956
354969
354970
354971
354973
354974
354975
354976
354977
354978
354979
355549
355550
355551
355552
355553
355554
355555
355565
355566
355567
355568
355569
355570
355571
355572
355573
355574
355575
356133
356134
356135
356136
356137
356138
356139
356140
356144
356145
356150
356151
356152
356153
356154
356155
356156
356157
356710
356711
356712
356713
356714
356715
356716
356717
356718
356719
356720
356723
356724
356728
356729
356730
356731
356732
356733
356734
356735
356736
357264
357265
357266
357267
357268
357269
357270
357271
357272
357273
357274
357275
357276
357277
357281
357282
357283
357284
357285
357286
357287
357288
357289
357818
357819
357830
357831
357832
357833
357834
357835
357836
357837
357838
357839
357840
357841
357842
357843
357849
357850
357851
357852
358363
358364
358365
358371
358372
358373
358374
358375
358376
358377
358378
358379
358380
358381
358382
358383
358384
358385
358386
358387
358388
358389
358390
358391
358392
358393
358394
358903
358904
358905
358906
358907
358908
358909
358910
358912
358913
358915
358916
358917
358919
358920
358921
358922
358923
358924
358925
358926
358927
358928
358929
358930
358931
358932
358933
358934
358935
358936
358937
358938
359435
359436
359437
359438
359439
359440
359441
359442
359443
359444
359445
359446
359447
359448
359449
359451
359452
359453
359454
359455
359456
359457
359458
359459
359460
359461
359462
359463
359464
359465
359466
359467
359468
359469
359470
359970
359971
359972
359973
359974
359975
359976
359977
359978
359979
359980
359981
359982
359989
359990
359991
359992
359993
359994
359995
359996
359997
359998
359999
360000
360001
360002
360003
360004
360005
360006
360007
360008
360009
360478
360479
360480
360481
360482
360483
360484
360485
360486
360487
360488
360489
360490
360491
360498
360499
360500
360501
360502
360503
360504
360505
360506
360507
360508
360509
360510
360511
360512
360513
360514
360515
360516
360517
360518
360519
360520
360970
360971
360972
360973
360974
360975
360976
360977
360978
360979
360980
360983
360984
360985
360986
360987
360991
360992
360993
360994
360995
360996
360997
360998
360999
361000
361001
361002
361003
361004
361006
361007
361008
361470
361471
361472
361473
361474
361475
361476
361477
361478
361480
361481
361482
361483
361484
361487
361488
361489
361490
361491
361492
361493
361494
361495
361496
361497
361498
361499
361500
361501
361502
361503
361504
361505
361506
361993
361994
361995
361996
361997
361998
361999
362000
362001
362002
362003
362005
362006
362007
362008
362013
362014
362015
362016
362017
362018
362019
362020
362021
362022
362023
362024
362025
362026
362027
362526
362527
362528
362529
362530
362531
362532
362533
362534
362535
362536
362537
362539
362540
362541
362542
362545
362546
362547
362548
362549
362550
362551
362552
362553
362554
362555
362556
362557
362558
362559
362560
363044
363045
363046
363047
363049
363050
363051
363052
363053
363054
363055
363056
363057
363058
363059
363060
363061
363062
363063
363064
363065
363066
363067
363068
363069
363070
363071
363072
363073
363074
363075
363076
363077
363078
363079
363080
363081
363553
363554
363555
363556
363557
363558
363563
363564
363565
363566
363567
363568
363569
363570
363571
363572
363573
363574
363575
363576
363577
363578
363579
363580
363581
363582
363583
363584
363585
363586
363587
363588
363589
363590
363591
363592
364072
364073
364074
364075
364076
364079
364080
364081
364082
364083
364085
364086
364087
364088
364089
364090
364091
364092
364093
364094
364095
364096
364097
364098
364099
364100
364101
364102
364103
364104
364105
364106
364107
364108
364109
364110
364111
364112
364113
364114
364115
364116
364117
364593
364594
364595
364596
364597
364598
364599
364600
364601
364602
364603
364604
364605
364606
364607
364608
364609
364610
364611
364612
364613
364614
364615
364616
364617
364618
364619
364620
364621
364622
364623
364624
364625
364626
364627
364628
364629
364630
365094
365095
365096
365097
365098
365099
365100
365101
365102
365103
365105
365106
365107
365108
365109
365110
365111
365112
365113
365114
365115
365116
365117
365118
365120
365121
365122
365123
365124
365125
365126
365127
365128
365583
365584
365585
365586
365587
365588
365589
365590
365591
365592
365593
365594
365595
365596
365597
365598
365599
365600
365601
365602
365603
365604
365605
365608
365610
365611
365612
365613
365614
366049
366050
366051
366052
366053
366054
366055
366056
366057
366058
366059
366060
366061
366062
366063
366064
366065
366066
366067
366068
366069
366070
366071
366074
366075
366076
366077
366078
366079
366080
366081
366532
366533
366534
366536
366537
366538
366539
366540
366541
366542
366543
366544
366545
366546
366547
366548
366549
366550
366551
366552
366554
366555
366556
366557
367023
367024
367025
367026
367027
367029
367030
367031
367032
367033
367034
367035
367036
367037
367038
367039
367040
367531
367532
367533
367534
367535
367538
367539
367540
367541
367542
367543
367544
367545
367546
367547
367548
367549
367550
367551
367552
368029
368030
368031
368032
368033
368034
368035
368036
368037
368038
368039
368040
368041
368042
368043
368044
368045
368046
368047
368536
368537
368538
368539
368542
368543
368544
368545
368546
368547
368548
368549
368550
368551
368552
368553
369036
369037
369038
369039
369040
369041
369042
369044
369045
369046
369048
369049
369050
369051
369052
369053
369054
369514
369515
369516
369517
369518
369519
369520
369521
369523
369524
369529
369530
369531
369532
369533
369991
369992
369993
369994
369995
369996
369997
369998
369999
370000
370001
370002
370008
370009
370010
370011
370484
370485
370486
370487
370488
370489
370490
370491
370492
370493
370497
370498
370499
370990
370991
370992
370993
370994
370995
370996
370997
371001
371002
371500
371501
371502
371503
371504
371505
371506
371507
371508
371509
371511
371512
371513
372009
372010
372011
372012
372015
372016
372017
372018
372019
372020
372021
372022
372023
372024
372025
372026
372027
372028
372029
372030
372031
372519
372520
372521
372522
372525
372526
372527
372528
372529
372530
372531
372532
373035
373036
373037
373038
373041
373042
373043
373044
373045
373570
373571
373572
373573
373574
373575
373581
373582
373583
373584
373585
374110
374111
374112
374114
374115
374126
374127
374128
374130
374131
374683
374684
374685
374686
374687
374688
374699
374700
374703
375255
375256
375257
375258
375259
375260
375261
375262
375263
375264
375851
375852
375853
375854
375855
375856
375857
375858
376456
376457
376458
376459
376460
376461
376462
376463
376464
376465
377060
377061
377062
377063
377064
377655
377656
377657
377658
378206
378207