342690
343252
343824
343825
343826
343827
343828
344373
344374
344375
344376
344377
344378
344379
344380
344381
344382
344383
344384
344385
344386
344901
344902
344903
344904
344905
344906
344907
344908
344909
344910
344911
344912
344913
344914
344915
345449
345450
345451
345452
345453
345454
345455
345456
345457
345458
345459
345460
345464
345465
345466
345467
345468
345469
345470
345471
345472
345473
345474
345475
345476
345477
345995
345996
345997
345998
345999
346000
346001
346002
346003
346004
346005
346009
346010
346011
346012
346013
346014
346015
346016
346017
346018
346019
346020
346021
346022
346534
346535
346536
346537
346538
346539
346540
346541
346542
346543
346544
346545
346548
346549
346550
346551
346552
346553
346554
346555
346556
346557
346558
346559
346560
346561
346562
346563
346564
346565
347082
347083
347084
347085
347086
347087
347088
347089
347090
347091
347092
347093
347094
347095
347096
347097
347098
347099
347100
347101
347102
347103
347104
347105
347106
347107
347108
347109
347110
347112
347641
347642
347643
347644
347645
347646
347647
347648
347649
347650
347651
347652
347653
347654
347655
347656
347657
347658
347659
347660
347661
347662
347663
347664
347665
347666
347667
347668
347669
347670
347671
347672
347673
347674
347675
347676
347677
347678
347679
348224
348225
348226
348227
348228
348229
348230
348231
348232
348233
348234
348235
348236
348237
348238
348239
348240
348241
348242
348243
348244
348245
348246
348247
348248
348249
348250
348251
348252
348253
348254
348255
348256
348257
348258
348259
348260
348261
348809
348810
348811
348812
348813
348814
348815
348816
348817
348818
348819
348820
348821
348822
348823
348824
348825
348826
348827
348828
348829
348830
348831
348832
348833
348834
348835
348836
348837
348838
348839
348840
348841
348842
348843
348844
348845
348846
349423
349424
349425
349426
349427
349428
349429
349430
349431
349432
349433
349434
349435
349436
349437
349438
349439
349440
349441
349442
349443
349444
349445
349446
349447
349448
349449
349450
349451
349452
349453
349454
349455
349456
349457
349458
349459
349460
349461
349462
350019
350020
350021
350022
350023
350024
350025
350026
350027
350028
350029
350030
350031
350032
350033
350034
350035
350036
350037
350038
350039
350040
350041
350042
350043
350044
350045
350046
350047
350048
350049
350050
350051
350052
350053
350054
350055
350056
350057
350058
350059
350060
350061
350062
350063
350605
350606
350607
350608
350609
350610
350611
350612
350613
350614
350615
350616
350617
350618
350619
350620
350621
350622
350623
350624
350625
350626
350627
350628
350629
350630
350631
350632
350633
350634
350635
350636
350637
350638
350639
350640
350641
350642
350643
351173
351174
351175
351176
351177
351178
351179
351180
351181
351182
351183
351184
351185
351186
351187
351188
351189
351190
351191
351192
351193
351194
351195
351196
351197
351198
351199
351200
351201
351202
351203
351204
351205
351206
351207
351208
351209
351210
351211
351740
351741
351742
351743
351744
351745
351746
351747
351748
351749
351750
351751
351752
351753
351754
351755
351756
351757
351758
351759
351760
351761
351762
351763
351764
351765
351766
351767
351768
351769
351770
351771
351772
351773
351774
351775
352295
352296
352297
352298
352299
352300
352301
352302
352303
352304
352305
352306
352307
352308
352309
352310
352311
352312
352313
352314
352315
352316
352317
352318
352319
352320
352321
352322
352323
352324
352325
352326
352327
352329
352330
352857
352858
352859
352860
352861
352862
352863
352864
352865
352866
352867
352868
352869
352870
352871
352872
352873
352874
352875
352876
352877
352878
352879
352880
352881
352882
352883
352884
352885
352886
352887
352888
352889
352890
352893
352894
352895
352896
352897
353436
353437
353438
353439
353440
353441
353442
353443
353444
353445
353446
353447
353448
353449
353450
353451
353452
353453
353454
353455
353456
353457
353458
353459
353460
353461
353462
353463
353464
353465
353466
353467
353468
353469
353470
353471
353472
353473
353474
353475
353476
353477
354013
354014
354015
354017
354018
354019
354020
354021
354022
354023
354024
354025
354026
354027
354028
354029
354030
354031
354032
354033
354034
354035
354036
354037
354038
354039
354040
354041
354042
354043
354044
354045
354046
354047
354048
354602
354603
354604
354605
354606
354607
354608
354609
354610
354611
354612
354613
354618
354619
354620
354621
354622
354623
354624
354625
354626
354627
354628
354629
354630
354631
354632
354633
354634
354635
354636
355221
355222
355223
355224
355225
355226
355227
355228
355229
355230
355231
355232
355233
355235
355236
355237
355238
355239
355240
355241
355242
355243
355244
355245
355246
355247
355248
355249
355250
355251
355252
355253
355807
355808
355810
355811
355812
355813
355814
355815
355816
355817
355818
355826
355827
355828
355829
355830
355831
355832
355833
355834
355835
355838
355839
355840
355841
355842
355843
355844
355845
355846
356374
356375
356380
356381
356382
356383
356384
356385
356386
356387
356388
356403
356404
356405
356406
356407
356408
356409
356410
356411
356414
356415
356416
356417
356418
356419
356420
356421
356422
356423
356424
356949
356950
356951
356955
356956
356958
356959
356960
356961
356962
356963
356972
356973
356974
356975
356976
356977
356980
356981
356982
356983
356984
356985
356986
356987
356988
356989
357499
357500
357501
357509
357510
357511
357512
357513
357529
357530
357531
357532
357533
357534
357538
357539
357540
357542
357543
357544
357545
358057
358058
358059
358060
358066
358067
358068
358088
358089
358090
358091
358092
358093
358096
358097
358098
358100
358101
358102
358103
358104
358607
358608
358609
358610
358633
358634
358635
358636
358637
358638
358639
358640
358641
358642
358643
358644
358645
358646
359141
359142
359143
359144
359145
359146
359152
359153
359154
359171
359172
359173
359174
359175
359176
359177
359178
359179
359180
359181
359182
359672
359673
359674
359675
359676
359681
359682
359683
359701
359702
359703
359704
359705
359706
359707
359708
359709
359710
359711
359712
359713
359714
360201
360202
360203
360204
360205
360206
360207
360208
360210
360211
360227
360228
360229
360230
360231
360232
360233
360234
360235
360236
360237
360238
360239
360240
360241
360698
360699
360700
360701
360702
360703
360704
360705
360706
360707
360708
360723
360724
360725
360726
360727
360728
360729
360730
360731
360732
360733
360734
360735
360736
360737
360738
361202
361204
361205
361206
361207
361208
361222
361223
361224
361225
361226
361227
361228
361229
361230
361231
361232
361724
361725
361726
361727
361728
361729
361748
361749
361750
361751
361752
361753
361754
361755
361756
361757
361758
361759
361760
361761
362262
362263
362264
362265
362285
362286
362287
362288
362289
362290
362291
362292
362293
362294
362295
362785
362786
362810
362811
362812
362813
362814
362815
362816
362817
362818
362819
363312
363313
363317
363318
363319
363320
363834
363835
363836
363837
363838
363839
363840
363842
364348
364349
364350
364864