377328
377329
377330
377892
377893
377894
377895
377896
378445
378446
378447
378449
378451
378452
378983
378984
378985
378986
378987
378990
378991
379537
379538
379545
379546
379547
379548
379549
379550
379551
379552
379553
380107
380108
380109
380110
380111
380117
380118
380119
380120
380121
380122
380123
380124
380688
380689
380690
380691
380692
380693
380700
380701
380702
380703
380704
380705
380706
381262
381263
381264
381265
381266
381276
381277
381278
381279
381280
381281
381828
381829
381830
381831
381840
381841
381842
381843
381844
381845
381846
382383
382384
382385
382386
382387
382388
382389
382390
382393
382394
382395
382396
382397
382398
382399
382400
382933
382934
382935
382936
382937
382938
382939
382940
382942
382943
382944
382945
382946
382947
383496
383497
383498
383499
383500
383501
383502
383503
383504
383505
383506
383507
383508
383509
383510
383511
383512
383513
383514
384077
384078
384079
384080
384084
384085
384086
384087
384088
384089
384090
384091
384092
384093
384094
384095
384096
384097
384098
384099
384104
384105
384653
384654
384658
384659
384660
384661
384662
384663
384664
384665
384666
384667
384668
384669
384670
384671
384675
384676
384677
384678
384679
385216
385217
385218
385219
385220
385221
385222
385223
385224
385225
385226
385227
385228
385231
385232
385233
385234
385235
385765
385766
385767
385768
385769
385770
385771
385772
385773
385774
385775
385776
385777
385778
385779
385780
385781
385782
385783
385784
385785
385786
385787
385792
385794
385795
386322
386324
386325
386326
386327
386329
386330
386331
386333
386334
386335
386336
386337
386338
386339
386340
386341
386342
386343
386344
386345
386346
386347
386348
386349
386350
386351
386874
386875
386881
386882
386883
386884
386885
386886
386887
386888
386889
386890
386891
386892
386893
386894
386895
386896
386897
387414
387415
387416
387420
387421
387422
387423
387424
387425
387426
387427
387428
387429
387430
387431
387432
387433
387434
387435
387436
387437
387438
387439
387440
387441
387981
387987
387988
387989
387990
387991
387992
387993
387995
387996
387997
387998
387999
388000
388001
388002
388003
388004
388005
388006
388007
388008
388009
388549
388550
388551
388552
388553
388554
388555
388556
388557
388558
388559
388560
388561
388562
388563
388564
388565
388566
388567
388568
388569
388570
388571
388572
389098
389099
389100
389101
389102
389103
389104
389105
389106
389107
389108
389109
389110
389111
389112
389113
389114
389115
389116
389117
389118
389119
389641
389642
389643
389644
389645
389646
389647
389648
389649
389650
389651
389652
389653
389654
389655
389656
389657
389658
389659
389660
389661
389662
389663
390186
390187
390188
390189
390190
390191
390192
390193
390194
390195
390196
390197
390198
390199
390200
390201
390202
390203
390204
390205
390206
390207
390208
390209
390746
390747
390748
390749
390750
390751
390752
390753
390754
390755
390756
390757
390758
390759
390760
390761
390762
390763
390764
390765
390766
390767
390768
390769
390770
390771
390772
390773
390774
391295
391296
391297
391298
391299
391300
391301
391302
391303
391304
391305
391306
391307
391308
391309
391310
391311
391312
391313
391314
391315
391316
391317
391318
391319
391320
391321
391322
391323
391324
391325
391326
391856
391857
391858
391859
391860
391861
391862
391863
391864
391865
391866
391867
391868
391869
391870
391871
391872
391873
391874
391875
391876
391877
391878
391879
391880
391881
391882
391883
391884
391885
391886
391887
392405
392406
392407
392408
392409
392410
392411
392412
392413
392414
392415
392416
392417
392418
392419
392420
392421
392422
392423
392424
392425
392426
392427
392428
392429
392430
392431
392432
392433
392434
392435
392436
392437
392438
392439
392440
392942
392943
392944
392945
392946
392947
392950
392951
392952
392953
392954
392955
392956
392957
392958
392959
392960
392961
392962
392963
392964
392965
392966
392967
392968
392969
392970
392971
392972
392973
392974
392975
392976
392977
393476
393477
393478
393479
393480
393481
393482
393485
393487
393488
393489
393490
393491
393492
393493
393494
393495
393496
393497
393498
393499
393500
393501
393502
393503
393504
393505
393506
393507
393508
394010
394011
394012
394013
394014
394015
394023
394024
394025
394027
394028
394029
394030
394031
394032
394033
394034
394035
394036
394037
394038
394039
394040
394041
394042
394043
394044
394529
394530
394531
394532
394533
394534
394535
394541
394542
394543
394544
394545
394546
394549
394550
394551
394552
394553
394554
394555
394556
394557
394558
394559
394560
394561
394562
394563
394564
394565
395059
395060
395061
395062
395063
395064
395065
395066
395071
395072
395073
395074
395075
395077
395078
395079
395080
395081
395082
395083
395084
395085
395086
395087
395088
395089
395090
395091
395092
395093
395607
395608
395609
395612
395613
395614
395615
395616
395617
395623
395624
395625
395626
395627
395628
395629
395630
395631
395632
395633
395634
395635
395636
395637
396163
396164
396165
396166
396167
396168
396169
396171
396172
396173
396184
396185
396186
396187
396188
396189
396190
396191
396192
396193
396194
396195
396196
396197
396695
396696
396698
396703
396704
396705
396706
396707
396708
396709
396710
396711
396712
396721
396722
396723
396724
396725
396726
396727
396728
396729
396730
396731
396732
396733
396734
396735
396736
397217
397218
397219
397220
397221
397222
397226
397227
397228
397229
397230
397231
397232
397233
397234
397235
397236
397247
397248
397249
397250
397251
397252
397253
397254
397255
397256
397257
397258
397259
397734
397735
397737
397738
397739
397740
397743
397744
397745
397746
397747
397748
397749
397750
397751
397752
397766
397770
397771
397772
397773
397774
397775
397776
397777
397778
397779
397780
397781
398279
398280
398281
398283
398284
398285
398286
398288
398289
398290
398291
398292
398293
398294
398295
398296
398308
398309
398310
398311
398312
398313
398315
398316
398317
398318
398838
398839
398840
398841
398842
398843
398844
398845
398846
398847
398848
398849
398850
398851
398852
398853
398854
398855
398856
398875
398876
398877
398878
398879
399387
399388
399389
399390
399391
399392
399393
399394
399395
399396
399397
399398
399399
399400
399401
399402
399403
399404
399405
399429
399430
399431
399918
399919
399920
399921
399922
399923
399924
399925
399926
399927
399928
399929
399956
399957
399958
400413
400414
400415
400416
400417
400418
400419
400420
400421
400422
400423
400449
400450
400451
400452
400453
400454
400455
400456
400909
400910
400911
400914
400915
400916
400917
400942
400943
400944
400945
400946
400947
400948
401417
401418
401419
401420
401422
401449
401450
401451
401453
401911
401912
401913
401914
401940
401941
401942
402414
402415
402416
402417
402418
402448
402919
402920
402921
402922
402923
402924
402925
402926
402927
402928
402929
403402
403403
403404
403405
403406
403407
403409
403410
403411
403881
403882
403884
403885
403886
403887
403888
403889
403890
404350
404351
404352
404353
404354
404357
404810
404811
404812
404815