143305
143306
143851
143852
143853
143854
143855
143856
143857
144374
144375
144376
144377
144378
144921
144922
144923
144924
144925
144926
144927
144928
144929
144930
145479
145480
145481
145482
145483
145484
145485
145486
145487
145488
145489
146044
146045
146046
146047
146048
146049
146050
146051
146052
146608
146609
146610
146611
146612
146613
146614
146615
147154
147155
147156
147157
147158
147159
147160
147161
147162
147163
147709
147710
147711
147712
147713
147714
147715
147716
147717
147718
148241
148242
148243
148244
148245
148246
148247
148248
148249
148791
148792
148793
148794
148795
148796
148797
148798
148799
148800
148801
149324
149325
149326
149327
149328
149329
149330
149331
149332
149850
149851
149852
149853
149854
149855
149856
149857
149858
149859
149860
150385
150386
150387
150388
150389
150390
150391
150392
150393
150394
150400
150917
150918
150919
150920
150921
150922
150926
150927
150929
150930
151456
151457
151458
151459
151460
151471
151472
152016
152017
152018
152019
152020
152030
152031
152032
152033
152579
152592
152593
153116
153126
153127
153643
153644
153645
153655
153656
154164
154165
154166
154177
154178
154179
154673
154674
154675
154676
154677
154687
154688
155161
155162
155163
155164
155165
155166
155167
155176
155635
155636
155637
155638
155639
155640
155641
155642
155652
155653
156097
156098
156101
156102
156103
156104
156105
156106
156113
156114
156115
156116
156568
156571
156572
156573
156574
156575
156576
156577
156578
156579
156587
156588
156589
156590
157052
157053
157054
157055
157056
157057
157061
157062
157063
157064
157065
157066
157075
157076
157077
157078
157079
157080
157536
157537
157538
157539
157540
157541
157542
157543
157544
157545
157546
157547
157548
157558
157559
157562
157563
158016
158017
158018
158019
158020
158021
158022
158023
158024
158025
158026
158027
158035
158036
158039
158508
158509
158510
158511
158512
158513
158514
158515
158516
158517
158518
158519
158520
158524
158525
158526
158527
158528
158529
158975
158976
158977
158978
158979
158980
158981
158982
158983
158984
158985
158986
158987
158988
158991
158992
158993
158994
158995
158996
159416
159417
159418
159419
159420
159421
159422
159423
159424
159425
159426
159427
159428
159430
159431
159432
159433
159434
159435
159849
159850
159851
159852
159853
159854
159855
159856
159857
159858
159859
159860
159861
159862
159863
159864
159865
159866
159867
159868
159869
160281
160282
160283
160284
160285
160286
160287
160288
160289
160290
160291
160292
160293
160294
160295
160296
160297
160298
160299
160300
160711
160712
160713
160714
160715
160716
160717
160718
160719
160720
160721
160722
160723
160724
160725
160726
160727
160728
160729
160730
161149
161150
161151
161152
161153
161154
161155
161156
161157
161158
161159
161160
161161
161162
161163
161164
161165
161166
161167
161603
161604
161605
161606
161607
161608
161609
161610
161611
161612
161613
161614
161615
161616
161617
161618
161619
161620
161621
161622
161623
161624
162083
162084
162085
162086
162087
162088
162089
162090
162091
162092
162093
162094
162095
162096
162097
162098
162099
162100
162101
162102
162103
162104
162105
162106
162107
162108
162571
162572
162573
162574
162575
162576
162577
162578
162579
162580
162581
162582
162583
162584
162585
162586
162587
162588
162589
162590
162591
162592
162593
162594
162595
163031
163032
163033
163034
163035
163036
163037
163038
163039
163040
163041
163042
163043
163044
163045
163046
163047
163048
163049
163050
163051
163052
163053
163469
163470
163471
163472
163473
163474
163475
163476
163477
163478
163479
163480
163481
163482
163483
163484
163485
163486
163487
163488
163489
163490
163491
163917
163918
163919
163920
163921
163922
163923
163924
163925
163926
163927
163928
163929
163930
163931
163932
163933
163934
163935
163936
163937
164357
164358
164359
164360
164361
164362
164363
164364
164365
164366
164367
164368
164369
164370
164371
164372
164373
164374
164375
164376
164377
164378
164379
164847
164848
164849
164850
164851
164852
164853
164854
164855
164856
164857
164858
164859
164860
164861
164862
164863
164864
164865
164866
164867
164868
164869
164870
164871
164872
164873
165324
165325
165326
165327
165328
165329
165330
165331
165332
165333
165334
165335
165336
165337
165338
165339
165340
165341
165342
165343
165344
165345
165346
165347
165348
165349
165350
165351
165799
165800
165801
165802
165803
165804
165805
165806
165807
165808
165809
165810
165811
165812
165813
165814
165815
165816
165817
165818
165819
165820
165821
165822
165823
165824
165825
165826
165827
166285
166286
166287
166288
166289
166290
166291
166292
166293
166294
166295
166296
166297
166298
166299
166300
166301
166302
166303
166304
166305
166306
166307
166308
166309
166310
166311
166312
166771
166772
166773
166774
166775
166776
166777
166778
166779
166780
166781
166782
166783
166784
166785
166786
166787
166788
166789
166790
166791
166792
167257
167258
167259
167260
167261
167262
167263
167264
167265
167266
167267
167268
167269
167270
167271
167272
167273
167274
167275
167276
167277
167278
167770
167771
167772
167773
167774
167775
167776
167777
167778
167779
167780
167781
167782
167783
167784
167785
167786
167787
167789
167790
168290
168291
168292
168293
168294
168295
168296
168297
168298
168299
168300
168301
168302
168303
168304
168305
168306
168307
168308
168309
168310
168801
168802
168803
168804
168805
168806
168807
168808
168809
168810
168811
168812
168813
168814
168815
168816
168817
168818
168819
168820
168821
168822
168823
169310
169311
169312
169313
169314
169315
169316
169317
169318
169319
169320
169321
169322
169323
169324
169325
169326
169327
169328
169329
169828
169829
169830
169831
169832
169833
169834
169835
169836
169837
169838
169839
170350
170351
170352
170353
170354
170355
170356
170357
170358
170359
170360
170361
170362
170363
170364
170365
170366
170367
170368
170897
170898
170899
170900
170901
170902
170903
170904
170905
170906
170907
170908
170909
170910
170911
170912
170913
170914
170915
171431
171432
171433
171434
171435
171436
171437
171438
171439
171440
171441
171442
171968
171969
171970
171971
171972
171973
171974
171975
171976
171977
171978
171979
172483
172484
172485
172486
172487
172488
172489
172490
172491
172993
172994
172995
172996
172997
172998
173517
173518
173519
173520
173521
173522
174049
174050
174051
174052
174053
174054
174055
174598
174599
174600
174601
174602
174603
174604
174605
175140
175141
175142
175143
175144
175145
175146
175147
175148
175149
175669
175670
175671
175672
175673
175675
175676
175677
175678
175679
175680
176253
176254
176255
176256
176257
176863
176864
176865
176866
176867
176868
177508
177510
177511
177512
177513
177514
177515
177516
178159
178160
178161
178162
178163
178807
178808
178809
178810
178811
178812
178813
178814
179460
179461
179462
179463
179464
179465
180098
180100
180101
180756
181419
181420
181421
181422
182084
182085
182086
182087
182088
182727
182728
182729
182730
182731
183362
183363
183364
183949
183950