161681
162163
162164
162165
162167
162178
162643
162644
162645
162646
162647
162656
162657
163090
163091
163092
163093
163094
163100
163101
163105
163109
163110
163111
163521
163522
163523
163524
163525
163526
163527
163528
163529
163530
163531
163532
163533
163534
163535
163536
163537
163538
163539
163540
163545
163546
163547
163548
163549
163550
163551
163965
163966
163967
163968
163969
163970
163971
163972
163973
163974
163975
163976
163977
163978
163979
163980
163981
163982
163983
163987
163988
163989
163990
163991
164413
164414
164415
164416
164417
164418
164419
164420
164421
164422
164423
164424
164425
164426
164427
164428
164429
164430
164431
164432
164433
164434
164435
164436
164437
164438
164439
164440
164441
164907
164908
164909
164911
164912
164913
164914
164915
164916
164917
164918
164919
164920
164921
164922
164923
164924
164925
164926
164927
164928
164929
164930
164931
164932
164933
164934
164935
165387
165392
165393
165394
165395
165396
165397
165398
165400
165401
165402
165403
165404
165405
165406
165407
165408
165409
165410
165411
165412
165413
165414
165866
165867
165868
165869
165870
165871
165872
165873
165874
165875
165876
165877
165878
165879
165880
165881
165882
165883
165884
165885
166347
166348
166349
166350
166351
166352
166353
166355
166356
166357
166358
166359
166360
166361
166362
166363
166364
166365
166366
166367
166368
166828
166829
166830
166831
166832
166833
166834
166835
166836
166837
166838
166839
166840
166841
166842
166843
166844
166845
166846
166847
166848
166849
167317
167318
167319
167320
167321
167322
167323
167324
167325
167326
167327
167328
167329
167330
167331
167332
167333
167334
167335
167336
167337
167338
167825
167826
167827
167828
167829
167830
167831
167832
167833
167834
167835
167836
167837
167838
167839
167840
167841
167842
167843
167845
167846
167847
167848
167857
168352
168354
168355
168356
168357
168358
168359
168360
168361
168362
168363
168364
168365
168366
168367
168368
168369
168370
168371
168374
168375
168385
168386
168865
168866
168867
168868
168869
168870
168871
168872
168873
168874
168875
168876
168877
168878
168879
168880
168881
168882
168883
168884
168899
168900
169376
169377
169378
169379
169380
169381
169382
169383
169384
169385
169386
169387
169388
169389
169390
169391
169392
169393
169394
169395
169396
169406
169407
169408
169409
169411
169412
169413
169414
169893
169894
169895
169896
169897
169898
169899
169900
169901
169902
169903
169904
169905
169906
169907
169908
169909
169910
169911
169912
169913
169924
169925
169926
169927
169928
169929
170422
170423
170424
170425
170426
170427
170428
170429
170430
170431
170432
170433
170434
170435
170436
170437
170438
170439
170440
170441
170442
170443
170449
170450
170451
170452
170453
170454
170455
170456
170972
170973
170974
170975
170976
170977
170978
170979
170980
170981
170982
170983
170984
170985
170986
170987
170988
170989
170990
170995
170996
170997
170998
170999
171000
171001
171002
171003
171004
171502
171504
171505
171506
171507
171508
171509
171510
171511
171512
171513
171514
171515
171516
171517
171518
171524
171525
171526
171527
171528
171529
171530
171531
171532
172030
172031
172032
172033
172034
172035
172036
172039
172040
172041
172042
172043
172044
172045
172046
172047
172048
172049
172050
172054
172055
172056
172057
172058
172059
172060
172061
172538
172539
172540
172541
172542
172543
172544
172545
172548
172549
172550
172551
172552
172553
172554
172555
172556
172557
172558
172559
172560
172561
172562
172563
172564
172565
172566
172567
172568
173044
173046
173047
173048
173049
173055
173056
173057
173058
173059
173060
173061
173062
173063
173064
173065
173066
173067
173068
173069
173070
173071
173565
173566
173567
173568
173569
173575
173576
173577
173578
173579
173580
173581
173582
173583
173584
173585
173586
173587
173588
173589
173590
173591
174089
174090
174091
174098
174099
174100
174101
174102
174103
174104
174105
174106
174107
174108
174109
174110
174111
174112
174113
174114
174115
174643
174644
174645
174646
174647
174648
174649
174650
174651
174652
174653
174654
174655
174656
174657
174658
175181
175182
175183
175184
175185
175186
175187
175188
175189
175712
175713
175714
175715
175716
175717
175718
175719
175720
175721
175722
176296
176297
176298
176299
176300
176301
176302
176303
176304
176305
176306
176307
176308
176309
176907
176908
176909
176910
176911
176912
176913
176914
176915
176916
176917
176918
176919
176920
176921
177556
177557
177558
177559
177560
177561
177562
177563
177564
177565
177566
177567
178210
178211
178212
178213
178214
178215
178216
178217
178218
178857
178858
178859
178860
178861
178862
178863
178864
178865
178866
178867
179512
179513
179514
179515
179516
179517
179518
179519
179520
179521
179522
180149
180150
180151
180152
180153
180155
180157
180158
180806
180807
180808
180811
180813
180814
180815
181480
181481
181482
181483
181484
181485
181486
181488
181489
181490
181491
181492
182149
182150
182151
182152
182153
182154
182155
182156
182157
182158
182159
182160
182161
182162
182163
182164
182165
182166
182790
182791
182792
182795
182796
182797
182798
182799
182800
182801
182802
182803
182805
182806
182807
183416
183423
183425
183426
183427
183428
183429
183430
183431
183432
183433
183434
183435
184001
184002
184003
184010
184011
184012
184013
184015
184016
184017
184018
184019
184020
184021
184022
184023
184024
184599
184600
184601
184602
184613
184614
184615
184616
184617
184618
184619
184620
184621
184622
184623
184624
184625
184626
184627
184628
185225
185226
185227
185228
185229
185230
185241
185242
185243
185244
185245
185246
185247
185248
185249
185250
185251
185252
185253
185254
185255
185256
185257
185873
185874
185875
185876
185877
185878
185879
185880
185890
185891
185892
185893
185894
185895
185896
185897
185898
185899
185900
185901
185902
185903
185904
185905
186518
186519
186520
186521
186522
186523
186524
186525
186526
186529
186530
186535
186536
186537
186539
186540
186541
186542
186543
186544
186545
186546
186547
186548
186549
187151
187152
187153
187155
187156
187157
187158
187159
187160
187161
187162
187163
187164
187165
187166
187167
187168
187169
187170
187171
187172
187173
187174
187175
187176
187177
187178
187179
187764
187765
187766
187767
187768
187769
187770
187771
187772
187773
187774
187775
187776
187778
187779
187780
187781
187782
187783
187784
187785
187786
188373
188374
188375
188377
188378
188379
188380
188381
188382
188383
188384
188385
188386
188388
188391
188392
188393
188394
188395
188396
188397
188978
188981
188982
188983
188984
188985
188986
188987
188988
188989
188990
188991
188992
188997
188998
188999
189000
189001
189002
189003
189585
189586
189587
189588
189589
189590
189591
189592
189593
189594
189595
189596
189597
189598
189599
189600
189601
189606
189607
189608
189609
189610
189611
190172
190173
190174
190175
190177
190178
190179
190180
190181
190182
190183
190184
190190
190191
190192
190193
190756
190757
190758
190759
190760
190761
190762
190768
190769
191318