87991
88512
88513
88514
89041
89042
89043
89044
89045
89050
89051
89547
89548
89549
89550
89551
89552
89555
89556
89557
89558
89559
89560
89561
90075
90076
90077
90078
90079
90080
90081
90082
90083
90084
90085
90086
90087
90088
90611
90612
90613
90614
90615
90616
90617
90618
90619
90620
90621
90622
90623
90624
91160
91161
91162
91163
91164
91165
91166
91167
91168
91169
91170
91171
91172
91173
91174
91175
91731
91732
91733
91734
91735
91736
91737
91738
91739
91740
91741
91742
91743
91744
91745
91746
91747
91748
91749
92298
92299
92300
92301
92302
92303
92304
92305
92306
92307
92308
92309
92310
92311
92312
92313
92314
92315
92874
92875
92876
92877
92878
92879
92880
92881
92882
92883
92884
92885
92886
92887
92888
92889
92890
92891
92892
92893
92894
92895
92896
93474
93475
93476
93477
93478
93479
93480
93481
93482
93483
93484
93485
93486
93487
93488
93489
93490
93491
93492
93493
94103
94104
94105
94106
94107
94108
94109
94110
94111
94112
94113
94114
94115
94116
94117
94711
94712
94713
94714
94715
94716
94717
94718
94719
94720
94721
94722
94723
94724
94725
94726
94727
95342
95343
95344
95345
95346
95347
95348
95349
95350
95351
95352
95353
95354
95355
95356
95996
95997
95998
95999
96000
96001
96002
96003
96004
96005
96006
96007
96008
96009
96642
96643
96644
96645
96646
96647
96648
96649
96650
96651
96652
97292
97293
97294
97295
97296
97297
97298
97299
97300
97301
97302
97904
97905
97906
97907
97908
97909
97910
97911
97912
97913
97914
98506
98507
98508
98509
98510
98511
98512
98513
98514
98515
98516
98517
98518
98519
98520
99121
99122
99123
99124
99125
99126
99127
99128
99129
99130
99131
99132
99133
99134
99763
99764
99765
99766
99767
99768
99769
99770
99771
99772
99773
100415
100416
100417
100418
100419
100420
100421
100422
100423
100424
100425
101082
101083
101084
101085
101086
101087
101088
101089
101090
101091
101092
101093
101094
101095
101096
101097
101098
101099
101759
101760
101761
101762
101763
101764
101765
101766
101767
101768
101769
101770
101771
101772
101773
101774
101775
102406
102407
102408
102409
102410
102411
102412
102413
102414
102415
102416
102417
102418
102419
102420
102421
103032
103033
103034
103035
103036
103037
103038
103039
103040
103041
103042
103043
103044
103045
103046
103047
103048
103647
103648
103649
103650
103651
103652
103653
103654
103655
103656
103657
103658
103659
103660
103661
103664
103665
103666
104272
104273
104274
104275
104276
104277
104278
104279
104280
104281
104282
104283
104284
104285
104286
104287
104288
104289
104290
104291
104908
104909
104910
104911
104912
104913
104914
104915
104916
104917
104918
104919
104920
104921
104922
104923
105523
105524
105525
105526
105527
105528
105529
105530
105531
105532
105533
105534
105535
105536
105537
105538
106131
106132
106133
106134
106135
106136
106137
106138
106139
106140
106141
106142
106143
106144
106145
106146
106147
106148
106149
106744
106745
106746
106747
106748
106749
106750
106751
106752
106753
106754
106755
106756
106757
106758
106759
106760
107346
107347
107348
107349
107350
107351
107352
107353
107354
107355
107356
107357
107358
107359
107360
107361
107362
107952
107953
107954
107955
107956
107957
107958
107959
107960
107961
107962
107963
107964
107965
107966
107967
107968
108573
108574
108575
108576
108577
108578
108579
108580
108581
108582
108583
108584
108585
108586
108587
108588
108589
108590
108591
108592
108593
109206
109207
109208
109213
109214
109215
109216
109217
109218
109219
109220
109221
109222
109223
109224
109225
109226
109227
109228
109229
109834
109835
109836
109837
109838
109839
109840
109843
109844
109845
109846
109847
109848
109849
109850
109851
109852
109853
109854
109855
109856
109857
109858
109859
110464
110465
110466
110467
110468
110469
110472
110473
110474
110475
110476
110477
110478
110479
110480
110481
110482
110483
110484
110485
110486
110487
110488
111104
111105
111107
111108
111109
111110
111111
111112
111113
111114
111115
111116
111117
111118
111119
111120
111121
111122
111123
111124
111125
111126
111127
111128
111731
111734
111735
111736
111737
111738
111739
111740
111741
111742
111743
111744
111745
111746
111747
111748
111749
111750
111751
111752
111753
112314
112317
112318
112319
112320
112321
112322
112323
112324
112325
112326
112327
112328
112329
112330
112331
112332
112333
112334
112335
112336
112337
112338
112339
112340
112341
112917
112918
112919
112920
112921
112922
112923
112924
112925
112926
112927
112928
112929
112930
112931
112932
112933
112934
112935
112936
112937
112938
112939
112940
113506
113507
113508
113509
113510
113511
113512
113513
113514
113515
113516
113517
113518
113519
113520
113521
113522
113523
113524
113525
113526
114072
114073
114074
114075
114076
114077
114078
114079
114080
114081
114082
114083
114084
114085
114086
114087
114088
114089
114090
114091
114092
114093
114616
114623
114624
114625
114626
114627
114628
114629
114630
114631
114632
114633
114634
114635
114636
114637
114638
114639
114640
114644
115170
115171
115172
115173
115175
115176
115177
115178
115179
115180
115181
115182
115183
115184
115185
115186
115187
115188
115189
115195
115720
115721
115722
115723
115724
115725
115726
115727
115728
115729
115730
115731
115732
115733
115734
115735
115736
115737
115738
115739
116280
116281
116282
116283
116284
116285
116286
116287
116288
116289
116290
116291
116292
116293
116294
116295
116296
116297
116298
116299
116300
116301
116831
116832
116833
116834
116835
116836
116837
116838
116839
116840
116841
116842
116843
116844
116845
116846
116847
116848
116849
116850
116851
116852
117387
117388
117389
117390
117391
117392
117393
117394
117395
117396
117397
117398
117399
117400
117401
117402
117403
117404
117405
117406
117407
117408
117409
117410
117411
117412
117413
117414
117415
117924
117925
117926
117927
117928
117929
117930
117931
117932
117933
117934
117935
117936
117937
117938
117939
117940
117941
117942
117943
117944
117945
117946
117947
117948
117949
117950
117951
117952
118465
118466
118467
118468
118469
118470
118471
118472
118473
118474
118475
118476
118478
118479
118480
118481
118482
118483
118484
118485
118486
118487
118488
118489
118490
118491
118492
118997
118998
118999
119000
119001
119002
119005
119006
119007
119008
119009
119010
119011
119012
119013
119014
119015
119016
119017
119018
119541
119542
119543
119544
119545
119546
119547
119550
119551
119552
119553
119554
119555
119557
119558
119559
119560
119561
119562
119563
119564
120095
120096
120100
120101
120102
120104
120106
120107
120108
120109
120110
120111
120112
120646
120647
120648
120649
120652
120653
120654
120655
121186
121189
121190
121191
121192
121193
121194
121195
121707
121708
121709
121710
121711
121712
121713
121714
121715
122234
122235
122236
122237
122238