387103
387104
387655
387656
387657
387658
387664
387665
388219
388220
388221
388226
388227
388228
388771
388772
388779
388780
388781
388788
388789
389309
389310
389318
389320
389321
389330
389331
389332
389333
389855
389856
389857
389865
389866
389867
389868
389878
389879
389880
390399
390400
390401
390402
390403
390405
390406
390407
390408
390409
390410
390411
390420
390421
390422
390423
390424
390425
390426
390427
390956
390957
390958
390959
390960
390961
390962
390963
390964
390965
390966
390967
390968
390977
390978
390979
390980
390981
390982
390983
390984
390985
390986
390987
390988
390989
391499
391500
391501
391502
391503
391504
391505
391506
391507
391508
391509
391510
391511
391512
391513
391514
391515
391516
391517
391518
391519
391524
391525
391526
391527
391528
391529
391530
391531
391532
391533
391534
391535
392054
392055
392056
392057
392058
392059
392060
392061
392062
392063
392064
392065
392066
392067
392068
392069
392070
392071
392072
392073
392074
392075
392076
392077
392078
392079
392080
392081
392083
392084
392085
392086
392087
392088
392089
392090
392091
392092
392093
392094
392095
392110
392112
392608
392609
392610
392611
392612
392613
392614
392615
392616
392617
392618
392619
392620
392621
392622
392623
392624
392625
392626
392627
392628
392629
392630
392631
392632
392633
392634
392635
392636
392637
392638
392639
392640
392641
392642
392643
392644
392645
392646
392647
392648
392649
392650
392662
392663
392664
392665
392666
392667
393137
393138
393139
393140
393141
393142
393143
393144
393145
393146
393147
393148
393149
393150
393151
393152
393153
393154
393155
393156
393157
393158
393159
393160
393161
393162
393163
393164
393165
393166
393167
393168
393169
393170
393171
393172
393173
393176
393177
393193
393194
393195
393197
393198
393664
393665
393666
393667
393668
393669
393670
393671
393672
393673
393674
393675
393676
393677
393678
393679
393680
393681
393682
393683
393684
393685
393686
393687
393688
393689
393690
393691
393692
393693
393694
393695
393696
393697
393698
393699
393700
393701
393702
393703
393704
393705
393706
393707
393708
393710
393711
393712
393722
393726
393727
393728
393729
393730
393731
394208
394209
394210
394211
394212
394213
394214
394215
394216
394217
394218
394219
394220
394221
394222
394223
394224
394225
394226
394227
394228
394229
394230
394231
394232
394233
394234
394235
394236
394237
394238
394239
394240
394241
394242
394243
394244
394245
394246
394247
394248
394249
394250
394251
394252
394253
394254
394255
394256
394257
394263
394264
394265
394266
394267
394271
394272
394273
394274
394731
394732
394733
394734
394735
394736
394737
394738
394739
394740
394741
394742
394743
394744
394745
394746
394747
394748
394749
394750
394751
394752
394753
394754
394755
394756
394757
394758
394759
394760
394761
394762
394763
394764
394765
394766
394767
394768
394771
394772
394773
394774
394775
394781
394782
394783
394784
394785
394786
394787
394788
394789
394790
394791
395266
395267
395268
395269
395270
395271
395272
395273
395274
395275
395276
395277
395278
395279
395280
395282
395283
395284
395285
395286
395287
395288
395289
395290
395291
395292
395295
395296
395297
395298
395299
395300
395301
395304
395305
395306
395314
395315
395316
395317
395321
395812
395813
395814
395815
395816
395817
395818
395819
395820
395821
395822
395823
395824
395825
395826
395827
395828
395829
395830
395831
395832
395833
395834
395835
395836
395837
395838
395839
395843
395844
395846
395851
395852
395860
395861
395862
395863
395864
395865
395866
395867
395870
395871
396369
396370
396371
396372
396376
396377
396378
396379
396380
396381
396382
396383
396384
396385
396389
396396
396397
396398
396399
396407
396408
396409
396410
396411
396412
396413
396414
396415
396416
396895
396896
396897
396901
396902
396903
396904
396905
396907
396908
396909
396910
396911
396912
396913
396914
396916
396917
396918
396923
396925
396932
396933
396934
396935
396936
396937
396938
396939
396940
396941
396942
397419
397420
397421
397422
397423
397424
397425
397426
397427
397428
397429
397430
397431
397432
397437
397438
397439
397446
397447
397449
397450
397451
397452
397453
397454
397455
397456
397947
397948
397949
397950
397951
397952
397953
397954
397955
397956
397957
397958
397959
397960
397961
397962
397963
397964
397965
397966
397973
397974
397978
397979
397980
397981
397982
397983
397984
397985
397986
397987
397988
398494
398495
398496
398497
398498
398499
398500
398501
398502
398503
398504
398505
398506
398507
398508
398509
398510
398511
398512
398513
398514
398515
398516
398517
398518
398519
398524
398530
398531
398532
398533
398534
398535
398536
398537
398538
398539
398540
398541
399064
399065
399066
399067
399068
399069
399070
399071
399072
399073
399074
399075
399076
399077
399078
399079
399080
399081
399082
399083
399084
399085
399086
399087
399088
399089
399090
399093
399094
399095
399102
399103
399104
399105
399106
399107
399108
399109
399603
399604
399605
399606
399607
399608
399609
399610
399611
399612
399613
399614
399615
399616
399617
399618
399620
399622
399626
399636
399637
399638
399639
399640
399641
399642
399643
399644
400129
400130
400131
400132
400133
400134
400135
400137
400138
400141
400142
400143
400144
400145
400146
400147
400148
400149
400157
400158
400159
400160
400161
400162
400163
400164
400618
400619
400620
400621
400622
400623
400632
400634
400635
400636
400637
400638
400639
400643
400644
400645
400646
400647
400648
400649
400650
400651
400652
400653
400654
400655
400656
401104
401105
401106
401107
401110
401111
401112
401125
401126
401127
401128
401129
401130
401131
401132
401133
401134
401135
401136
401138
401139
401140
401141
401143
401144
401145
401146
401147
401148
401149
401150
401151
401152
401153
401154
401155
401613
401614
401615
401616
401617
401618
401633
401634
401635
401636
401637
401641
401642
401644
401645
401646
401647
401649
401650
401651
401652
401653
401654
401655
401656
401657
401658
401659
401660
402107
402108
402109
402110
402129
402130
402131
402132
402133
402139
402140
402141
402142
402143
402144
402145
402146
402149
402150
402151
402152
402153
402154
402155
402156
402157
402158
402159
402160
402621
402622
402623
402624
402625
402639
402640
402648
402649
402650
402651
402652
402653
402654
402655
402656
402658
402659
402660
402661
402662
402663
402664
402665
403117
403118
403130
403139
403140
403141
403142
403143
403144
403145
403146
403147
403148
403149
403150
403151
403152
403153
403154
403155
403156
403600
403601
403614
403615
403616
403617
403618
403619
403620
403621
403622
403623
403624
403625
403626
403627
403628
403629
403630
403631
403632
404094
404095
404096
404097
404098
404099
404100
404101
404102
404103
404104
404105
404106
404107
404108
404109
404110
404111
404562
404563
404564
404565
404566
404567
404568
404569
404570
404571
404572
404573
404574
404575
405026
405027
405028
405029
405030
405031
405032
405033
405034
405035
405478
405479
405480
405481
405482
405483
405484
405485
405944
405945
405947
406401