137414
137415
137416
137417
137980
137981
137982
138572
138573
138574
138575
139170
139171
139172
139173
139174
139778
139779
139780
139781
139782
140386
140387
140388
140389
140390
141000
141001
141002
141003
141015
141016
141017
141573
141580
141582
141583
141595
141596
141597
141602
141603
141604
141605
142138
142139
142140
142141
142146
142147
142148
142149
142153
142154
142155
142156
142157
142158
142159
142160
142161
142162
142163
142164
142165
142166
142698
142699
142700
142701
142706
142707
142709
142713
142714
142715
142716
142717
142718
142719
142720
142721
142722
142723
142724
142725
142727
142728
143256
143257
143258
143259
143262
143263
143265
143266
143267
143268
143269
143270
143271
143272
143273
143274
143275
143276
143277
143278
143279
143280
143281
143282
143283
143284
143808
143809
143810
143812
143813
143814
143819
143820
143821
143822
143823
143824
143826
143827
143828
143829
143830
143831
143832
143833
143834
144323
144324
144325
144326
144327
144328
144329
144330
144331
144332
144333
144334
144335
144339
144340
144341
144342
144343
144344
144345
144346
144347
144348
144349
144350
144351
144352
144353
144354
144355
144356
144869
144870
144871
144872
144873
144874
144875
144876
144877
144878
144879
144880
144882
144887
144889
144890
144894
144895
144896
144899
144900
144901
144902
144903
144904
145430
145431
145432
145433
145434
145435
145436
145437
145438
145439
145440
145441
145442
145448
145449
145450
145453
145454
145455
145460
145461
145462
145463
145996
145997
145999
146000
146001
146002
146003
146004
146005
146006
146007
146008
146009
146010
146014
146015
146016
146017
146018
146019
146020
146025
146026
146027
146028
146557
146558
146559
146561
146562
146563
146564
146565
146566
146568
146569
146570
146571
146572
146573
146576
146577
146578
146579
146580
146581
146582
146589
147099
147100
147101
147102
147103
147104
147105
147106
147107
147108
147112
147113
147114
147121
147122
147123
147124
147125
147126
147127
147647
147648
147649
147650
147651
147652
147653
147654
147655
147656
147669
147670
147671
147672
147673
147674
147675
148176
148177
148178
148179
148180
148181
148194
148196
148197
148198
148199
148200
148734
148735
148748
148749
148750
148751
148752
148753
148754
148755
149257
149258
149259
149260
149261
149274
149275
149276
149277
149278
149279
149792
149793
149794
149795
149810
149811
149812
149813
149814
149815
149816
150332
150333
150334
150335
150336
150337
150349
150350
150351
150352
150353
150354
150860
150861
150866
150867
150868
150869
150870
150879
150880
150881
150882
150883
150884
150885
151404
151405
151406
151408
151409
151410
151418
151419
151420
151421
151422
151423
151424
151425
151426
151427
151428
151430
151431
151970
151971
151972
151973
151975
151977
151979
151985
151986
151987
151988
151989
151990
151991
151992
151993
151994
152535
152536
152537
152538
152539
152542
152543
152544
152545
152546
152550
152551
152552
152553
152554
152555
152556
152557
152558
152559
152560
152561
152562
152563
153069
153070
153071
153072
153073
153074
153076
153077
153078
153079
153080
153084
153085
153086
153087
153088
153089
153090
153091
153092
153093
153094
153095
153096
153097
153098
153099
153100
153101
153102
153604
153605
153606
153607
153608
153609
153610
153611
153612
153613
153614
153615
153616
153617
153618
153619
153620
153621
153622
153623
153624
153625
153626
153627
153628
153629
153630
153631
153632
153633
153634
154121
154122
154123
154124
154125
154126
154127
154128
154129
154130
154131
154132
154133
154134
154135
154136
154137
154138
154139
154140
154141
154142
154143
154144
154145
154146
154147
154148
154149
154150
154151
154152
154153
154154
154155
154156
154634
154635
154636
154637
154638
154639
154640
154641
154642
154643
154644
154645
154646
154647
154648
154649
154650
154651
154652
154653
154654
154655
154656
154657
154658
154659
154660
154661
154662
154663
154664
154665
154666
155124
155125
155126
155127
155128
155129
155130
155131
155132
155133
155134
155135
155136
155137
155138
155139
155140
155141
155142
155143
155144
155145
155146
155147
155148
155149
155150
155151
155152
155153
155154
155155
155156
155600
155601
155602
155603
155604
155605
155606
155607
155608
155609
155610
155611
155612
155613
155614
155615
155616
155617
155618
155619
155620
155621
155622
155623
155624
155625
155626
155627
155628
155629
155630
155631
155632
155633
155634
156058
156059
156060
156061
156062
156063
156064
156065
156066
156067
156068
156069
156070
156071
156072
156073
156074
156075
156076
156077
156078
156079
156080
156081
156082
156083
156084
156085
156086
156088
156089
156090
156091
156092
156093
156094
156095
156096
156529
156530
156531
156532
156533
156534
156535
156536
156537
156538
156539
156540
156541
156542
156543
156544
156545
156546
156547
156548
156549
156550
156551
156552
156553
156554
156555
156556
156557
156558
156559
156560
156561
156562
156563
156564
156565
156566
156567
157012
157013
157014
157015
157016
157017
157018
157019
157020
157021
157022
157023
157024
157025
157026
157027
157028
157029
157030
157031
157032
157033
157034
157035
157036
157037
157038
157039
157040
157041
157042
157043
157044
157045
157046
157047
157048
157049
157050
157051
157504
157505
157506
157507
157508
157509
157510
157511
157512
157513
157514
157515
157516
157517
157518
157519
157520
157521
157522
157523
157524
157525
157526
157527
157528
157529
157530
157535
157984
157985
157986
157987
157988
157989
157990
157991
157992
157993
157994
157995
157996
157997
157998
157999
158000
158001
158002
158003
158004
158005
158006
158007
158008
158009
158010
158011
158012
158476
158477
158478
158479
158480
158481
158482
158483
158484
158485
158486
158487
158488
158489
158490
158491
158492
158493
158494
158495
158496
158497
158498
158499
158500
158501
158502
158503
158504
158505
158506
158507
158944
158945
158946
158947
158948
158949
158950
158951
158952
158953
158954
158955
158956
158957
158958
158959
158960
158961
158962
158963
158964
158965
158966
158967
158968
158969
158970
158971
158972
158973
159386
159387
159388
159389
159390
159391
159392
159393
159394
159395
159396
159397
159398
159399
159400
159401
159402
159403
159404
159405
159406
159407
159408
159409
159411
159817
159818
159819
159820
159821
159822
159823
159824
159825
159826
159827
159828
159829
159830
159831
159832
159833
159834
159835
159836
159837
159838
159840
160252
160253
160254
160255
160256
160257
160258
160259
160260
160261
160262
160263
160264
160265
160266
160267
160268
160269
160270
160271
160678
160679
160680
160681
160682
160683
160684
160685
160686
160687
160688
160689
160690
160691
160692
160693
160694
160695
160696
160697
160698
161119
161120
161121
161124
161125
161126
161127
161128
161129
161130
161131
161132
161133
161134
161135
161136
161137
161138
161573
161574
161581
161582
161583
161584
161585
161586
161587
161588
161589
161590
161591
161592
161593
162061
162062
162063
162064
162065
162066
162067
162068
162069
162070
162071
162553
162554
162555
163015