459511
459810
459811
459812
460108
460109
460110
460417
460418
460424
460425
460722
460723
460724
460725
460726
460727
460731
461027
461029
461030
461031
461032
461033
461036
461037
461336
461337
461339
461340
461341
461342
461343
461344
461345
461346
461347
461348
461349
461657
461658
461659
461660
461661
461662
461663
461664
461665
461667
461668
461983
461984
461985
461986
461987
461993
461994
461995
462305
462306
462307
462308
462309
462313
462315
462316
462317
462618
462619
462621
462622
462623
462624
462628
462629
462630
462631
462632
462633
462940
462941
462942
462943
462944
462946
462947
462948
462949
462950
462951
462952
462953
462954
462955
463258
463260
463261
463262
463265
463266
463267
463268
463590
463591
463592
463593
463598
463599
463600
463601
463904
463905
463906
463907
463908
463915
464230
464232
464233
464234
464240
464241
464574
464576
464577
464581
464582
464924
464925
465250
465251
465252
465253
465254
465255
465256
465567
465568
465569
465570
465571
465572
465573
465574
465575
465576
465592
465906
465907
465908
465909
465910
465911
465912
465913
465914
465915
465934
465935
465936
465937
465938
465939
466247
466248
466249
466250
466251
466252
466253
466254
466255
466256
466257
466269
466270
466271
466272
466273
466274
466275
466276
466277
466576
466577
466578
466579
466580
466581
466582
466583
466584
466585
466597
466598
466599
466600
466601
466602
466603
466908
466909
466911
466912
466913
466914
466915
466916
466917
466927
466928
466929
466930
466931
466932
466933
466934
467242
467243
467244
467245
467246
467247
467248
467249
467250
467251
467252
467255
467256
467257
467258
467259
467260
467261
467556
467557
467558
467559
467560
467561
467562
467563
467564
467565
467566
467567
467568
467569
467570
467571
467572
467573
467574
467575
467576
467577
467578
467579
467882
467883
467884
467885
467886
467887
467888
467889
467890
467891
467892
467893
467894
467895
467896
467897
467898
467899
467900
467901
467902
468190
468191
468192
468193
468194
468195
468196
468197
468198
468199
468200
468201
468202
468203
468204
468205
468206
468207
468208
468209
468210
468211
468212
468213
468214
468215
468216
468217
468218
468489
468490
468491
468492
468493
468494
468495
468496
468497
468498
468499
468500
468501
468502
468503
468504
468505
468506
468507
468508
468509
468510
468511
468512
468513
468794
468795
468796
468797
468798
468799
468800
468801
468802
468803
468804
468805
468806
468807
468808
468809
468810
468811
468812
468813
468814
468815
468816
468817
468818
468819
468820
468821
469092
469093
469094
469095
469096
469097
469098
469099
469100
469101
469102
469103
469104
469105
469106
469107
469108
469109
469110
469111
469112
469113
469114
469115
469116
469386
469387
469388
469389
469390
469391
469392
469393
469394
469395
469396
469397
469398
469399
469400
469401
469402
469403
469404
469405
469406
469407
469408
469409
469410
469411
469672
469673
469674
469675
469676
469677
469678
469679
469680
469681
469682
469683
469684
469685
469686
469687
469688
469689
469690
469691
469692
469693
469694
469695
469696
469697
469698
469699
469700
469701
469702
469703
469704
469705
469706
469707
469952
469953
469954
469955
469956
469957
469958
469959
469960
469961
469962
469963
469964
469965
469966
469967
469968
469969
469970
469971
469972
469973
469974
469975
469976
469977
469978
469979
469980
469981
469982
469983
469984
470214
470215
470216
470217
470218
470219
470220
470221
470222
470223
470224
470225
470226
470227
470228
470229
470230
470231
470232
470233
470234
470235
470236
470237
470238
470239
470240
470241
470458
470459
470460
470461
470462
470463
470464
470465
470466
470467
470468
470469
470470
470471
470472
470473
470474
470475
470476
470477
470478
470479
470480
470481
470482
470483
470484
470485
470486
470487
470713
470714
470715
470716
470717
470718
470719
470720
470721
470722
470723
470724
470725
470726
470727
470728
470729
470730
470731
470732
470733
470734
470735
470736
470737
470738
470739
470740
470993
470994
470995
470996
470997
470998
470999
471000
471001
471002
471003
471004
471005
471006
471007
471008
471009
471010
471011
471012
471013
471014
471273
471274
471275
471276
471277
471278
471279
471280
471281
471282
471283
471284
471285
471286
471287
471288
471289
471553
471554
471555
471556
471557
471558
471559
471560
471561
471562
471563
471564
471565
471566
471567
471818
471819
471820
471821
471822
471823
471824
471825
471826
471827
472087
472088
472089
472090
472091
472092
472093
472094
472095
472096
472097
472098
472099
472100
472101
472378
472379
472380
472381
472382
472383
472384
472385
472386
472387
472388
472389
472390
472391
472392
472393
472394
472395
472396
472397
472398
472681
472682
472683
472684
472685
472686
472687
472688
472689
472690
472691
472692
472693
472694
472695
472696
472697
472698
472699
472700
472701
472702
472703
472704
472980
472981
472982
472983
472984
472985
472986
472987
472988
472989
472990
472991
472992
472993
472994
472995
472996
472997
472998
472999
473000
473001
473002
473282
473283
473284
473285
473286
473287
473288
473289
473290
473291
473292
473293
473294
473295
473296
473297
473298
473299
473300
473301
473302
473303
473304
473305
473306
473307
473308
473585
473586
473587
473588
473589
473590
473591
473592
473593
473594
473595
473596
473597
473598
473599
473600
473601
473602
473603
473604
473605
473606
473607
473608
473609
473610
473611
473612
473613
473614
473914
473915
473916
473917
473918
473919
473920
473921
473922
473923
473924
473925
473926
473927
473928
473929
473930
473931
473932
473933
473935
473936
473937
473938
473939
473940
473941
473942
473943
473944
473945
474239
474240
474241
474242
474243
474244
474245
474246
474247
474248
474249
474250
474251
474252
474253
474254
474255
474256
474257
474261
474262
474263
474264
474265
474266
474268
474269
474270
474557
474558
474559
474560
474561
474562
474563
474564
474565
474566
474567
474568
474569
474570
474571
474572
474573
474574
474575
474576
474577
474578
474579
474580
474581
474582
474583
474584
474585
474586
474587
474588
474880
474881
474882
474883
474884
474885
474887
474889
474890
474891
474892
474893
474894
474895
474896
474897
474898
474899
474900
474901
474902
474903
474904
474905
474906
474907
474908
475207
475208
475209
475210
475211
475212
475218
475219
475220
475221
475222
475223
475224
475225
475226
475227
475228
475229
475230
475231
475232
475233
475234
475235
475236
475554
475555
475556
475557
475564
475565
475566
475567
475568
475569
475570
475571
475572
475573
475574
475575
475576
475577
475578
475883
475884
475885
475893
475894
475895
475896
475897
475898
475899
475900
475901
475902
475903
476219
476220
476221
476230
476231
476232
476233
476234
476235
476236
476237
476238
476239
476240
476241
476242
476564
476565
476566
476575
476576
476577
476578
476579
476583
476584
476585
476586
476587
476928
476929
476936
476937
476938
476939
476940
476941
476944
476945
476946
476947
476948
477286
477287
477297
477298
477299
477300
477304
477305
477306
477672