97957
98562
98563
99168
99169
99170
99809
99810
99811
99812
100464
100465
100466
100467
101138
101139
101140
101141
101142
101812
101813
101814
101815
101816
102456
102457
102458
102459
102460
102461
103084
103085
103086
103087
103088
103690
103691
103692
103693
103694
103695
103696
104318
104319
104320
104321
104322
104323
104939
104940
104941
104942
104943
104944
104945
104946
104947
104948
105562
105563
105564
105565
105566
105567
105568
105569
105570
105571
106173
106174
106175
106176
106177
106178
106179
106180
106784
106785
106786
106787
106788
106789
106790
106791
107381
107382
107383
107384
107385
107386
107982
107983
107984
107985
107986
107987
107988
107989
107990
107991
107992
107993
108601
108602
108603
108604
108605
108606
108607
108608
108609
108610
108611
108612
108613
108614
108615
109234
109235
109236
109237
109238
109239
109240
109241
109242
109243
109244
109245
109246
109247
109248
109249
109250
109864
109865
109866
109867
109868
109869
109870
109871
109872
109873
109874
109875
109876
109877
109878
109879
109880
109881
109882
109883
109885
109886
109887
110490
110491
110492
110493
110494
110495
110496
110497
110498
110499
110500
110501
110502
110503
110504
110505
110506
110507
110508
111129
111130
111131
111132
111133
111134
111135
111136
111137
111138
111139
111140
111142
111143
111146
111147
111148
111149
111150
111152
111754
111756
111757
111758
111759
111768
111770
111771
111772
112343
112344
112345
112346
112347
112348
112349
112350
112351
112352
112353
112357
112358
112361
112941
112942
112943
112944
112945
112946
112947
112948
112949
112950
112957
112958
113533
113534
113535
113536
113537
113538
113539
113540
113541
113542
113550
113551
114102
114103
114104
114105
114106
114107
114108
114109
114110
114111
114112
114119
114120
114121
114655
114657
114658
114659
114660
114661
114662
114663
114664
114665
114666
114667
114668
114669
114670
114674
114675
115210
115211
115212
115213
115214
115215
115216
115217
115218
115219
115220
115221
115222
115223
115224
115225
115226
115233
115761
115762
115763
115764
115765
115766
115767
115768
115769
115770
115771
115772
115773
115781
115782
116323
116324
116325
116326
116327
116328
116329
116330
116331
116341
116342
116870
116871
116875
116876
116877
116878
116879
116880
116881
116882
116892
116893
117435
117442
117443
117444
117445
117446
117447
117448
117449
117458
117459
117460
117461
117462
117973
117974
117975
117983
117984
117985
117986
117987
117989
117990
117991
117992
117993
117995
117998
117999
118001
118002
118003
118004
118005
118006
118007
118516
118517
118518
118519
118520
118525
118526
118527
118528
118529
118530
118531
118532
118533
118534
118535
118536
118537
118538
118539
118540
118541
118542
118543
118544
118545
118546
118547
118548
118549
119044
119045
119046
119047
119048
119049
119054
119055
119056
119057
119058
119059
119060
119061
119062
119063
119064
119065
119066
119067
119068
119069
119070
119071
119072
119073
119074
119075
119076
119077
119078
119079
119592
119593
119594
119600
119601
119602
119603
119604
119605
119606
119607
119608
119609
119610
119611
119612
119613
119614
119615
119616
119617
119618
119619
119620
119621
119622
119623
119624
119625
119626
119627
120147
120148
120149
120150
120151
120152
120153
120154
120155
120156
120157
120158
120159
120160
120161
120162
120163
120164
120165
120166
120167
120168
120169
120686
120687
120688
120690
120691
120692
120693
120694
120695
120696
120697
120698
120699
120700
120701
120702
120703
120704
120705
120706
120707
120708
121228
121229
121230
121231
121232
121233
121234
121235
121236
121237
121238
121239
121240
121747
121748
121749
121750
121751
121752
121753
121754
121755
121756
121757
122266
122267
122268
122269
122270
122271
122272
122273
122274
122275
122276
122808
122809
122810
122811
122812
122813
122814
122815
122816
122817
122818
122819
122820
123355
123358
123359
123360
123361
123362
123363
123364
123365
123366
123367
123368
123369
123370
123371
123372
123373
123374
123375
123376
123377
123928
123929
123933
123934
123935
123936
123937
123938
123939
123940
123941
123942
123943
123944
123945
123946
123947
123948
123949
123950
124489
124490
124491
124492
124493
124494
124495
124496
124497
124498
124499
124500
124501
124502
124503
124504
124505
124506
124507
124508
124509
124510
124511
124512
124513
124514
125038
125039
125040
125041
125042
125043
125044
125045
125046
125047
125048
125049
125050
125051
125052
125053
125054
125055
125056
125057
125058
125059
125060
125061
125062
125063
125590
125591
125592
125593
125594
125595
125596
125597
125598
125599
125600
125601
125602
125603
125604
125605
125606
125607
125608
125609
125610
125611
125612
125613
125614
125615
125616
126138
126139
126140
126141
126142
126143
126144
126145
126146
126147
126148
126149
126150
126151
126152
126153
126154
126155
126156
126157
126158
126159
126160
126161
126162
126163
126693
126694
126695
126696
126697
126698
126699
126700
126701
126702
126703
126704
126705
126706
126707
126708
126710
126711
126712
126713
126714
126715
126716
126717
126718
126719
127244
127245
127246
127247
127248
127249
127250
127251
127252
127253
127254
127255
127256
127258
127259
127260
127262
127263
127266
127267
127268
127269
127770
127771
127772
127774
127775
127776
127777
127778
127779
127780
127781
127782
127783
127788
127789
127790
127792
127793
127794
127795
127796
127797
127798
127799
128293
128294
128295
128296
128297
128298
128299
128300
128301
128302
128303
128304
128307
128308
128309
128310
128311
128312
128313
128314
128315
128316
128317
128785
128786
128787
128788
128789
128790
128791
128792
128793
128794
128799
128800
128801
128802
128803
128804
128805
128806
128807
128808
129286
129287
129288
129289
129290
129291
129292
129293
129294
129295
129298
129303
129304
129305
129306
129307
129308
129309
129310
129311
129313
129314
129795
129796
129797
129798
129801
129802
129803
129804
129811
129812
129813
129814
129815
129816
129817
129818
129819
129820
129821
129822
129823
130307
130308
130309
130313
130314
130315
130316
130317
130322
130323
130324
130325
130326
130327
130328
130329
130330
130331
130332
130837
130838
130839
130840
130841
130842
130843
130844
130845
130846
130847
130848
130849
130850
130851
130852
131348
131349
131350
131351
131352
131353
131354
131355
131356
131357
131358
131359
131360
131361
131362
131363
131863
131864
131865
131866
131867
131868
131869
131870
131871
131872
131873
131874
131875
131876
131877
131878
131879
132376
132378
132379
132380
132381
132382
132383
132384
132385
132386
132388
132389
132390
132391
132392
132393
132906
132907
132908
132910
132911
132912
132913
132914
132918
132919
132920
132921
132922
132923
132924
132925
132926
132927
133464
133465
133466
133467
133468
133469
133470
133471
133476
133477
133478
133479
133480
133481
133482
133483
133484
133485
133486
134038
134039
134040
134041
134042
134043
134049
134050
134051
134052
134053
134054
134055
134638
134639
134640
134641
134642
134643
135242
135243
135244