327168
327169
327693
327694
327695
327696
327697
327698
327700
328223
328225
328227
328228
328229
328722
328723
328724
328727
328728
328729
328730
329204
329205
329206
329207
329208
329209
329210
329211
329212
329665
329666
329667
329668
329669
329670
329671
329672
330116
330117
330118
330119
330120
330122
330123
330124
330125
330126
330571
330572
330573
330574
330575
330576
330577
330578
330579
330580
330581
331044
331045
331046
331047
331048
331049
331050
331051
331052
331512
331513
331514
331515
331517
331518
331519
331520
331521
331523
331524
331990
331991
331992
331993
331994
331995
331996
331997
331998
332000
332001
332002
332003
332469
332470
332471
332472
332473
332474
332475
332476
332477
332954
332955
332956
332957
332958
332959
333443
333444
333445
333446
333447
333448
333449
333450
333895
333896
333897
333898
333899
333900
333901
333902
333903
334350
334351
334352
334353
334354
334355
334356
334357
334358
334815
334816
334817
334818
334819
335273
335274
335275
335276
335277
335278
335730
335731
335732
335733
335734
335735
335736
335737
335738
335739
335740
335741
336184
336185
336186
336187
336188
336189
336190
336191
336192
336193
336194
336671
336672
336673
336674
336675
336676
336677
336678
336679
336680
336681
337173
337174
337175
337176
337177
337178
337179
337180
337181
337182
337183
337685
337686
337687
337688
337689
337690
337691
337692
337693
337694
337695
337696
338220
338221
338222
338223
338224
338225
338226
338227
338228
338229
338230
338231
338232
338233
338234
338764
338765
338766
338767
338768
338769
338770
338771
338772
338773
338774
338775
338776
339296
339297
339298
339299
339300
339301
339302
339303
339304
339305
339306
339823
339824
339827
339828
339829
339831
339832
339833
340355
340356
340357
340358
340360
340361
340364
340906
340907
340908
340909
340910
340911
340912
340913
340914
341454
341455
341456
341457
341458
341956
341957
341958
341959
341960
341961
341962
341963
341964
341965
342492
342493
342494
342495
342496
342497
342498
342499
342500
342501
343042
343043
343044
343045
343046
343047
343048
343049
343050
343609
343610
343611
343612
343613
343614
343615
343616
343617
343618
343619
344164
344165
344166
344167
344168
344169
344170
344171
344172
344706
344707
344708
344709
344710
344711
344712
344713
344714
344715
344716
344717
345245
345246
345247
345248
345249
345250
345251
345252
345253
345254
345797
345798
345799
345800
345801
345802
345803
345804
345805
345806
345807
346336
346337
346338
346339
346340
346341
346342
346343
346885
346886
346887
346888
346889
346890
346891
346892
346893
347439
347440
347441
347442
347443
347444
347445
347446
347447
347448
348014
348015
348016
348017
348018
348019
348022
348023
348595
348596
348597
348598
348599
349199
349200
349201
349202
349809
349810
349811
349812
350405
350406
350407
350408
350409
350968
350969
350970
351543
352101
352102
352103
352104
352659
352660
352661
352662
353217
353218
353219
353802
353803
353804
353805
353807
354377
354378
354379
354380
354381
354382
354383
354384
354970
354971
354973
354974
354975
354976
354977
354978
355568
355569
355570
355571
355572
355573
355574
355575
356150
356151
356153
356154
356155
356156
356157
356180
356181
356728
356729
356730
356731
356732
356734
356736
356756
356757
356758
357281
357282
357283
357284
357285
357286
357287
357289
357290
357309
357310
357311
357312
357847
357848
357849
357850
357851
357852
357876
357877
357878
357879
358390
358391
358392
358393
358394
358396
358412
358413
358414
358416
358422
358423
358424
358425
358426
358427
358932
358933
358934
358935
358936
358937
358938
358958
358959
358960
358962
358963
358964
358968
358969
358970
358971
358972
358973
358974
358975
359463
359464
359465
359466
359467
359468
359469
359470
359489
359493
359494
359495
359496
359497
359498
359499
359500
359501
359502
359503
359504
359505
359999
360000
360001
360002
360003
360004
360005
360006
360007
360008
360009
360024
360025
360026
360028
360029
360030
360031
360032
360033
360034
360035
360036
360037
360038
360039
360510
360511
360512
360513
360514
360515
360516
360517
360518
360519
360521
360532
360533
360534
360535
360536
360537
360538
360540
360541
360542
360544
360545
360546
360547
360548
361002
361003
361004
361005
361006
361007
361008
361009
361010
361024
361025
361026
361027
361028
361029
361030
361031
361032
361033
361034
361035
361036
361037
361502
361503
361504
361505
361506
361507
361508
361523
361524
361525
361526
361527
361528
361529
361530
361531
361532
361533
361534
361536
362032
362033
362034
362035
362036
362037
362038
362039
362040
362049
362050
362051
362052
362053
362054
362055
362056
362057
362058
362059
362061
362564
362565
362566
362567
362568
362569
362570
362571
362572
362577
362578
362579
362582
362583
362584
362585
362586
362587
362588
362589
363084
363085
363086
363087
363088
363089
363090
363091
363092
363093
363094
363096
363097
363098
363099
363101
363102
363103
363104
363105
363106
363599
363600
363601
363602
363603
363604
363605
363606
363607
363608
363609
363610
363611
363612
363613
363614
363615
363616
363617
363618
363619
363620
363621
363622
363623
364124
364125
364126
364127
364128
364129
364130
364131
364132
364133
364134
364135
364138
364139
364140
364141
364142
364143
364144
364145
364146
364636
364637
364638
364639
364640
364641
364642
364645
364646
364647
364648
364649
364650
365135
365136
365137
365138
365139
365140
365141
365142
365143
365144
365145
365146
365147
365148
365149
365150
365151
365619
365620
365621
365622
365623
365624
365625
365626
365627
365628
365629
365630
366088
366089
366090
366091
366092
366093
366094
366095
366096
366097
366098
366099
366100
366101
366102
366560
366561
366562
366563
366564
366565
366566
366567
366568
366569
366570
366571
366572
367041
367042
367043
367044
367045
367046
367047
367048
367049
367050
367051
367052
367053
367054
367055
367056
367057
367058
367059
367553
367554
367555
367556
367557
367558
367559
367560
367561
367562
367563
367564
367565
367566
367567
367568
367569
368048
368049
368050
368051
368052
368053
368054
368055
368056
368057
368058
368059
368060
368061
368062
368063
368064
368065
368066
368067
368554
368555
368556
368557
368558
368559
368560
368561
368562
368563
368564
368565
368567
368568
368569
368570
368571
368572
368573
368574
369055
369056
369057
369058
369059
369060
369061
369062
369063
369064
369065
369066
369070
369071
369072
369073
369074
369536
369537
369538
369539
369540
369541
369542
369543
369544
369545
369546
369547
369548
369549
369550
369551
370014
370015
370016
370017
370018
370019
370020
370021
370022
370023
370024
370025
370026
370027
370028
370501
370502
370503
370504
370505
370506
370507
370508
370509
370510
370511
370512
370513
370514
370515
370516
370517
370518
371003
371004
371005
371006
371007
371008
371009
371010
371011
371012
371013
371014
371015
371514
371515
371516
371517
371518
371519
371520
371521
371522
372032
372033
372034
372035
372036
372037
372038
372533
372535
372536
372537
372538
373048
373587