248174
248184
248185
248746
248747
248748
248749
248750
248751
248752
248756
248757
248758
248759
248760
248761
249299
249300
249301
249302
249303
249304
249307
249308
249309
249310
249311
249312
249313
249314
249315
249316
249855
249856
249858
249859
249860
249861
249862
249863
249864
249865
249866
249867
249868
249869
249870
249871
249872
250404
250405
250406
250407
250408
250409
250410
250411
250412
250413
250414
250415
250948
250949
250950
250951
250952
250953
250954
250955
250956
250957
250958
250959
251489
251490
251491
251492
251493
251494
251495
251496
251497
251498
251499
251500
251501
252056
252057
252059
252060
252061
252062
252063
252064
252065
252066
252067
252068
252069
252070
252071
252649
252650
252651
252652
252653
252654
252655
252656
252657
252658
252659
252660
252661
252664
252665
252666
253216
253217
253218
253219
253220
253221
253222
253223
253224
253225
253226
253227
253228
253229
253230
253231
253232
253233
253234
253240
253241
253794
253795
253796
253797
253798
253799
253800
253801
253802
253803
253804
253805
253806
253807
253808
253809
253813
253814
253815
253816
254366
254367
254368
254369
254370
254371
254372
254373
254374
254375
254376
254377
254378
254379
254380
254381
254382
254383
254384
254385
254386
254387
254388
254389
254393
254394
254395
254993
254994
254995
254996
254997
254998
254999
255000
255001
255002
255003
255004
255005
255006
255007
255008
255009
255010
255011
255012
255016
255614
255615
255616
255617
255618
255619
255620
255621
255622
255623
255624
255625
255626
255627
255628
255629
255630
255633
255634
255635
256218
256219
256220
256221
256222
256223
256224
256225
256226
256227
256228
256229
256230
256231
256232
256233
256234
256235
256236
256237
256238
256239
256240
256242
256243
256827
256828
256829
256830
256831
256832
256833
256834
256835
256836
256837
256838
256839
256840
256841
256842
256843
256844
256845
256846
256847
256848
256849
256850
256851
257444
257445
257446
257447
257448
257449
257450
257451
257452
257453
257454
257455
257456
257457
257458
257459
257460
257461
257462
257463
257464
257465
257466
257467
258062
258063
258065
258066
258067
258068
258069
258070
258071
258072
258073
258074
258075
258076
258077
258078
258079
258080
258081
258082
258683
258685
258686
258687
258688
258689
258690
258691
258692
258693
258694
258695
258696
258697
259323
259324
259326
259327
259328
259329
259330
259331
259332
259333
259978
259979
259982
259983
259984
259985
259986
259987
259988
259989
259990
259991
259992
259993
260625
260626
260627
260628
260629
260630
260631
260632
260633
260634
260635
260636
261253
261254
261255
261256
261257
261258
261259
261260
261261
261262
261263
261264
261865
261866
261867
261868
261869
261870
261871
261872
261873
261874
261875
262473
262474
262475
262476
262477
262478
262479
262480
263084
263085
263086
263087
263088
263089
263090
263091
263092
263093
263678
263679
263680
263681
263684
263685
264273
264274
264275
264278
264279
264280
264908
264909
264910
264912
264913
265539
265540
265541
265542
265543
265544
265545
266173
266174
266175
266176
266177
266178
266179
266770
266771
266772
266773
266774
266775
266776
266777
266778
267382
267385
267386
267387
267388
268004
268009
268010
268011
268013
268014
268015
268016
268017
268630
268631
268632
268633
268634
268637
268640
268641
268642
268643
268644
268645
269255
269256
269257
269258
269259
269260
269261
269262
269263
269264
269266
269268
269269
269270
269271
269896
269897
269898
269899
269900
269901
269902
269903
269904
269905
269906
269908
269909
269910
270537
270538
270539
270540
270541
270542
270543
270544
270545
270546
270547
270548
270550
270551
270552
271188
271189
271190
271191
271192
271193
271194
271195
271196
271197
271200
271201
271202
271203
271204
271839
271840
271841
271842
271843
271844
271845
271846
271847
271848
271849
271850
271851
271852
271853
271854
271855
271856
271857
272482
272483
272484
272485
272486
272487
272488
272489
272490
272491
272492
272493
272494
272495
272496
272497
272498
272499
272500
272501
273133
273134
273135
273136
273137
273138
273139
273140
273141
273142
273143
273144
273145
273146
273147
273148
273150
273151
273791
273792
273793
273794
273795
273796
273797
273798
273799
273800
273801
273802
273803
273804
273805
273806
273807
273808
273809
273810
273811
273812
274451
274452
274453
274454
274456
274457
274459
274460
274461
274462
274463
274464
274465
274466
274467
274468
275079
275080
275081
275082
275083
275084
275085
275086
275087
275088
275089
275090
275091
275092
275093
275094
275095
275096
275097
275098
275099
275100
275101
275102
275705
275706
275707
275708
275709
275710
275711
275712
275713
275714
275715
275716
275717
275718
275719
275720
275721
275722
275723
275724
275725
275726
275727
275728
276334
276335
276336
276337
276338
276339
276340
276341
276342
276343
276344
276345
276346
276347
276348
276349
276350
276351
276352
276353
276946
276947
276948
276949
276950
276952
276953
276954
276955
276956
276957
276958
276959
276960
276961
276962
276963
276964
277566
277567
277568
277569
277570
277571
277572
277573
277574
277575
277576
277577
277578
277579
278181
278182
278183
278184
278185
278186
278187
278793
278794
278795
278796
278797
278798
278799
278800
278801
278802
278803
279404
279405
279406
279407
279408
279409
279410
279411
279412
279413
279414
279415
279416
279417
280011
280012
280013
280014
280015
280016
280017
280018
280019
280020
280021
280022
280610
280611
280612
280613
280614
280615
280616
280617
280618
280619
281204
281205
281206
281207
281208
281209
281210
281211
281212
281798
281799
281800
281801
281802
281803
281804
281805
281806
281807
282380
282381
282382
282383
282386
282387
282960
282961
282962
282963
282967
282968
283578
283579
283580
283581
283584
283586
283587
284193
284194
284195
284196
284197
284198
284199
284200
284201
284202
284790
284791
284792
284793
284794
284795
284796
284797
284798
284799
285377
285378
285379
285380
285381
285382
285383
285384
285385
285932
285933
285934
285935
285937
285938
285939
285940
286444
286445
286446
286450
286451
286453
286963
286964
286965
286966
286967
286968
286969
286970
287479
287480
287481
287482
287483
287484
287485
287486
287996
287997
287998
287999
288000
288001
288002
288531
288532
289046
289527
289528
289529
290040
290041
290042
290043
290538
290539
290540
290541
290542
291014
291015
291016
291017
291019
291485
291486
291487
291488
291491
291492
291493
291494
291958
291959
291960
291961
291962
291963
291964
291965
291966
291967
292456
292457
292458
292459
292460
292462
292463
292464
292465
292466
292468
292469
292954
292955
292957
292958
292959
292960
292961
292962
292963
292964
292965
292966
292967
292969
293459
293460
293461
293462
293463
293464
293465
293466
293467
293468
293469
293470
293471
293472
293473
293955
293956
293957
293958
293959
293960
293961
293962
293963
293964
293965
293966
294442
294443
294444
294445
294446
294447
294448
294449
294450
294451
294452
294928
294929
294930
294931
294932
294933
295423
295424
295425