384241
384242
384808
384809
384810
385355
385356
385357
385360
385362
385363
385364
385365
385366
385912
385914
385915
385916
385917
385918
385919
385920
385921
385922
385926
385927
385928
385929
386452
386453
386454
386455
386456
386457
386458
386459
386460
386461
386462
386463
386464
386465
386466
386469
386470
386471
386472
386997
386998
386999
387000
387001
387002
387003
387004
387005
387006
387007
387008
387009
387010
387011
387012
387013
387014
387015
387016
387017
387021
387550
387551
387552
387553
387554
387555
387556
387557
387558
387559
387560
387561
387562
387563
387564
387565
387566
387567
387568
387569
387570
387571
387572
388112
388113
388114
388115
388116
388117
388118
388119
388120
388121
388122
388123
388125
388126
388128
388130
388131
388677
388678
388679
388681
388682
388683
388684
388685
388686
388688
388689
388690
388691
388692
388693
388694
389215
389216
389217
389218
389219
389220
389221
389222
389223
389224
389225
389226
389227
389228
389229
389230
389231
389232
389233
389234
389764
389765
389766
389767
389768
389769
389770
389771
389772
389773
389774
389775
389776
389777
389778
389779
389780
389781
389782
389783
389784
390313
390314
390315
390316
390317
390318
390319
390320
390321
390322
390323
390324
390325
390326
390327
390329
390330
390331
390332
390860
390861
390865
390866
390867
390868
390869
390870
390871
390872
390873
390874
390875
390876
390877
390881
390882
390887
390888
390889
391414
391415
391416
391417
391418
391419
391420
391421
391422
391423
391427
391428
391429
391430
391431
391432
391436
391437
391438
391439
391440
391441
391442
391443
391444
391445
391446
391975
391976
391977
391978
391979
391980
391986
391987
391988
391989
391990
391994
391995
391997
391998
391999
392000
392001
392524
392525
392526
392527
392528
392529
392530
392531
392537
392538
392539
392540
392544
392545
392546
392547
392548
392549
392550
392551
392552
392553
393046
393047
393048
393049
393050
393051
393052
393053
393054
393061
393062
393063
393073
393074
393075
393574
393575
393576
393577
393578
393579
393580
393581
393587
393588
393598
393599
393600
394108
394109
394110
394111
394112
394136
394137
394633
394634
394635
394636
394637
394662
394663
394664
395164
395191
395192
395193
395194
395195
395737
395738
395739
395740
396301
396302
396303
396304
396305
396306
396833
396834
396835
396836
397356
397357
397358
397359
397360
397361
397362
397879
397880
397881
397882
397883
397884
397885
397886
397887
397888
398423
398424
398425
398426
398427
398428
398429
398430
398431
398432
398433
398988
398989
398990
398991
398992
398993
398994
398995
398996
398997
398998
399527
399528
399529
399530
399531
399532
399533
399534
399535
399536
399537
399538
399539
399540
400049
400050
400051
400052
400053
400054
400055
400056
400057
400544
400545
400546
400547
400548
400549
400550
400551
400552
401035
401036
401037
401038
401039
401040
401041
401043
401535
401536
401537
401538
401539
401540
401541
401542
401543
401544
401546
401547
402025
402026
402027
402028
402029
402030
402031
402032
402033
402034
402035
402036
402037
402038
402039
402040
402041
402042
402536
402537
402538
402539
402540
402541
402542
402543
402544
402545
402546
402547
402548
402549
402550
402551
402552
402553
402554
403025
403026
403027
403028
403029
403030
403031
403032
403033
403034
403035
403036
403037
403038
403039
403040
403041
403042
403043
403044
403502
403503
403504
403505
403506
403507
403508
403509
403510
403511
403512
403513
403514
403515
403516
403517
403518
403519
403520
403521
403522
403981
403982
403983
403984
403985
403986
403987
403988
403989
403990
403991
403992
403993
403994
403995
403996
403997
403998
403999
404000
404448
404449
404450
404451
404452
404453
404454
404455
404456
404457
404458
404459
404460
404461
404462
404463
404464
404465
404466
404467
404906
404909
404910
404911
404912
404913
404914
404915
404916
404917
404918
404919
404920
404921
404922
404923
404924
404925
404926
404927
405357
405358
405359
405360
405361
405362
405365
405366
405367
405368
405369
405370
405371
405372
405373
405374
405375
405376
405377
405378
405379
405380
405381
405382
405383
405384
405385
405386
405816
405817
405818
405820
405821
405824
405825
405826
405827
405828
405829
405830
405831
405832
405833
405834
405835
405836
405837
405838
405839
405840
405841
405842
405843
405844
405845
405846
406280
406285
406286
406287
406288
406289
406290
406291
406292
406293
406294
406295
406296
406297
406298
406299
406300
406301
406302
406303
406304
406723
406724
406728
406729
406730
406731
406732
406733
406734
406735
406736
406737
406738
406739
406740
406741
406742
406743
406744
406745
406746
406747
407170
407171
407172
407173
407179
407180
407181
407182
407183
407184
407185
407186
407187
407188
407189
407190
407191
407192
407193
407194
407195
407196
407601
407602
407603
407604
407605
407611
407612
407613
407614
407615
407616
407617
407618
407619
407620
407621
407622
407623
407624
408038
408039
408040
408041
408042
408043
408044
408045
408046
408047
408048
408049
408050
408051
408052
408053
408054
408055
408056
408057
408058
408059
408060
408061
408062
408063
408064
408065
408484
408485
408486
408487
408488
408489
408490
408491
408492
408493
408494
408495
408496
408497
408498
408499
408500
408501
408502
408503
408504
408505
408506
408507
408508
408509
408510
408511
408512
408915
408916
408917
408918
408919
408920
408921
408922
408923
408924
408925
408926
408927
408928
408929
408930
408931
408932
408933
408934
408935
408936
408937
408938
408939
408940
409372
409373
409374
409375
409376
409377
409378
409379
409380
409381
409382
409383
409384
409385
409386
409387
409388
409389
409390
409391
409392
409393
409394
409395
409396
409397
409398
409399
409838
409839
409840
409844
409845
409846
409847
409849
409850
409851
409852
409853
409854
409855
409856
409857
409858
409859
409860
409861
410304
410305
410310
410311
410312
410313
410314
410315
410316
410317
410318
410319
410320
410321
410322
410323
410753
410754
410755
410756
410757
410758
410759
410760
410761
410762
410763
410764
410765
410766
410767
410768
410769
410770
410771
410772
411209
411210
411211
411212
411213
411214
411215
411216
411217
411218
411219
411220
411221
411222
411223
411673
411674
411675
411676
411677
411678
411679
411680
411681
411682
411683
411684
411685
411686
411687
412144
412145
412146
412147
412148
412149
412150
412151
412152
412153
412154
412155
412156
412157
412158
412159
412160
412161
412162
412163
412631
412632
412633
412634
412635
412636
412637
412638
412639
412640
412641
412642
412643
412644
412645
412646
412647
412648
412649
413121
413122
413123
413124
413125
413126
413127
413128
413129
413130
413131
413132
413133
413134
413135
413625
413626
413627
413628
413629
413630
413631
413632
413633
413634
413635
413636
413637
413638
413639
414112
414113
414114
414115
414116
414117
414118
414119
414120
414121
414122
414594
414595
414596
414597
414598
414599
414600
414601
414602
414603
414604
415124
415125
415126
415127
415128
415129
415660
415661