1565
1566
1567
1972
1973
1976
1977
1978
1980
2382
2383
2384
2385
2386
2387
2388
2389
2390
2391
2799
2800
2801
2802
2803
2804
2805
2807
2808
2809
2810
3225
3226
3227
3228
3229
3230
3231
3233
3234
3235
3602
3603
3604
3605
3606
3607
3610
3611
3980
3981
3982
4355
4356
4357
4768
4769
4770
5188
5189
5190
5613
5614
5615
5616
5617
6052
6053
6054
6055
6056
6057
6058
6513
6514
6515
6516
6517
6518
6519
6520
6521
6992
6993
6994
6995
6996
6997
6998
6999
7000
7495
7496
7497
7498
7499
7500
7501
7502
7503
7504
7505
7997
7998
7999
8000
8001
8002
8003
8004
8005
8006
8484
8485
8486
8487
8488
8489
8490
8491
8492
8493
8975
8976
8977
8978
8979
8980
8981
8982
9507
9508
9509
9510
9511
9512
9513
10028
10029
10030
10031
10032
10033
10034
10576
10577
10578
10583
11120
11677
11678
12269
12270
12271
12851
12852
12853
12854
13451
13452
13453
13454
13455
14046
14047
14048
14049
14050
14630
14631
14632
14633
14634
14635
15221
15222
15223
15224
15225
15226
15227
15228
15229
15798
15799
15800
15801
15802
15803
15804
15805
15806
15807
16377
16378
16379
16380
16381
16382
16383
16384
16385
16954
16955
16956
16957
16958
16959
16960
17542
17543
17544
17545
17546
18099
18100
18101
18102
18103
18627
18628
18629
18630
18631
18632
18633
18634
18635
19167
19168
19169
19170
19171
19172
19173
19174
19175
19176
19177
19178
19179
19180
19181
19182
19183
19703
19704
19705
19706
19707
19708
19709
19710
19711
19712
19713
19714
19715
19716
19717
19718
19719
19720
19721
19722
19723
20242
20243
20244
20245
20246
20247
20248
20249
20250
20251
20252
20253
20254
20255
20256
20257
20258
20259
20260
20261
20262
20263
20264
20265
20266
20267
20268
20783
20797
20798
20808
20809
20810
20811
20812
20813
20814
20815
20816
20817
20818
20819
20820
20821
20822
20823
20824
20825
20826
20827
20828
20829
20830
20831
20832
20833
21338
21339
21340
21341
21353
21354
21363
21364
21365
21366
21367
21368
21369
21370
21371
21372
21373
21374
21375
21376
21377
21378
21379
21380
21381
21382
21383
21384
21385
21386
21387
21388
21389
21390
21885
21886
21887
21888
21889
21890
21891
21892
21901
21902
21903
21904
21905
21913
21914
21916
21917
21918
21919
21920
21921
21922
21923
21924
21925
21926
21927
21928
21929
21930
21931
21932
21933
21934
22414
22415
22416
22417
22418
22428
22429
22430
22431
22432
22433
22434
22435
22443
22444
22447
22448
22449
22450
22451
22452
22453
22454
22455
22456
22457
22458
22459
22460
22461
22462
22463
22935
22936
22937
22938
22939
22940
22941
22942
22943
22944
22945
22949
22950
22951
22952
22953
22954
22955
22956
22965
22966
22967
22969
22970
22971
22972
22973
22974
22975
22976
22977
22978
22979
22980
22981
22982
22983
22984
22985
23465
23466
23467
23468
23469
23470
23472
23473
23474
23475
23476
23479
23480
23481
23482
23483
23484
23485
23486
23487
23488
23494
23495
23496
23497
23498
23499
23500
23501
23502
23503
23504
23505
23506
23507
23508
23509
23510
23511
23512
23513
23514
23515
23516
23517
23990
23991
23992
23993
23994
23997
23998
23999
24000
24001
24002
24003
24004
24005
24006
24007
24008
24009
24010
24011
24018
24019
24020
24021
24022
24023
24024
24025
24026
24027
24028
24029
24030
24031
24032
24033
24034
24035
24036
24037
24038
24501
24502
24503
24509
24510
24511
24512
24513
24514
24515
24516
24517
24518
24519
24520
24528
24529
24530
24531
24532
24533
24534
24535
24536
24537
24538
24539
24540
24541
24542
24543
24544
24545
24546
24547
24548
24549
24996
24997
24998
24999
25000
25005
25006
25007
25008
25009
25010
25011
25012
25013
25014
25022
25023
25024
25025
25026
25027
25028
25029
25030
25031
25032
25033
25034
25035
25036
25037
25038
25039
25040
25041
25042
25043
25044
25045
25046
25491
25492
25493
25494
25495
25502
25503
25504
25505
25506
25507
25508
25509
25510
25511
25512
25513
25514
25515
25516
25517
25518
25519
25520
25521
25522
25523
25524
25525
25526
25527
25528
25529
25530
25531
25986
25987
25988
25989
25990
25991
25992
25993
25994
25995
25996
25997
25998
25999
26000
26001
26002
26003
26004
26005
26006
26007
26008
26009
26010
26011
26012
26013
26014
26015
26016
26017
26018
26019
26486
26487
26488
26489
26490
26491
26492
26493
26496
26497
26498
26499
26500
26501
26502
26503
26504
26505
26506
26507
26508
26509
26510
26511
26512
26513
26514
26515
26516
26517
26518
26519
26520
26521
26522
26976
26977
26978
26979
26980
26983
26984
26985
26986
26987
26988
26989
26990
26991
26992
26993
26994
26995
26996
26997
26998
26999
27000
27001
27002
27003
27004
27005
27006
27007
27008
27009
27474
27475
27476
27477
27478
27479
27480
27481
27482
27483
27484
27485
27486
27487
27488
27489
27490
27491
27492
27493
27494
27495
27496
27497
27498
27499
27500
27501
27502
27503
27504
27505
27506
27507
27508
27509
27510
27511
27979
27980
27981
27982
27983
27984
27985
27986
27987
27989
27990
27991
27992
27993
27994
27995
27996
27997
27998
27999
28000
28001
28002
28003
28004
28005
28006
28007
28008
28009
28010
28011
28012
28013
28014
28015
28016
28463
28464
28465
28466
28467
28468
28469
28470
28471
28472
28473
28474
28475
28476
28477
28478
28479
28480
28481
28482
28483
28484
28485
28486
28487
28488
28489
28490
28491
28492
28493
28494
28495
28928
28929
28930
28931
28932
28933
28934
28935
28936
28937
28938
28939
28941
28945
28946
28947
28948
28949
28950
28951
28952
28953
28954
28955
28956
28957
28958
28959
28960
29396
29397
29398
29399
29400
29401
29402
29403
29404
29405
29413
29414
29415
29416
29417
29418
29419
29420
29421
29422
29423
29424
29425
29426
29427
29867
29868
29869
29870
29871
29872
29873
29876
29877
29884
29885
29886
29887
29888
29889
29891
29892
29893
29894
29895
29896
29897
30351
30352
30353
30357
30362
30363
30364
30365
30366
30367
30368
30370
30371
30372
30373
30852
30853
30854
30856
30857
30858
30859
30860
30861
30868
30869
30870
30871
30872
30873
30874
31349
31350
31351
31352
31353
31354
31356
31366
31367
31368
31369
31370
31371
31865
31866
31867
31868
31869
31870
31871
31872
31886
32393
32394
32395
32905