454253
454254
454257
454570
454571
454572
454573
454576
454577
454578
454579
454891
454892
454893
454894
454895
454896
454897
454898
454899
455201
455202
455204
455205
455206
455207
455208
455209
455533
455534
455535
455536
455537
455538
455539
455882
455883
455884
455885
455886
455887
456238
456239
456240
456241
456580
456581
456582
456583
456902
456903
456904
456905
456909
457221
457222
457223
457224
457225
457226
457227
457228
457545
457546
457547
457548
457549
457550
457551
457552
457555
457855
457856
457857
457858
457859
457860
457861
457862
457863
457866
457867
457869
457870
457871
458151
458152
458153
458154
458155
458156
458157
458158
458159
458164
458165
458166
458167
458168
458460
458461
458462
458463
458464
458465
458466
458467
458468
458469
458470
458471
458472
458474
458475
458476
458495
458496
458497
458764
458765
458766
458767
458768
458769
458770
458771
458772
458773
458774
458775
458776
458777
458778
458779
458780
458781
458782
458783
458784
458804
458805
458806
458807
459075
459076
459077
459078
459079
459080
459081
459082
459083
459084
459085
459086
459087
459088
459089
459090
459091
459092
459093
459121
459122
459123
459124
459125
459126
459127
459382
459383
459384
459385
459386
459387
459388
459389
459390
459391
459392
459393
459394
459395
459396
459397
459398
459399
459400
459401
459429
459430
459431
459432
459689
459690
459691
459692
459693
459694
459695
459700
459701
459702
459703
459704
459705
459706
459707
459732
459733
459734
459735
459994
459995
459996
459997
459998
459999
460004
460005
460006
460007
460008
460011
460012
460013
460014
460015
460016
460017
460019
460031
460032
460033
460034
460035
460036
460300
460301
460302
460303
460304
460307
460308
460309
460310
460311
460312
460315
460316
460317
460318
460319
460320
460321
460322
460323
460324
460334
460335
460336
460337
460338
460339
460613
460614
460615
460616
460617
460618
460619
460622
460623
460624
460625
460626
460627
460628
460629
460630
460631
460633
460634
460635
460636
460637
460638
460639
460645
460646
460647
460648
460649
460650
460651
460652
460653
460923
460924
460925
460926
460927
460928
460929
460930
460931
460932
460933
460934
460935
460936
460937
460938
460939
460940
460941
460942
460943
460944
460945
460946
460947
460948
460949
460950
460951
460952
460953
460954
460960
460961
460962
460963
460964
460965
460966
460967
460968
460969
461225
461226
461227
461228
461229
461230
461231
461232
461233
461234
461235
461236
461237
461238
461239
461240
461241
461242
461243
461244
461245
461246
461247
461248
461249
461250
461251
461252
461253
461254
461255
461256
461257
461258
461260
461261
461262
461263
461264
461265
461266
461267
461268
461269
461270
461271
461272
461273
461274
461275
461547
461548
461549
461550
461551
461552
461553
461554
461555
461556
461557
461558
461559
461560
461561
461562
461563
461564
461565
461566
461567
461568
461569
461570
461571
461572
461573
461574
461575
461577
461578
461579
461580
461583
461584
461585
461586
461587
461588
461589
461590
461591
461592
461593
461594
461595
461596
461870
461871
461872
461873
461874
461875
461876
461877
461878
461879
461880
461881
461882
461883
461884
461885
461886
461887
461888
461889
461890
461891
461892
461893
461894
461895
461896
461897
461898
461899
461900
461901
461903
461905
461906
461907
461911
461912
461913
461914
461915
461916
461917
461918
461919
461920
461921
461922
461923
462192
462193
462194
462195
462196
462197
462198
462199
462200
462201
462202
462203
462204
462205
462206
462207
462208
462209
462210
462211
462212
462213
462214
462215
462216
462217
462218
462219
462220
462221
462222
462223
462225
462227
462228
462229
462231
462232
462233
462234
462235
462236
462237
462238
462240
462241
462242
462517
462518
462519
462520
462521
462522
462523
462524
462525
462526
462527
462528
462529
462530
462531
462532
462533
462534
462535
462536
462537
462538
462539
462541
462543
462544
462546
462547
462548
462549
462550
462551
462552
462553
462554
462555
462556
462557
462838
462839
462840
462841
462842
462843
462846
462847
462848
462849
462851
462852
462853
462854
462855
462856
462857
462858
462859
462862
462863
462866
462867
462868
462869
462871
462872
462873
462874
463149
463150
463151
463152
463153
463158
463159
463160
463161
463163
463165
463166
463167
463168
463169
463170
463171
463172
463173
463174
463175
463176
463177
463178
463179
463180
463181
463182
463183
463184
463185
463186
463187
463482
463483
463484
463495
463496
463497
463498
463499
463500
463501
463502
463503
463504
463505
463506
463507
463508
463509
463510
463511
463512
463804
463805
463815
463816
463817
463818
463819
463820
463821
463824
463825
463826
463827
463828
463829
463830
463831
463832
464144
464145
464146
464147
464148
464149
464150
464153
464154
464155
464156
464157
464158
464159
464486
464487
464488
464489
464490
464494
464495
464496
464497
464498
464499
464830
464831
464832
464833
464834
464836
464837
464838
464839
464840
464841
464842
465157
465158
465159
465160
465164
465165
465166
465167
465168
465169
465477
465478
465479
465480
465481
465482
465483
465484
465485
465803
465804
465805
465806
465807
465808
465809
465810
465811
465812
465813
465814
465815
465816
465817
465818
466143
466144
466145
466146
466147
466148
466149
466150
466151
466152
466153
466154
466155
466156
466157
466474
466475
466476
466477
466478
466479
466480
466481
466482
466483
466484
466485
466486
466487
466488
466489
466799
466800
466801
466802
466803
466804
466805
466806
466807
466808
466809
466810
466811
466812
466813
466814
466815
466816
467124
467125
467126
467127
467128
467129
467130
467131
467132
467133
467134
467135
467136
467137
467138
467139
467140
467141
467142
467143
467144
467145
467452
467453
467454
467455
467456
467457
467458
467459
467460
467461
467462
467463
467464
467465
467466
467467
467470
467471
467777
467778
467779
467780
467781
467782
467783
467784
467785
467786
467787
467788
467789
467790
467791
467796
468097
468098
468099
468100
468101
468102
468103
468104
468105
468106
468107
468108
468109
468110
468111
468112
468113
468117
468118
468398
468399
468400
468401
468402
468403
468404
468405
468406
468407
468408
468409
468410
468411
468412
468413
468414
468415
468416
468417
468418
468419
468420
468421
468422
468423
468424
468698
468699
468700
468701
468702
468703
468704
468705
468706
468707
468708
468709
468710
468711
468712
468713
468714
468715
468716
468717
468718
468719
468720
468721
468722
468723
468724
468725
468726
468727
468997
468998
468999
469000
469001
469002
469003
469004
469005
469006
469007
469008
469009
469010
469011
469012
469013
469014
469015
469016
469017
469018
469019
469020
469292
469293
469294
469295
469296
469297
469298
469299
469300
469301
469302
469303
469304
469305
469306
469307
469308
469309
469310
469311
469312
469313
469594
469595
469596
469597
469598
469599
469600
469601
469602
469603
469604
469605
469606
469607
469608
469881
469882
469883
469884
469885
469886
469887
469888
470154
470155
470156
470157
470158
470159
470405