89108
89109
89621
89622
89623
90148
90149
90150
90686
90687
90705
90706
90707
90708
91244
91245
91246
91247
91260
91261
91262
91263
91810
91811
91812
91827
91828
92383
92384
92396
92400
92401
92402
92403
92404
92954
92964
92965
92966
92976
92977
92978
92983
92984
92985
92986
93562
93573
93574
93575
93576
93577
93578
93589
93590
93591
93592
93593
93597
93598
93599
93600
93601
93602
94189
94190
94191
94204
94205
94206
94207
94208
94209
94210
94211
94212
94220
94221
94222
94223
94224
94227
94228
94803
94805
94806
94807
94808
94820
94824
94825
94826
94827
94828
94829
94830
94831
94832
94833
94834
94836
94842
94843
94844
94845
94846
94847
94848
94849
94850
95429
95430
95431
95432
95433
95434
95435
95436
95437
95438
95447
95448
95449
95450
95451
95452
95453
95454
95455
95456
95457
95458
95459
95460
95461
95463
95470
95471
95472
95473
95474
95475
95476
95477
95478
95479
96078
96079
96080
96081
96084
96085
96086
96088
96089
96095
96096
96097
96098
96099
96100
96101
96102
96103
96104
96105
96106
96107
96108
96109
96110
96111
96112
96114
96115
96116
96117
96118
96119
96120
96121
96122
96722
96723
96724
96725
96728
96729
96730
96731
96732
96733
96741
96742
96743
96744
96745
96746
96750
96751
96752
96753
96754
96755
96756
96757
96758
96759
96760
96761
96762
96763
97375
97376
97377
97379
97380
97381
97382
97383
97384
97385
97386
97387
97388
97389
97394
97395
97396
97397
97398
97399
97400
97404
97405
97406
97407
97408
97409
97410
97411
97412
97413
97414
97415
97416
97991
97995
97996
97997
97998
97999
98000
98001
98002
98003
98004
98005
98008
98009
98010
98011
98012
98013
98014
98015
98016
98017
98020
98021
98023
98024
98025
98026
98027
98028
98029
98030
98031
98595
98596
98599
98600
98601
98602
98603
98604
98605
98606
98607
98608
98609
98610
98611
98612
98613
98614
98615
98616
98617
98620
98621
98622
98626
98627
98629
98630
98631
98632
98633
98634
98636
98637
98639
99202
99206
99207
99208
99209
99210
99211
99212
99213
99214
99215
99216
99217
99218
99219
99220
99221
99222
99223
99224
99225
99226
99227
99228
99229
99230
99231
99232
99233
99234
99235
99236
99237
99238
99239
99240
99241
99242
99243
99244
99245
99246
99247
99848
99849
99850
99851
99852
99853
99854
99855
99856
99857
99858
99859
99860
99861
99862
99863
99864
99865
99866
99867
99869
99870
99871
99872
99873
99874
99875
99876
99877
99878
99879
99880
99881
99882
99883
99884
99885
99886
99887
99888
99889
99890
99891
99892
99893
99894
100504
100505
100506
100507
100508
100509
100510
100511
100512
100513
100514
100515
100516
100517
100518
100519
100522
100523
100524
100525
100526
100527
100528
100529
100530
100531
100532
100533
100534
100535
100536
100537
100538
100539
100540
100541
100542
100543
100544
100545
101179
101180
101181
101184
101185
101186
101187
101188
101189
101190
101191
101192
101193
101194
101195
101196
101197
101204
101205
101206
101207
101208
101209
101210
101211
101212
101213
101214
101215
101216
101217
101218
101219
101220
101221
101222
101223
101225
101852
101853
101854
101855
101856
101857
101858
101859
101860
101861
101862
101863
101864
101865
101866
101867
101868
101874
101875
101876
101877
101878
101879
101880
101881
101882
101883
101884
101885
101886
101887
101888
101889
101892
101893
101894
102501
102502
102503
102504
102505
102506
102507
102508
102509
102510
102511
102512
102513
102518
102519
102520
102521
102522
102523
102524
102525
102526
102527
102528
102529
102530
102534
102535
102536
102537
103123
103124
103125
103126
103127
103128
103129
103130
103131
103132
103133
103134
103135
103136
103140
103141
103143
103147
103153
103734
103735
103736
103737
103738
103739
103740
103741
103742
103743
103744
103745
103746
103747
104359
104360
104361
104362
104363
104364
104365
104366
104367
104368
104369
104370
104371
104986
104987
104988
104989
104990
104991
104992
104993
104994
105607
105608
105609
105610
105611
105612
105613
106218
106219
106220
106221
106222
106223
106224
106225
106226
106227
106228
106229
106830
106831
106832
106833
106834
106835
106836
106837
106838
106839
106840
107422
107425
107426
107427
107428
107429
107430
107431
108029
108030
108031
108033
108034
108035
108036
108652
108653
108654
108655
108656
108657
108658
108659
108660
108661
108662
109285
109286
109287
109288
109289
109290
109291
109292
109293
109294
109295
109296
109297
109298
109922
109923
109924
109925
109928
109929
109930
109931
109932
109934
109935
110537
110538
110539
110540
110544
110545
110546
110547
111180
111181
111182
111189
111190
111798
111799
111800
111801
111806
112393
112395
112396
112397
112398
112403
112404
112405
112988
112989
112990
112991
112992
112995
112996
112997
112998
112999
113000
113580
113581
113582
113584
113585
113586
113587
113590
114144
114145
114146
114148
114149
114150
114151
114152
114696
114697
114698
114699
114700
114701
114702
114703
114704
114705
114706
114707
115253
115254
115255
115256
115257
115258
115259
115260
115261
115262
115263
115264
115265
115266
115267
115268
115802
115803
115804
115805
115806
115807
115809
115810
115811
115812
115813
115814
115815
115816
115817
115818
116362
116363
116364
116365
116366
116367
116368
116369
116370
116371
116372
116373
116374
116375
116376
116377
116378
116912
116913
116915
116916
116917
116918
116919
116920
116921
116922
116923
116924
116925
116926
116929
117481
117482
117483
117484
117485
117486
117487
117488
117489
117490
117491
117492
117493
117494
117496
117497
117499
118025
118026
118027
118028
118029
118030
118032
118033
118034
118035
118036
118037
118038
118039
118040
118041
118042
118572
118573
118574
118576
118577
118578
118579
118580
118581
118582
118583
118584
118585
118586
118587
118588
119105
119106
119108
119109
119110
119111
119112
119113
119114
119115
119116
119117
119118
119119
119120
119121
119122
119650
119651
119652
119653
119654
119655
119656
119657
119658
119659
119660
119661
119662
119663
119664
120195
120196
120198
120199
120200
120201
120202
120203
120204
120205
120736
120737
120738
120739
120740
120741
120742
120743
120744
121269
121270
121271
121272
121273
121274
121275
121276
121277
121278
121781
121782
121783
121784
121785
121786
121787
121788
122299
122300
122301
122302
122303
122304
122305
122832
122833
122834
122835
122836
122837
122838
122839
123386
123387
123388
123389
123390
123391
123392
123393
123394
123395
123961
123962
123963
123964
123965
123966
123967
123968
123969
123970
124528
124529
124530
124531
124532
124533
124534
124535
124536
124537
125077
125078
125079
125080
125081
125082
125083
125084
125085
125086
125632
125634
125635
125636
126178
126179
126180
126181
126182
126731
126732
126733
126734
126735