116951
116952
117499
117516
118015
118040
118041
118042
118057
118058
118558
118559
118560
118561
118562
118564
118565
118584
118585
118586
118587
118588
118602
118603
119090
119091
119092
119093
119094
119095
119096
119098
119099
119101
119102
119103
119117
119118
119119
119120
119121
119122
119138
119139
119633
119636
119637
119638
119639
119640
119641
119642
119644
119645
119646
119656
119659
119660
119661
119662
119663
119664
119684
119685
119686
120180
120181
120182
120183
120184
120185
120186
120187
120188
120189
120190
120191
120192
120199
120200
120201
120202
120203
120204
120205
120223
120224
120225
120721
120722
120723
120724
120725
120726
120727
120728
120729
120736
120737
120739
120740
120741
120742
120743
120744
120762
120763
120764
121253
121254
121255
121256
121257
121258
121259
121260
121261
121262
121269
121270
121271
121272
121273
121274
121275
121276
121277
121278
121293
121294
121296
121765
121766
121767
121768
121769
121770
121771
121772
121781
121782
121783
121784
121785
121786
121787
121788
121808
122285
122286
122287
122288
122289
122290
122291
122292
122298
122299
122300
122301
122302
122303
122304
122305
122322
122326
122327
122823
122824
122825
122826
122827
122828
122829
122832
122833
122834
122835
122836
122837
122838
122839
122857
122858
122859
122860
122861
122862
123383
123384
123385
123386
123387
123388
123389
123390
123391
123392
123393
123394
123395
123401
123405
123406
123407
123416
123417
123418
123955
123956
123957
123958
123959
123960
123961
123962
123963
123964
123965
123966
123967
123968
123969
123970
123977
123978
123979
123980
123981
123982
123983
123984
123985
123986
123988
123989
123990
123991
123992
123993
123994
124518
124519
124520
124521
124522
124523
124524
124525
124526
124527
124528
124529
124530
124531
124532
124533
124534
124535
124536
124537
124538
124539
124544
124545
124546
124547
124548
124549
124550
124551
124552
124553
124554
124555
124556
124557
124558
124559
124560
124561
124562
124563
124564
124565
125066
125067
125068
125069
125070
125071
125072
125073
125074
125075
125076
125077
125078
125079
125080
125081
125082
125083
125084
125085
125086
125087
125088
125089
125090
125093
125094
125095
125096
125097
125098
125099
125100
125101
125102
125103
125104
125105
125106
125107
125108
125109
125110
125111
125112
125113
125617
125618
125619
125620
125621
125622
125623
125624
125625
125626
125627
125628
125629
125630
125631
125632
125633
125634
125635
125636
125637
125638
125639
125640
125641
125642
125643
125644
125645
125647
125648
125649
125650
125651
125652
125653
125654
125655
125656
125657
125658
125659
125660
125661
125662
125663
125664
126164
126165
126166
126168
126169
126170
126171
126172
126173
126174
126175
126176
126177
126178
126179
126180
126181
126182
126183
126184
126185
126186
126190
126191
126192
126194
126195
126196
126197
126198
126199
126200
126201
126202
126203
126204
126205
126206
126209
126720
126721
126722
126723
126724
126725
126726
126727
126728
126729
126730
126731
126732
126733
126734
126735
126736
126737
126738
126739
126740
126742
126743
126749
126751
126752
126753
127270
127271
127272
127273
127274
127275
127276
127277
127278
127279
127280
127281
127282
127283
127284
127285
127286
127300
127301
127800
127801
127802
127803
127804
127805
127806
127807
127808
127809
127810
127811
127812
127813
127827
127828
128318
128319
128320
128321
128322
128327
128345
128809
128810
128811
128812
128813
128814
128815
128816
128819
129315
129316
129317
129318
129319
129320
129321
129322
129323
129324
129325
129326
129327
129328
129824
129825
129826
129827
129828
129829
129830
129831
129832
129833
129834
129835
129836
129837
129838
129839
130333
130334
130335
130336
130337
130338
130339
130340
130341
130342
130343
130344
130345
130346
130347
130855
130856
130857
130858
130859
130860
130861
130862
130863
130864
130865
130866
130867
130868
130869
131365
131366
131367
131368
131369
131370
131371
131372
131373
131374
131375
131376
131377
131378
131379
131380
131381
131880
131881
131882
131883
131884
131885
131886
131887
131888
131889
131890
131891
131892
131893
131894
131895
131896
131897
131898
132395
132396
132397
132398
132399
132400
132401
132402
132403
132404
132405
132406
132407
132408
132409
132410
132411
132412
132413
132414
132929
132930
132931
132932
132933
132934
132935
132936
132937
132938
132939
132940
132941
132942
132943
132944
132945
132946
132947
132948
133487
133488
133489
133490
133491
133492
133493
133494
133495
133496
133497
133498
133499
133500
133501
133502
133503
133504
133505
133506
134058
134059
134060
134061
134062
134063
134064
134065
134066
134067
134068
134069
134070
134071
134072
134073
134074
134075
134076
134077
134078
134079
134080
134644
134645
134646
134647
134648
134649
134650
134651
134652
134653
134654
134655
134656
134657
134658
134659
134660
134661
134662
134663
134664
134665
134666
134667
134668
134669
135245
135246
135247
135248
135249
135250
135251
135252
135253
135254
135255
135256
135257
135258
135259
135260
135261
135262
135263
135264
135265
135266
135267
135268
135269
135270
135271
135272
135273
135855
135856
135857
135858
135859
135860
135861
135862
135863
135864
135865
135866
135867
135868
135869
135870
135871
135872
135873
135874
135875
135876
135877
135878
135879
136462
136463
136464
136465
136466
136467
136468
136469
136470
136471
136472
136473
136474
136475
136476
136477
136478
136479
136480
136481
137065
137066
137067
137068
137069
137070
137071
137072
137073
137074
137075
137076
137077
137078
137079
137080
137081
137082
137083
137084
137647
137648
137649
137650
137651
137652
137653
137654
137655
137656
137657
137658
137659
137660
137661
137662
137663
137664
138226
138227
138228
138229
138230
138231
138232
138233
138234
138235
138236
138237
138238
138239
138240
138241
138242
138815
138816
138817
138818
138819
138820
138821
138822
138823
138824
138825
138826
138827
138828
138829
138830
138831
138832
139418
139419
139420
139421
139422
139423
139424
139425
139426
139427
139428
139429
139430
139431
139432
139433
139434
139435
139436
140024
140025
140026
140027
140028
140029
140030
140031
140032
140033
140034
140035
140036
140037
140038
140039
140040
140041
140042
140043
140633
140634
140635
140636
140637
140638
140639
140640
140641
140642
140643
140644
140645
140646
140647
140648
140649
140650
140651
141228
141229
141230
141231
141232
141233
141234
141235
141236
141237
141238
141239
141240
141241
141242
141243
141244
141806
141807
141808
141809
141810
141811
141812
141813
141814
141815
141816
141817
141818
141819
142377
142378
142379
142380
142381
142382
142383
142384
142385
142386
142387
142388
142389
142390
142391
142940
142941
142942
142943
142944
142945
142946
142947
142948
142949
142950
142951
142952
142953
142954
143499
143500
143501
143502
143503
143504
143505
143506
143507
143508
143509
143510
143511
144043
144044
144045
144046
144047
144048
144049
144584
144585
144586
144587
144588
144589
144590
145145
145146
145147
145148
145707
145708
145709