483915
484255
484584
484585
484586
484587
484593
484594
484903
484904
484905
484906
484907
484908
484911
484912
484913
485223
485224
485225
485226
485227
485228
485229
485230
485231
485232
485572
485573
485574
485575
485576
485577
485898
485899
485900
485901
485902
485907
486206
486207
486208
486209
486210
486214
486215
486517
486518
486519
486520
486521
486523
486524
486525
486533
486534
486535
486536
486865
486866
486867
486868
486869
486870
486871
486872
486879
486880
486881
486882
487220
487221
487225
487226
487236
487237
487238
487241
487242
487243
487244
487247
487248
487249
487250
487251
487252
487253
487254
487585
487586
487587
487591
487592
487593
487594
487600
487601
487602
487605
487606
487607
487608
487611
487612
487613
487614
487615
487616
487617
487618
487619
487964
487967
487968
487969
487979
487980
487981
487982
487983
487984
487985
487986
487987
487988
487989
487990
487991
487992
487993
487994
487995
487996
487997
487998
488353
488354
488355
488356
488357
488358
488359
488360
488361
488362
488363
488364
488365
488378
488379
488380
488381
488382
488383
488384
488385
488386
488387
488388
488389
488390
488391
488392
488393
488394
488395
488396
488760
488761
488762
488763
488764
488765
488766
488767
488768
488769
488770
488771
488772
488773
488780
488781
488786
488787
488788
488789
488790
488791
488792
488793
488794
488795
488796
488797
488798
488799
488800
488801
488802
488803
488804
488805
489153
489154
489158
489159
489160
489161
489162
489163
489164
489165
489166
489168
489169
489170
489171
489172
489173
489174
489180
489181
489182
489183
489184
489185
489186
489187
489188
489189
489190
489191
489192
489193
489194
489195
489196
489197
489198
489199
489200
489201
489202
489203
489204
489205
489578
489579
489582
489583
489584
489585
489586
489587
489588
489589
489590
489591
489592
489593
489594
489595
489596
489597
489603
489604
489605
489606
489607
489608
489609
489610
489611
489612
489613
489614
489615
489616
489617
489618
489619
489620
489621
489622
489623
489624
489625
489626
489627
490011
490012
490013
490014
490015
490016
490017
490018
490019
490020
490021
490022
490023
490024
490025
490026
490027
490028
490029
490030
490031
490034
490035
490036
490037
490038
490039
490040
490041
490042
490043
490044
490045
490046
490047
490048
490049
490050
490051
490052
490053
490054
490055
490056
490057
490422
490423
490424
490425
490426
490427
490428
490429
490430
490431
490432
490433
490434
490435
490436
490437
490438
490439
490440
490441
490442
490443
490444
490445
490446
490447
490448
490449
490450
490451
490452
490453
490454
490455
490456
490457
490458
490459
490460
490461
490462
490463
490464
490829
490830
490831
490832
490833
490834
490835
490836
490837
490838
490839
490840
490841
490842
490843
490844
490845
490846
490847
490848
490849
490850
490851
490852
490853
490854
490855
490856
490857
490858
490859
490860
490861
490862
490863
490864
490865
490866
490867
490868
490869
490870
490872
490873
490874
491218
491219
491220
491221
491222
491223
491224
491225
491226
491227
491228
491229
491230
491231
491232
491233
491234
491235
491236
491237
491238
491239
491240
491241
491242
491243
491244
491245
491246
491247
491248
491249
491252
491253
491254
491255
491256
491257
491258
491259
491260
491261
491262
491263
491631
491632
491633
491634
491635
491636
491637
491638
491639
491640
491641
491642
491643
491644
491645
491646
491647
491648
491649
491650
491651
491652
491653
491654
491655
491656
491657
491658
491659
491664
491665
491666
491667
491668
491669
491670
491671
491672
491674
491675
492047
492048
492049
492050
492051
492052
492053
492054
492055
492056
492057
492058
492059
492060
492061
492062
492063
492064
492065
492066
492067
492068
492069
492070
492071
492072
492073
492074
492075
492076
492077
492083
492084
492085
492086
492087
492088
492089
492090
492091
492469
492470
492471
492472
492473
492474
492475
492476
492477
492478
492479
492480
492481
492482
492483
492484
492485
492486
492487
492488
492489
492490
492491
492492
492493
492494
492495
492496
492497
492502
492504
492505
492506
492507
492508
492509
492510
492511
492889
492890
492891
492892
492893
492894
492895
492896
492897
492898
492899
492900
492901
492902
492903
492904
492905
492907
492908
492910
492911
492912
492913
492914
492915
492916
492917
492918
492924
492925
492926
492927
492928
492929
492930
492931
492932
492933
492934
493329
493330
493331
493332
493333
493334
493335
493336
493337
493338
493339
493340
493341
493342
493345
493346
493347
493348
493349
493350
493351
493352
493353
493354
493355
493356
493357
493358
493359
493360
493361
493362
493363
493364
493365
493366
493367
493368
493758
493759
493760
493761
493762
493763
493764
493765
493766
493767
493771
493772
493773
493778
493779
493780
493781
493782
493783
493784
493785
493786
493787
493788
493789
493790
493791
493792
493793
493794
493795
493796
493797
493798
493799
493800
494195
494196
494197
494198
494199
494200
494201
494202
494203
494204
494205
494206
494208
494212
494213
494214
494215
494216
494217
494218
494219
494220
494221
494222
494223
494224
494225
494226
494227
494228
494229
494230
494231
494232
494233
494234
494644
494647
494648
494649
494650
494651
494652
494653
494654
494655
494657
494658
494659
494660
494661
494662
494663
494664
494665
494666
494667
494668
494669
494670
494671
494672
494673
494674
494675
494676
494677
494678
495107
495108
495109
495110
495111
495112
495113
495114
495115
495116
495117
495118
495119
495120
495123
495124
495125
495126
495127
495128
495565
495566
495567
495568
495569
495570
495571
495572
495573
495574
495575
495577
495578
495582
495583
495584
495585
495586
495587
496011
496012
496013
496014
496015
496016
496017
496018
496019
496020
496021
496022
496023
496024
496025
496026
496027
496028
496030
496031
496032
496033
496034
496035
496460
496461
496462
496463
496464
496465
496466
496467
496468
496469
496470
496473
496474
496476
496477
496479
496480
496481
496482
496483
496484
496914
496915
496916
496917
496918
496919
496920
496921
496922
496923
496924
496925
496927
496928
496930
496931
496933
497390
497391
497392
497393
497394
497395
497396
497397
497398
497399
497400
497401
497402
497403
497404
497405
497406
497407
497408
497411
497870
497871
497872
497873
497874
497875
497876
497877
497878
497879
497880
497881
497882
497883
497884
497885
497886
497887
497889
497890
498363
498364
498365
498366
498367
498368
498369
498370
498371
498372
498373
498374
498375
498376
498377
498378
498379
498384
498868
498869
498870
498871
498873
498874
498875
498876
498877
498878
498879
498880
498881
498882
498883
499385
499386
499387
499388
499389
499390
499391
499392
499393
499394
499395
499396
499398
499399
499400
499914
499915
499916
499917
499918
499919
499920
499921
499922
499923
499924
499925
499926
500451
500452
500453
500454
500457
500458
500459
500460
500461
500462
500990
500991
500992
500995
500996
500997
500998
501519
501520
501521
501522
502025
502026
502027
502028
502483
502484
502485
502937
502938
503403