361072
361073
361074
361574
361575
361576
361577
361578
361579
362104
362105
362106
362107
362108
362109
362110
362111
362624
362625
362626
362627
362628
362629
362630
362631
362632
363142
363143
363144
363145
363146
363147
363148
363149
363150
363151
363660
363661
363662
363663
363664
363665
363666
363667
363668
363669
363670
364174
364175
364176
364177
364178
364179
364180
364181
364182
364183
364690
364691
364692
364693
364694
364695
364696
365196
365197
365198
365199
365200
365673
365674
365675
365676
365677
365678
365679
365680
365681
366145
366146
366147
366148
366149
366150
366151
366152
366613
366614
366615
366616
366617
366618
366619
366620
366621
367101
367102
367103
367104
367105
367106
367107
367108
367615
367616
367617
367618
367619
367620
367621
367622
367623
367624
367625
367626
367627
367628
367629
367630
367631
368116
368117
368118
368119
368120
368121
368122
368123
368124
368125
368126
368127
368128
368129
368130
368625
368626
368627
368628
368629
368630
368631
368632
368633
368634
368635
368636
368637
368638
368639
369126
369127
369128
369129
369130
369131
369132
369133
369134
369135
369136
369137
369138
369139
369140
369141
369142
369143
369144
369599
369600
369601
369602
369603
369604
369605
369606
369607
369608
369609
369610
369611
369612
369613
370075
370076
370077
370078
370079
370080
370081
370082
370083
370084
370085
370086
370087
370088
370089
370090
370091
370567
370568
370569
370570
370571
370572
370573
370574
370575
370576
370577
370578
370579
370580
370581
370582
370583
370584
370585
371063
371064
371065
371066
371067
371068
371069
371070
371071
371072
371073
371074
371075
371076
371077
371078
371079
371080
371081
371082
371574
371575
371576
371577
371578
371579
371580
371581
371582
371583
371584
371585
371586
371587
371588
371589
371590
371591
371592
372068
372085
372086
372087
372088
372089
372090
372091
372092
372093
372094
372095
372096
372097
372098
372099
372100
372101
372102
372103
372572
372573
372596
372597
372598
372599
372600
372601
372602
372603
372604
372605
372606
372607
372608
372609
372610
372611
372612
372613
372614
372615
373082
373083
373084
373085
373086
373087
373108
373109
373110
373111
373112
373113
373114
373115
373116
373117
373118
373119
373120
373121
373122
373123
373124
373125
373126
373127
373128
373625
373626
373627
373628
373629
373630
373631
373632
373633
373652
373653
373654
373655
373656
373657
373658
373659
373660
373661
373662
373663
373664
373665
373666
373667
373668
373669
373670
373671
373672
374176
374177
374178
374179
374180
374181
374182
374183
374184
374185
374186
374187
374200
374201
374202
374203
374204
374205
374206
374207
374208
374209
374210
374211
374212
374213
374214
374215
374216
374217
374218
374219
374756
374757
374760
374761
374762
374763
374779
374780
374781
374782
374783
374784
374785
374786
374787
374788
374792
374793
374794
374795
374796
374797
374798
374799
374800
374801
375335
375336
375341
375342
375343
375344
375345
375346
375347
375348
375364
375365
375366
375367
375368
375369
375370
375371
375373
375375
375376
375377
375378
375379
375380
375381
375382
375383
375384
375918
375919
375920
375921
375922
375923
375925
375926
375927
375928
375929
375930
375931
375932
375933
375934
375935
375936
375937
375953
375954
375955
375956
375957
375958
375959
375967
375968
375969
375970
375971
375972
375973
376524
376525
376526
376527
376528
376529
376530
376531
376532
376533
376534
376535
376536
376537
376538
376539
376540
376541
376558
376559
376560
376561
376562
376563
376564
376565
376566
376567
376568
376576
376577
376578
376579
376580
376581
377125
377126
377127
377128
377129
377131
377132
377134
377135
377136
377137
377138
377139
377141
377142
377144
377145
377150
377151
377152
377153
377154
377155
377156
377157
377158
377159
377160
377161
377162
377163
377164
377165
377166
377167
377168
377176
377177
377178
377179
377180
377181
377182
377183
377719
377720
377721
377722
377724
377725
377726
377727
377728
377729
377730
377731
377732
377736
377737
377738
377739
377740
377741
377742
377743
377744
377745
377746
377747
377748
377749
377750
377759
377760
378269
378270
378273
378274
378275
378276
378277
378278
378279
378280
378281
378282
378289
378290
378291
378292
378293
378294
378295
378296
378297
378298
378299
378300
378301
378302
378804
378805
378808
378809
378810
378811
378812
378814
378815
378816
378817
378818
378825
378829
378830
378831
378832
378833
378834
378835
378836
378837
378838
378839
379348
379349
379358
379359
379360
379361
379366
379367
379368
379369
379370
379371
379372
379373
379374
379375
379376
379377
379378
379379
379380
379381
379382
379383
379384
379385
379911
379912
379913
379923
379924
379925
379926
379931
379932
379933
379934
379935
379936
379937
379938
379940
379941
379942
379943
379944
379945
379946
379947
379948
379949
379953
379954
379955
380473
380485
380486
380496
380497
380498
380499
380503
380504
380505
380506
380507
380508
380509
380510
380512
380513
380514
380515
380516
380517
380518
380519
380520
380521
380522
380523
380525
380526
380527
380528
380529
381043
381044
381045
381046
381047
381051
381052
381053
381054
381055
381056
381062
381063
381064
381065
381066
381067
381068
381069
381070
381071
381072
381073
381075
381076
381077
381078
381079
381080
381081
381082
381083
381084
381085
381086
381087
381088
381089
381090
381091
381092
381093
381626
381627
381628
381629
381630
381632
381633
381634
381635
381636
381637
381642
381643
381644
381645
381646
381647
381648
381649
381650
381651
381652
381653
381654
381655
381656
381657
381658
381659
381664
381665
381666
381667
381668
381669
381670
381671
381672
381673
382183
382184
382185
382186
382187
382188
382189
382190
382191
382192
382193
382194
382199
382200
382201
382202
382203
382204
382205
382206
382207
382208
382209
382210
382211
382212
382213
382214
382218
382219
382220
382221
382222
382223
382224
382225
382226
382719
382720
382721
382722
382723
382724
382725
382726
382727
382728
382729
382738
382739
382740
382741
382742
382743
382744
382745
382746
382747
382748
382750
382751
382752
382753
382754
382755
382756
383300
383301
383302
383303
383304
383305
383306
383307
383308
383309
383320
383321
383322
383323
383329
383330
383331
383332
383333
383867
383868
383869
383870
383871
383872
383873
383874
383875
383876
383891
383892
383893
383894
383901
383902
384439
384440
384441
384442
384443
384444
384445
384446
384463
384464
384465
384466
384467
384468
384469
384475
384476
385007
385008
385009
385010
385011
385012
385013
385014
385015
385029
385030
385031
385032
385033
385034
385556
385557
385558
385559
385560
385561
385562
385580
385581
386122
386123
386124
386144
386145
386146
386665
386666
386667
386668
386669
386670
386671
386691
387203
387204
387205
387206
387207
387208
387758
387759
387760
387762
387763
387764
387765
387767
388312
388313
388314
388315
388317
388318
388319
388320
388321
388322
388323
388859
388860
388861
388862
388863
388866
388867
388868
389409
389410
389411
389412
389416
389417
389952