133568
134145
134146
134737
134738
135345
135346
135347
135348
135349
135350
135351
135944
135945
135946
135947
135948
135952
135953
136551
136552
136553
136554
136555
136556
136557
136558
136560
136561
136562
136563
136564
137142
137143
137144
137145
137146
137147
137148
137149
137150
137151
137152
137153
137154
137716
137717
137718
137719
137720
137721
137722
137723
137724
137725
137726
137727
137728
137729
137730
137731
137732
137733
137734
137735
137736
138298
138299
138300
138301
138302
138303
138304
138305
138306
138307
138308
138309
138310
138311
138312
138313
138314
138315
138316
138317
138318
138319
138320
138321
138322
138323
138883
138884
138885
138886
138887
138888
138889
138890
138891
138892
138893
138894
138895
138896
138897
138898
138899
138900
138901
138902
138903
138904
138905
138906
138907
138912
138913
138914
138915
138916
139489
139490
139491
139492
139493
139495
139496
139497
139498
139499
139500
139501
139502
139503
139504
139505
139506
139507
139508
139509
139510
139511
139512
139513
139514
139515
139519
139520
139521
139522
139523
139524
140089
140094
140095
140096
140097
140098
140099
140100
140101
140102
140103
140104
140105
140106
140107
140108
140109
140110
140111
140112
140113
140114
140115
140116
140117
140118
140119
140120
140121
140122
140123
140126
140127
140128
140129
140130
140131
140132
140689
140690
140691
140692
140699
140700
140701
140702
140703
140704
140705
140706
140707
140708
140709
140710
140711
140712
140713
140714
140715
140716
140717
140718
140719
140720
140721
140722
140723
140724
140725
140726
140727
140728
140729
140730
140731
140732
140733
140734
140735
140736
140737
140738
141283
141284
141292
141293
141294
141295
141296
141297
141298
141299
141300
141301
141302
141303
141304
141305
141306
141307
141308
141309
141310
141311
141312
141313
141314
141315
141316
141317
141318
141320
141321
141322
141323
141324
141325
141326
141327
141328
141864
141865
141866
141874
141875
141876
141877
141878
141879
141880
141881
141882
141883
141884
141885
141886
141887
141888
141889
141890
141891
141892
141893
141894
141895
141896
141897
141898
141899
141901
141902
141903
141904
141905
141906
141907
141908
141909
141910
141911
141912
142438
142439
142440
142441
142447
142448
142449
142450
142451
142452
142453
142454
142455
142456
142457
142458
142459
142460
142461
142462
142463
142464
142465
142466
142467
142468
142469
142470
142471
142472
142473
142474
142475
142476
142477
142478
142479
142480
142481
142482
142483
142484
142485
142486
142487
142488
142489
142490
142491
142999
143000
143001
143002
143006
143007
143008
143009
143010
143011
143012
143013
143014
143015
143016
143017
143018
143019
143020
143021
143022
143023
143024
143025
143026
143027
143028
143029
143030
143031
143032
143033
143034
143035
143036
143037
143038
143039
143040
143041
143042
143043
143044
143045
143046
143047
143048
143049
143558
143559
143560
143561
143562
143563
143564
143566
143567
143568
143569
143570
143571
143572
143573
143574
143575
143576
143577
143578
143579
143580
143581
143582
143583
143584
143585
143586
143587
143588
143589
143590
143591
143592
143593
143594
143595
143596
143597
143598
143599
143600
143601
143602
143603
143604
143605
143606
143607
144100
144101
144102
144103
144104
144105
144106
144107
144108
144109
144110
144111
144112
144113
144114
144115
144116
144117
144118
144119
144120
144121
144122
144123
144125
144126
144127
144128
144129
144130
144131
144132
144133
144134
144135
144136
144137
144138
144139
144140
144141
144142
144143
144144
144145
144146
144147
144148
144149
144651
144652
144653
144654
144655
144656
144657
144658
144659
144660
144661
144662
144663
144664
144665
144666
144667
144668
144669
144670
144671
144672
144673
144674
144676
144677
144678
144679
144680
144681
144682
144683
144685
144686
144687
144688
144689
144690
144691
144692
144693
144694
144697
144698
145213
145214
145215
145216
145217
145218
145219
145220
145221
145222
145223
145224
145225
145226
145227
145228
145229
145230
145231
145232
145233
145234
145235
145236
145237
145238
145239
145240
145241
145242
145243
145244
145248
145249
145250
145251
145252
145253
145254
145255
145256
145257
145258
145262
145263
145779
145780
145781
145782
145783
145784
145785
145786
145787
145788
145789
145798
145799
145800
145801
145802
145803
145804
145805
145806
145811
145812
145813
145814
145815
145816
145817
145818
145819
145820
145823
145824
145825
145826
145827
145828
145829
146341
146342
146343
146344
146345
146346
146347
146348
146349
146351
146358
146359
146360
146361
146362
146363
146364
146365
146366
146367
146368
146370
146371
146372
146373
146374
146375
146376
146377
146378
146381
146382
146383
146384
146385
146386
146387
146904
146905
146906
146907
146908
146909
146910
146911
146912
146913
146914
146915
146916
146925
146926
146927
146928
146930
146931
146932
146933
146934
146935
146936
146937
146938
146939
146940
146941
146942
146943
146944
146945
146946
146947
146948
146949
147442
147443
147444
147445
147446
147447
147448
147449
147450
147451
147452
147453
147454
147455
147456
147470
147471
147472
147473
147474
147476
147477
147478
147479
147480
147481
147482
147483
147484
147485
147491
147492
147493
147494
147495
147989
147990
147991
147992
147993
147994
147995
147996
147997
147998
148015
148016
148017
148018
148019
148021
148022
148023
148024
148025
148026
148027
148028
148029
148030
148031
148035
148036
148037
148539
148540
148541
148542
148543
148544
148545
148546
148547
148548
148549
148566
148567
148568
148569
148570
148571
148572
148573
148574
148575
148576
148577
148578
148579
148580
148581
148582
148583
149071
149072
149073
149074
149075
149076
149077
149078
149079
149080
149093
149094
149095
149096
149097
149098
149099
149100
149101
149102
149103
149104
149105
149611
149612
149613
149614
149615
149616
149617
149618
149619
149620
149621
149622
149623
149624
149625
149634
149635
149636
149637
149638
149639
149640
149641
149642
149643
149644
149645
150142
150143
150144
150145
150146
150147
150148
150149
150150
150151
150152
150153
150154
150155
150156
150157
150158
150166
150167
150168
150169
150170
150171
150172
150173
150174
150175
150176
150177
150178
150680
150681
150682
150683
150684
150685
150686
150687
150688
150689
150690
150691
150692
150702
150703
150704
150705
150706
150707
150708
151228
151229
151230
151231
151232
151233
151234
151235
151236
151248
151249
151250
151251
151252
151776
151777
151778
151779
151780
151781
151783
151784
151798
151799
151800
151801
151802
151803
152331
152332
152333
152340
152341
152354
152355
152356
152357
152358
152359
152360
152361
152884
152885
152886
152899
152900
152901
152902
152903
153436
153437
153438
153439
153948
153949
154464
154465
154958
154959
154960
154961
154962
154963
154964
155439
155440
155441
155442
155443
155444
155445
155888
155889
155890
155891
155892
155893
156353
156354
156355
156847
156848
156850
156851
156852
157353
157354
157356
157357
157358
157359
157835
157836
157837
157838
157839
158342