5762
5764
5765
6213
6215
6216
6217
6218
6685
6686
6687
6688
6689
6690
6691
7173
7174
7175
7176
7177
7178
7179
7180
7672
7673
7674
7675
8190
8191
8192
8193
8194
8195
8196
8680
8681
8682
8683
8684
8685
9184
9185
9186
9187
9188
9189
9190
9191
9192
9193
9195
9196
9197
9198
9712
9713
9714
9715
9716
9717
9718
9719
9720
9722
9723
9725
10259
10260
10261
10262
10263
10264
10265
10266
10267
10268
10269
10270
10271
10815
10816
10817
10818
10819
10821
10822
10823
10824
11370
11371
11372
11373
11374
11375
11376
11377
11378
11379
11380
11381
11943
11944
11945
11946
11947
11948
11949
11950
11951
12503
12504
12505
12506
12518
12519
12520
12521
12522
12523
12524
12525
12526
12527
12528
13084
13085
13089
13105
13106
13107
13108
13109
13110
13111
13112
13669
13670
13671
13672
13673
13702
13703
13704
13705
13706
13707
13708
13709
13710
14269
14270
14271
14272
14273
14274
14303
14304
14305
14306
14307
14308
14310
14311
14861
14862
14863
14864
14865
14866
14893
14894
14895
14896
14897
14898
14899
14900
14901
14902
14903
14904
14905
14906
14907
14908
15449
15450
15451
15454
15455
15456
15457
15483
15484
15485
15486
15487
15488
15489
15490
15491
15492
15493
15494
15495
15497
15498
16019
16020
16021
16026
16032
16033
16034
16035
16046
16047
16048
16049
16050
16051
16052
16053
16054
16055
16056
16057
16058
16059
16060
16061
16062
16595
16603
16604
16605
16606
16608
16609
16610
16615
16616
16617
16618
16628
16629
16630
16631
16632
16633
16634
16635
16636
16637
16638
16639
16640
16641
16642
16643
16644
16645
17179
17185
17186
17187
17188
17190
17191
17192
17193
17194
17197
17198
17205
17206
17207
17208
17209
17210
17211
17212
17213
17214
17215
17216
17217
17218
17219
17220
17221
17222
17223
17759
17760
17761
17765
17766
17767
17768
17769
17770
17771
17773
17774
17775
17776
17777
17778
17779
17785
17786
17787
17788
17789
17790
17791
17792
17793
17794
17795
17796
17797
17798
17799
17800
17801
17802
17803
17804
17805
18301
18302
18303
18304
18308
18309
18310
18311
18312
18313
18314
18315
18316
18317
18318
18319
18320
18321
18322
18323
18327
18328
18329
18330
18331
18332
18333
18334
18335
18336
18337
18338
18339
18340
18341
18342
18343
18344
18345
18346
18348
18349
18350
18353
18845
18846
18847
18848
18849
18850
18851
18852
18853
18854
18855
18856
18857
18858
18859
18860
18861
18862
18863
18864
18865
18866
18867
18868
18869
18870
18871
18872
18873
18874
18875
18876
18877
18878
18879
18880
18881
18882
18883
18884
18885
18886
18887
18888
18889
18891
18892
18893
18894
18897
18898
18899
18900
18901
18902
18903
19391
19392
19393
19394
19395
19396
19397
19398
19399
19400
19401
19402
19403
19404
19405
19406
19407
19408
19409
19410
19411
19412
19414
19416
19419
19420
19421
19422
19424
19425
19426
19427
19428
19429
19430
19431
19432
19433
19434
19435
19436
19437
19438
19439
19440
19441
19442
19443
19444
19445
19446
19447
19448
19449
19938
19939
19940
19941
19942
19943
19944
19945
19946
19947
19948
19949
19950
19951
19952
19953
19954
19955
19956
19958
19959
19961
19962
19963
19965
19966
19969
19970
19971
19972
19973
19976
19977
19978
19979
19980
19981
19982
19983
19984
19985
19986
19987
19988
19989
19990
19991
19992
19993
20499
20500
20501
20502
20503
20504
20505
20506
20507
20508
20509
20510
20511
20512
20513
20514
20515
20516
20517
20518
20519
20520
20521
20522
20523
20524
20525
20526
20527
20528
20529
20530
20531
20532
20533
20535
20536
20537
20538
20539
20540
20541
20542
20543
20544
20545
20546
20547
20548
20549
20550
20551
20552
20553
20554
20555
20556
20557
20558
20559
20560
21058
21059
21060
21061
21062
21063
21064
21065
21066
21067
21068
21069
21070
21071
21072
21073
21074
21075
21076
21077
21078
21079
21080
21081
21082
21083
21084
21085
21086
21087
21088
21089
21090
21091
21092
21093
21094
21095
21097
21098
21099
21100
21101
21102
21103
21104
21107
21108
21109
21110
21111
21112
21113
21114
21115
21116
21117
21118
21119
21120
21600
21601
21602
21603
21604
21605
21606
21607
21608
21609
21610
21611
21612
21613
21614
21615
21616
21617
21618
21619
21620
21626
21627
21628
21629
21630
21632
21633
21634
21635
21637
21639
21640
21641
21642
21643
21644
21646
21647
21648
21649
21650
21651
21652
21653
21654
21655
21656
21657
22130
22131
22132
22133
22134
22135
22136
22137
22138
22139
22140
22141
22142
22143
22144
22145
22146
22147
22148
22153
22154
22155
22156
22157
22159
22160
22161
22162
22164
22165
22167
22168
22169
22170
22171
22172
22174
22175
22176
22177
22178
22179
22180
22181
22182
22183
22184
22185
22186
22187
22663
22664
22665
22666
22667
22668
22670
22675
22676
22677
22678
22679
22680
22681
22682
22683
22686
22687
22689
22690
22691
22692
22693
22694
22695
22696
22697
22698
22699
22700
22701
22702
22703
22704
22705
22706
22707
22708
23186
23187
23188
23189
23199
23200
23201
23202
23203
23204
23205
23206
23207
23208
23209
23210
23211
23212
23213
23214
23217
23218
23219
23220
23221
23222
23223
23224
23225
23226
23230
23231
23232
23715
23716
23717
23727
23728
23729
23730
23731
23732
23733
23734
23735
23736
23737
23738
23739
23740
23741
23742
23743
23744
23745
23747
23748
23749
23750
23751
23752
23753
23754
23755
23756
23759
24249
24250
24251
24252
24253
24254
24255
24256
24257
24258
24259
24260
24267
24268
24269
24270
24271
24272
24273
24276
24744
24745
24746
24747
24748
24749
24751
24752
24753
24754
24756
24757
24758
24763
24764
24765
24766
24767
24768
24769
25242
25243
25244
25245
25246
25247
25248
25249
25250
25251
25252
25253
25254
25255
25261
25262
25745
25746
25747
25748
25749
25750
25751
25752
25753
25754
25755
25756
25757
25758
25759
26242
26243
26244
26245
26246
26247
26248
26249
26250
26251
26252
26253
26741
26742
26743
26744
26745
26746
26747
26748
26749
26750
27229
27231
27232
27233
27234
27235
27236
27237
27238
27239
27728
27729
27730
27731
27732
27733
27734
27735
27736
27737
27738
28241
28242
28243
28244
28245
28246
28247
28248
28249
28250
28251
28722
28723
28724
28725
28726
28727
28728
28729
28730
29182
29184
29185
29657
29658
30124
30125
30126