197442
198000
198001
198002
198003
198004
198010
198011
198012
198545
198546
198547
198548
198550
198551
198552
198553
198554
198555
198556
198557
198558
199139
199140
199141
199142
199143
199144
199145
199146
199147
199148
199149
199150
199151
199152
199153
199154
199155
199156
199157
199724
199725
199726
199727
199728
199729
199730
199731
199732
199733
199734
199735
199736
199737
199738
199739
199740
199741
199742
199743
199744
199745
199746
199747
199748
199749
200320
200321
200322
200323
200324
200325
200326
200327
200328
200329
200330
200331
200332
200333
200334
200335
200336
200337
200338
200339
200340
200341
200342
200898
200899
200900
200901
200902
200903
200904
200905
200906
200907
200908
200909
200910
200911
200912
200913
200914
200915
200916
200917
200918
200919
200920
200921
200922
201447
201448
201449
201450
201451
201452
201453
201454
201455
201456
201457
201458
201459
201460
201461
201462
201463
201464
201465
201466
201467
201468
201469
201470
201471
201472
202004
202005
202006
202008
202009
202010
202011
202012
202013
202014
202015
202016
202017
202018
202019
202020
202021
202022
202023
202024
202025
202026
202027
202028
202029
202030
202031
202032
202033
202034
202035
202036
202583
202584
202585
202588
202589
202590
202591
202592
202593
202594
202595
202596
202597
202598
202599
202600
202601
202602
202603
202604
202605
202606
202607
202608
202609
202610
202611
202612
202613
202614
203166
203167
203168
203169
203170
203171
203172
203173
203174
203175
203176
203177
203178
203179
203180
203181
203182
203183
203184
203185
203186
203187
203188
203189
203190
203191
203192
203193
203194
203195
203196
203197
203742
203743
203744
203745
203746
203747
203748
203749
203750
203751
203752
203753
203754
203755
203756
203757
203758
203759
203760
203761
203762
203763
203764
203765
203766
203767
203768
203769
203770
203771
203772
203773
203774
203775
203776
203777
203778
203779
204301
204303
204304
204305
204306
204307
204308
204309
204310
204311
204312
204313
204314
204315
204316
204317
204318
204319
204320
204321
204322
204323
204324
204325
204326
204327
204328
204329
204330
204331
204332
204333
204334
204335
204336
204337
204338
204339
204340
204851
204852
204853
204854
204855
204856
204857
204858
204859
204860
204861
204862
204863
204864
204865
204866
204867
204868
204869
204870
204871
204872
204873
204874
204875
204876
204877
204878
204879
204880
204881
204882
204883
204884
204885
204888
205406
205407
205408
205409
205410
205411
205412
205413
205414
205415
205416
205417
205418
205419
205420
205421
205422
205423
205424
205425
205426
205427
205428
205429
205430
205431
205432
205433
205434
205435
205956
205957
205958
205959
205960
205961
205962
205963
205964
205965
205967
205968
205969
205970
205971
205972
205973
205974
205975
205976
205977
205978
205979
205980
205981
205982
205983
205984
205985
205986
206502
206503
206504
206505
206506
206508
206509
206510
206511
206512
206513
206514
206515
206516
206517
206518
206519
206520
206521
206522
206523
206524
206525
206526
206527
206528
206529
206530
206531
206532
206533
206535
207046
207051
207052
207053
207054
207055
207056
207057
207058
207059
207060
207061
207062
207063
207064
207065
207066
207067
207068
207069
207070
207071
207072
207073
207585
207586
207587
207589
207590
207591
207592
207593
207594
207595
207596
207597
207598
207599
207600
207601
207602
207603
207604
207605
207606
207607
207608
208104
208106
208107
208108
208109
208110
208111
208112
208113
208114
208115
208116
208117
208118
208119
208120
208121
208122
208612
208613
208614
208616
208617
208618
208619
208620
208621
208622
208623
208624
208625
208626
208627
208628
209106
209107
209108
209109
209111
209112
209113
209114
209115
209116
209117
209119
209120
209121
209122
209123
209124
209586
209587
209588
209589
209590
209594
209595
209596
209597
209598
209599
209600
209601
210088
210090
210091
210092
210097
210099
210100
210101
210102
210103
210104
210579
210589
210590
210591
210592
210593
210594
210595
210596
210597
211086
211087
211088
211089
211097
211098
211100
211101
211102
211103
211104
211105
211106
211107
211108
211109
211605
211606
211607
211612
211613
211614
211615
211616
211617
211618
211619
211620
211621
211622
211623
211624
211625
211626
211627
211628
212120
212121
212122
212123
212124
212125
212129
212130
212131
212132
212133
212134
212135
212136
212137
212138
212139
212140
212141
212142
212143
212629
212630
212631
212632
212633
212638
212639
212640
212641
212642
212643
212644
212645
212646
212647
212648
212649
212650
212651
212652
212653
212654
212655
212656
213149
213154
213155
213156
213157
213158
213159
213162
213163
213164
213165
213166
213167
213168
213169
213170
213171
213172
213173
213174
213175
213176
213177
213178
213179
213180
213181
213689
213690
213691
213692
213693
213694
213695
213696
213697
213698
213699
213700
213701
213703
213704
213705
213706
213707
213708
213709
213710
213711
213712
213713
213714
213715
213716
213717
213718
213719
213720
213721
213722
213723
214241
214242
214243
214244
214245
214246
214247
214248
214249
214250
214251
214252
214253
214254
214255
214256
214257
214258
214259
214260
214261
214262
214263
214264
214265
214266
214267
214268
214269
214270
214271
214272
214273
214276
214817
214818
214819
214820
214821
214823
214824
214825
214826
214827
214828
214829
214830
214831
214832
214833
214834
214835
214836
214837
214838
214839
214840
214841
214842
214843
214844
214845
214846
214847
214848
214849
214850
214851
215396
215397
215398
215399
215402
215403
215404
215405
215406
215407
215408
215409
215410
215411
215412
215413
215414
215415
215416
215417
215418
215419
215420
215959
215963
215964
215965
215966
215967
215968
215969
215970
215971
215972
215973
215974
215978
215979
215980
215981
216534
216535
216536
216537
216538
216539
216540
216541
216542
216543
216544
216545
216546
216547
216548
216550
216551
217116
217117
217118
217119
217120
217121
217122
217123
217124
217125
217126
217127
217128
217129
217130
217131
217132
217133
217134
217690
217691
217692
217693
217694
217695
217696
217697
217698
217699
217700
217701
217702
217703
217704
217705
217706
217707
217708
217709
218249
218250
218251
218252
218253
218254
218255
218256
218257
218258
218259
218260
218261
218262
218263
218264
218265
218266
218267
218803
218804
218805
218806
218807
218808
218809
218810
218811
218812
218813
218814
218815
218816
218817
218818
218819
219332
219333
219334
219335
219336
219337
219338
219339
219340
219341
219342
219343
219859
219860
219861
219862
219863
219864
219865
219866
219867
219868
219869
219870
219871
219872
219873
219874
219875
220408
220409
220410
220411
220412
220413
220414
220415
220416
220417
220418
220419
220420
220421
220422
220986
220987
220988
220989
220990
220991
220992
220993
220994
220995
220996
220997
220998
220999
221000
221552
221553
221554
221555
221556
221557
221558
221559
221560
221561
221562
221563
221564
222089
222090
222091
222092
222093
222094
222095
222096
222097
222616
222618
222619
223127
223128