160818
161274
161275
161739
161740
161741
161742
161743
161744
161745
162222
162223
162224
162225
162226
162227
162228
162229
162230
162231
162703
162704
162705
162706
162707
162708
163152
163153
163154
163155
163156
163157
163158
163159
163160
163162
163163
163596
163597
163598
163599
163600
163601
163602
163603
163604
163605
163606
163607
163608
163609
163610
163611
163614
164036
164037
164038
164039
164040
164041
164042
164043
164044
164045
164046
164047
164048
164049
164050
164051
164052
164053
164054
164055
164056
164057
164058
164483
164484
164485
164486
164487
164488
164489
164490
164491
164492
164493
164494
164495
164496
164497
164498
164499
164500
164501
164502
164503
164504
164505
164506
164507
164508
164509
164510
164967
164968
164969
164970
164971
164972
164973
164974
164975
164976
164977
164978
164979
164980
164981
164982
164983
164984
164985
164986
164987
164988
164989
164990
164991
164992
164993
164994
164995
164996
164997
164998
165448
165450
165451
165452
165453
165454
165456
165457
165459
165460
165461
165462
165463
165464
165465
165466
165467
165468
165469
165470
165471
165472
165473
165474
165926
165927
165928
165929
165934
165935
165936
165937
165938
165939
165940
165941
165942
165943
165944
165945
165946
165947
165948
165949
166409
166414
166415
166416
166423
166424
166425
166426
166427
166428
166429
166430
166431
166432
166433
166434
166435
166436
166437
166892
166893
166894
166897
166898
166899
166900
166907
166908
166909
166910
166911
166912
166914
166915
166916
166917
166918
166919
166920
166921
166922
166926
166927
166928
166929
167389
167390
167391
167392
167393
167394
167395
167396
167406
167407
167408
167409
167410
167411
167412
167413
167414
167415
167416
167417
167418
167419
167423
167424
167425
167426
167427
167429
167430
167912
167913
167914
167915
167916
167917
167926
167928
167929
167930
167931
167932
167933
167934
167935
167936
167937
167938
167939
167940
167941
167942
167943
167944
168438
168439
168440
168452
168453
168454
168455
168456
168457
168458
168459
168460
168461
168462
168463
168464
168465
168466
168467
168468
168469
168470
168471
168472
168951
168952
168965
168966
168967
168968
168969
168970
168971
168972
168973
168974
168975
168976
168977
168978
168979
168980
168981
168982
169464
169465
169479
169480
169481
169482
169483
169484
169485
169486
169487
169488
169489
169490
169491
169492
169493
169494
169979
169980
169981
169982
169983
169996
169997
169998
169999
170000
170001
170002
170003
170004
170005
170006
170007
170008
170502
170504
170505
170506
170507
170508
170523
170524
170525
170526
170527
170528
170529
170530
170531
170532
170533
170534
170535
171049
171050
171051
171052
171053
171054
171055
171056
171075
171076
171077
171078
171079
171080
171081
171082
171083
171084
171085
171558
171559
171560
171565
171566
171567
171568
171569
171570
171571
171572
171573
171574
171575
171576
171577
171595
171596
171597
171598
171599
171600
171601
171602
171603
171604
171605
171606
172083
172084
172087
172088
172089
172090
172091
172092
172093
172094
172095
172096
172119
172120
172121
172122
172123
172124
172125
172126
172127
172130
172131
172595
172596
172599
172601
172602
172603
172604
172605
172606
172607
172608
172609
172634
172635
172636
172637
172638
172639
172641
173099
173101
173102
173103
173104
173105
173106
173107
173108
173109
173110
173111
173112
173113
173114
173115
173116
173138
173139
173140
173141
173142
173143
173144
173618
173619
173620
173621
173622
173623
173624
173625
173626
173627
173628
173629
173630
173631
173633
173634
173635
173636
173637
173661
173662
173663
173664
173666
173667
174142
174143
174144
174145
174146
174147
174148
174149
174150
174151
174152
174153
174154
174155
174156
174157
174158
174159
174160
174182
174183
174184
174185
174186
174187
174188
174189
174190
174194
174195
174683
174684
174685
174686
174687
174688
174689
174690
174691
174692
174693
174694
174696
174697
174698
174699
174700
174701
174702
174703
174728
174729
174730
174731
174732
174733
174734
174735
174737
174738
174739
175210
175211
175212
175213
175214
175215
175216
175217
175218
175219
175220
175221
175222
175224
175225
175226
175227
175228
175229
175230
175231
175251
175252
175253
175254
175255
175256
175257
175258
175259
175260
175261
175262
175263
175738
175739
175740
175741
175744
175745
175746
175747
175748
175749
175750
175751
175752
175753
175754
175755
175756
175757
175758
175759
175760
175761
175762
175763
175764
175783
175784
175785
175786
175787
175788
175789
175790
175791
175792
175793
175794
176332
176333
176334
176335
176337
176338
176339
176340
176341
176342
176343
176344
176345
176346
176347
176348
176349
176350
176351
176352
176353
176354
176355
176379
176380
176381
176382
176383
176384
176385
176386
176387
176388
176389
176950
176951
176952
176953
176954
176955
176956
176957
176958
176959
176960
176963
176964
176965
176966
176967
176968
176969
176970
176971
176972
176973
177001
177002
177003
177005
177006
177596
177597
177598
177599
177600
177603
177604
177605
177606
177607
177608
177612
177613
177614
177615
177616
177617
177618
177620
177621
177622
177623
177652
177653
177654
177655
177656
177657
177658
178248
178250
178251
178252
178253
178254
178255
178256
178257
178258
178259
178260
178261
178262
178263
178264
178303
178304
178305
178306
178307
178308
178309
178310
178896
178898
178899
178900
178903
178904
178905
178906
178943
178944
178945
178946
178947
179547
179548
179549
179550
179551
179555
179556
179557
179592
179593
179594
179595
179596
179597
179598
179599
180191
180192
180193
180194
180197
180198
180230
180231
180232
180233
180234
180235
180236
180857
180858
180893
180894
180895
180896
180897
180898
180899
180900
180901
180902
181571
181572
181573
181574
181575
181576
181577
181578
181579
182235
182236
182237
182238
182239
182240
182241
182242
182243
182244
182872
182873
182874
182875
182876
182877
182878
182879
182880
182881
183500
183501
183502
183503
183504
183505
183506
183507
183508
183509
184083
184084
184085
184086
184087
184088
184089
184090
184091
184092
184093
184094
184691
184692
184693
184694
184695
184697
184698
184699
184700
184701
184702
185315
185316
185317
185318
185319
185321
185322
185323
185324
185325
185326
185955
185956
185957
185958
185960
185961
185962
185963
185964
185965
185966
185967
185968
186598
186599
186600
186601
186602
186603
186604
186605
186606
186607
186608
186609
186610
186611
187219
187220
187221
187222
187223
187224
187225
187226
187227
187228
187229
187230
187231
187232
187823
187824
187825
187826
187827
187828
187829
187830
187831
187832
187833
187834
187835
187836
187837
187838
187839
187840
188433
188434
188435
188436
188437
188438
188439
188440
188441
188442
188443
188444
188445
188446
188447
189045
189046
189047
189048
189049
189050
189051
189052
189053
189054
189055
189056
189057
189058
189059
189060
189061
189062
189654
189655
189656
189657
189658
189659
189660
189661
189662
189663
190235
190236
190237
190238
190239
190240
190241
190815
190816