165598
165599
165600
166080
166081
166082
166083
166084
166562
166563
166564
166565
166566
166567
166568
166569
166570
166571
166572
166573
166574
167046
167047
167048
167049
167050
167051
167052
167053
167054
167055
167056
167057
167058
167059
167060
167061
167064
167559
167560
167561
167562
167563
167564
167565
167566
167567
167568
167569
167570
167571
167572
167573
167574
167575
167576
167577
167578
167579
167580
167581
167582
168075
168076
168077
168078
168079
168080
168081
168082
168083
168084
168085
168086
168087
168088
168089
168090
168091
168092
168093
168094
168605
168606
168607
168608
168609
168610
168611
168612
168613
168614
168615
168616
168617
168618
168619
168620
168621
169113
169114
169115
169116
169117
169118
169119
169120
169121
169122
169123
169124
169125
169126
169127
169128
169129
169130
169131
169618
169619
169620
169621
169622
169623
169624
169625
169626
169627
169628
169629
169630
169631
170142
170143
170144
170145
170146
170147
170148
170149
170150
170687
170688
170689
170690
170691
170692
170693
170694
170695
170696
171237
171238
171239
171240
171241
171242
171243
171244
171767
171768
171769
171770
171771
171772
171773
171774
171775
171776
172283
172284
172285
172286
172287
172288
172289
172290
172291
172292
172793
172794
172795
172796
172797
172798
172799
172800
172808
173303
173304
173305
173306
173307
173308
173309
173310
173311
173315
173316
173317
173318
173319
173834
173835
173836
173837
173838
173839
173840
173841
173842
173843
173844
173845
173846
173847
173848
174367
174368
174369
174370
174371
174372
174373
174374
174375
174376
174377
174378
174379
174380
174381
174382
174383
174391
174392
174393
174908
174909
174910
174911
174912
174913
174914
174915
174916
174917
174918
174919
174920
174921
174922
174923
174924
174925
174927
174930
174931
175414
175415
175416
175417
175418
175419
175420
175421
175422
175423
175424
175425
175426
175427
175428
175429
175430
175432
175433
175435
175436
175437
175438
175439
175440
175441
175980
175981
175982
175983
175984
175985
175986
175987
175988
175989
175990
175991
175992
175993
175994
175995
175996
175997
175998
175999
176000
176001
176002
176003
176004
176005
176006
176007
176008
176009
176010
176012
176013
176014
176568
176569
176570
176571
176572
176573
176574
176575
176576
176577
176578
176579
176580
176581
176582
176583
176584
176585
176586
176587
176588
176589
176590
176591
176592
176593
176594
176595
176596
176597
176598
176599
176600
176601
176602
176603
176606
176607
176608
176609
176610
177198
177199
177200
177201
177202
177203
177204
177205
177206
177207
177208
177209
177210
177211
177212
177213
177214
177215
177216
177217
177218
177219
177220
177223
177224
177225
177226
177227
177228
177229
177230
177231
177232
177233
177234
177235
177236
177237
177238
177239
177840
177841
177842
177843
177844
177845
177846
177847
177848
177849
177850
177851
177852
177853
177854
177855
177856
177857
177858
177859
177860
177862
177864
177865
177866
177867
177868
177869
177870
177871
177872
177873
177874
177875
177876
177877
177878
177879
177880
178492
178493
178494
178495
178496
178497
178498
178499
178500
178501
178502
178503
178504
178505
178506
178507
178508
178509
178510
178511
178517
178518
178519
178520
178521
178523
178524
178525
178526
178527
178528
178529
178530
178531
178532
178533
179123
179124
179125
179126
179127
179128
179129
179130
179131
179132
179133
179134
179135
179136
179137
179138
179139
179140
179141
179142
179143
179150
179152
179153
179154
179155
179156
179157
179158
179159
179160
179161
179162
179163
179164
179765
179766
179767
179768
179769
179770
179771
179772
179773
179774
179775
179776
179777
179778
179779
179780
179781
179783
179784
179785
179786
179787
179788
179789
179790
179791
179792
180414
180415
180416
180417
180418
180419
180420
180421
180422
180423
180424
180425
180426
180427
180428
180429
180430
180431
180432
180433
180434
180435
180436
180437
180438
180439
180440
180441
181073
181074
181075
181076
181077
181078
181079
181080
181081
181082
181083
181084
181085
181086
181087
181088
181089
181090
181091
181092
181093
181094
181095
181096
181097
181098
181099
181100
181101
181102
181103
181104
181105
181106
181107
181108
181735
181736
181737
181738
181739
181740
181741
181742
181743
181744
181745
181746
181747
181750
181751
181752
181753
181754
181755
181756
181757
181758
181759
181760
181761
181762
181763
181764
181765
182374
182375
182376
182377
182378
182381
182382
182383
182384
182385
182386
182387
182388
182389
182390
182391
182395
182396
182397
182398
182399
182406
182407
182408
182409
182410
182411
182412
183012
183013
183015
183016
183018
183019
183020
183021
183022
183023
183024
183025
183026
183027
183028
183029
183030
183032
183033
183034
183035
183042
183043
183044
183045
183046
183047
183048
183049
183629
183630
183631
183632
183633
183634
183635
183636
183637
183638
183639
183641
183642
183643
183644
183645
183646
183647
183648
183649
183650
183651
183652
183653
183654
183655
183656
183657
183658
183659
183660
183661
183662
183663
183664
183670
183671
183672
183673
184211
184212
184213
184214
184215
184216
184217
184218
184219
184220
184221
184222
184224
184225
184226
184227
184228
184229
184230
184231
184232
184233
184234
184235
184236
184237
184238
184239
184240
184241
184242
184243
184244
184245
184246
184247
184248
184249
184250
184258
184817
184818
184819
184822
184823
184824
184825
184826
184827
184830
184831
184832
184833
184834
184835
184837
184838
184839
184840
184841
184842
184843
184844
184845
184846
184847
184848
184849
184850
184851
184852
184853
184854
184855
184856
185449
185450
185453
185454
185455
185456
185457
185458
185459
185460
185461
185462
185463
185466
185467
185468
185469
185470
185471
185472
185473
185474
185475
185476
185477
185478
185479
185480
185481
185482
185483
185484
185485
185486
185487
185488
186090
186091
186092
186093
186094
186095
186096
186097
186098
186099
186100
186101
186102
186103
186108
186109
186110
186111
186112
186113
186114
186115
186116
186117
186118
186119
186120
186121
186122
186123
186124
186725
186726
186727
186728
186729
186731
186732
186734
186735
186736
186737
186738
186742
186743
186744
186745
186746
186747
186748
186753
186754
186755
186756
186757
186758
187348
187349
187350
187351
187352
187353
187360
187361
187362
187366
187367
187368
187369
187371
187372
187378
187379
187380
187381
187953
187954
187955
187956
187957
187958
187964
187965
187966
187967
187970
187971
187972
187973
188556
188557
188558
188559
188560
188561
188562
188568
188569
188570
188571
188572
188573
188576
188577
188578
188579
188580
189174
189175
189176
189177
189178
189179
189187
189188
189189
189190
189191
189192
189193
189194
189195
189196
189769
189770
189771
189772
189773
189774
189775
189777
189778
189779
189780
189781
189782
189783
189784
190345
190346
190347
190348
190349
190350
190351
190352
190353
190354
190355
190919
190920
190921
190922
190924
190925
190926
190927
191486
191487
191488
191489
191490
191495
192057