379193
379194
379195
379196
379199
379200
379201
379748
379749
379750
379751
379752
379753
379754
379755
379756
379757
379758
379759
380313
380314
380315
380316
380317
380318
380319
380320
380321
380322
380323
380324
380325
380886
380888
380889
380890
380891
380892
380893
380894
380895
380896
380897
380898
380899
380900
380901
380902
380903
381468
381469
381470
381471
381472
381473
381474
381475
381476
381477
381478
381479
381480
381481
381482
381483
381484
381485
381486
381487
381488
381489
382028
382029
382030
382031
382032
382033
382034
382035
382036
382037
382038
382039
382040
382041
382042
382043
382044
382045
382046
382047
382048
382049
382050
382051
382574
382575
382576
382577
382578
382579
382580
382581
382582
382583
382584
382585
382586
382587
382588
382589
382590
382591
382592
382593
382594
382595
383140
383141
383142
383143
383144
383145
383146
383147
383148
383149
383150
383151
383152
383153
383154
383155
383156
383157
383158
383159
383160
383161
383162
383163
383164
383706
383708
383709
383710
383711
383712
383713
383714
383715
383716
383717
383719
383720
383721
383723
383724
383725
383726
383727
383728
383729
383730
384283
384284
384285
384286
384287
384288
384289
384290
384291
384292
384295
384296
384297
384298
384299
384300
384301
384302
384303
384304
384305
384849
384852
384854
384855
384856
384857
384858
384859
384860
384861
384862
384863
384864
384865
384866
384867
384868
384872
384873
385401
385402
385403
385404
385405
385409
385410
385411
385412
385413
385414
385415
385416
385417
385418
385419
385420
385422
385423
385424
385425
385426
385427
385963
385964
385965
385966
385967
385968
385969
385974
385975
385976
385977
385978
385979
385980
385981
385982
385983
385984
385985
385986
385987
385988
385989
385990
385991
385992
385993
385994
386508
386509
386510
386511
386512
386513
386514
386515
386519
386520
386521
386522
386523
386524
386525
386526
386527
386528
386529
386530
386531
386532
386533
386534
386535
386536
386537
387062
387063
387064
387065
387066
387067
387068
387069
387070
387071
387072
387073
387074
387075
387076
387077
387078
387079
387080
387081
387082
387083
387084
387086
387087
387088
387089
387090
387091
387092
387093
387616
387617
387619
387620
387621
387622
387623
387624
387625
387626
387627
387628
387629
387630
387631
387632
387633
387634
387635
387636
387637
387638
387639
387640
387641
387642
388183
388184
388185
388186
388187
388188
388189
388190
388191
388192
388194
388195
388196
388197
388198
388199
388200
388201
388202
388203
388741
388742
388743
388744
388745
388746
388747
388748
388749
388750
388751
388752
388753
388754
388755
388758
389283
389284
389285
389286
389287
389288
389292
389293
389831
389832
389833
389834
389835
389836
389837
389838
389839
389840
390378
390379
390380
390381
390382
390383
390384
390385
390386
390387
390931
390934
390935
390936
390937
390938
390939
390940
390941
390943
390944
391478
391479
391480
391481
391482
391483
391484
391485
391486
391487
391488
391489
391490
391492
392034
392035
392036
392037
392038
392039
392040
392041
392043
392044
392045
392046
392047
392592
392593
392594
392595
392596
392597
392598
392599
392600
392601
393117
393118
393119
393120
393121
393122
393123
393124
393125
393126
393127
393128
393129
393642
393643
393644
393645
393646
393647
393648
393650
393651
393652
393653
393654
393655
393656
394180
394181
394182
394183
394184
394185
394186
394189
394190
394191
394192
394193
394194
394195
394703
394704
394705
394706
394707
394708
394709
394710
394711
394712
394713
394714
394715
394716
395232
395233
395234
395235
395236
395237
395238
395239
395240
395241
395242
395243
395244
395245
395246
395247
395248
395775
395776
395777
395778
395779
395782
395783
395784
395785
395786
395787
395788
395789
395790
395791
395792
395793
396337
396338
396339
396340
396341
396342
396343
396344
396345
396346
396347
396348
396349
396350
396351
396352
396353
396863
396864
396865
396866
396867
396868
396869
396870
396871
396872
396873
396874
396875
396876
396877
396878
396879
397382
397384
397385
397386
397387
397388
397389
397390
397391
397392
397393
397397
397398
397908
397909
397910
397911
397912
397913
397914
397918
397919
397920
397922
397923
398449
398450
398451
398452
398453
398454
398458
398459
398460
398461
398462
398463
399017
399026
399027
399028
399031
399556
399557
399564
399565
399566
399569
399570
399571
400075
400083
400084
400085
400086
400087
400088
400089
400090
400574
400575
400576
400577
400578
400579
400580
401060
401063
401064
401065
401066
401067
401068
401069
401070
401071
401072
401569
401570
401571
401572
401573
401576
401577
401578
401580
401581
401582
401583
401584
402065
402066
402067
402068
402070
402071
402072
402073
402074
402075
402076
402077
402078
402577
402578
402579
402580
402581
402582
402583
402585
402586
402588
402589
403061
403065
403066
403067
403068
403069
403070
403071
403074
403075
403077
403078
403549
403552
403553
403554
403555
403556
403557
403558
404024
404025
404026
404027
404028
404029
404030
404031
404032
404033
404034
404035
404036
404037
404038
404039
404040
404041
404042
404493
404494
404495
404496
404497
404498
404499
404500
404501
404502
404503
404504
404505
404506
404507
404508
404509
404952
404953
404954
404955
404956
404957
404958
404959
404960
404961
404962
404963
404964
404965
404966
405415
405416
405417
405418
405419
405420
405421
405422
405423
405424
405871
405874
405875
405876
405877
405878
405879
405880
406331
406332
406333
406334
406335
406336
406337
406338
406339
406772
406773
406774
406775
406776
406777
406778
406779
407219
407220
407221
407222
407223
407224
407225
407226
407227
407228
407229
407230
407644
407645
407646
407647
407648
407649
407650
407651
407652
407653
407654
407655
407656
408084
408085
408086
408087
408088
408089
408090
408091
408093
408094
408095
408524
408525
408526
408527
408528
408531
408954
408955
408956
408957
408958
408959
408960
408961
409414
409415
409416
409417
409418
409419
409420
409421
409422
409423
409424
409878
409879
409880
409881
409882
409883
409884
409885
409886
409887
409888
409889
409890
410343
410344
410345
410346
410347
410349
410789
410790
410791
410792
410793
410794
410795
410796
411241
411242
411243
411244
411245
411246
411247
411248
411710
411711
411712
411713
411714
411715
411716
411717
411719
411720
412190
412191
412192
412193
412194
412195
412196
412197
412198
412667
412668
412669
412670
412671
412672
412673
412674
412675
412676
412677
412678
413155
413156
413157
413158
413159
413160
413161
413162
413163
413164
413662
413663
413664
413665
413666
413667
413668
413669
413670
414145
414146
414147
414148
414149
414150
414151
414152
414153
414154
414155
414156
414628
414629
414630
414631
414632
414633
414634
414635
414636
414637
414638
414639
414640
414641
415163
415164
415165
415166
415167
415168
415169
415170
415171
415172
415173
415174
415695
415696
415698
415699
415700
415701
415702
416222
416223
416224
416225
416230
416231
416232
416737
416741
416742
416743
417211
417216
417690
418163