208465
208966
208967
208968
209443
209444
209445
209446
209943
209944
209945
209946
209947
210426
210427
210428
210429
210430
210934
210935
210936
210937
210938
210939
210940
211453
211454
211455
211456
211457
211458
211459
211992
211993
211994
211995
211996
211997
211998
212501
212502
212503
212504
212505
212506
212507
213019
213020
213021
213022
213023
213553
213555
213556
213557
213558
213559
213560
214112
214113
214114
214116
214117
214118
214119
214688
214689
214690
214691
214692
214694
214695
214696
214697
215274
215275
215276
215277
215278
215279
215280
215281
215846
215847
215848
215849
215850
215851
215852
215853
216413
216414
216415
216416
216417
216418
216420
216421
216989
216990
216991
216992
216993
217565
217566
218121
218122
218123
218678
218679
219204
219732
220267
220268
220269
220850
220851
221414
221415
221957
221958
221959
221960
221961
222476
222477
222478
222479
222480
222481
222482
222483
222484
222998
222999
223000
223001
223002
223003
223004
223005
223006
223500
223501
223504
223505
223506
223507
223508
223509
224040
224041
224042
224043
224044
224045
224046
224047
224048
224049
224050
224051
224556
224557
224558
224559
224560
224561
224562
224563
224564
224565
224566
224567
225074
225076
225077
225078
225079
225080
225081
225082
225084
225589
225591
225592
225593
225594
225595
225596
225597
225598
225599
226096
226097
226098
226099
226100
226101
226102
226103
226104
226105
226106
226107
226108
226109
226614
226615
226616
226617
226618
226619
226620
226621
226622
226623
226624
226625
226626
227123
227124
227125
227126
227127
227129
227130
227131
227133
227134
227626
227627
227628
227629
227630
227631
227632
227633
227634
227635
227636
227637
227638
227639
227640
228142
228143
228144
228145
228146
228147
228148
228149
228150
228151
228152
228153
228154
228155
228674
228675
228676
228677
228678
228679
228680
228681
228682
228683
228684
228685
229201
229202
229203
229204
229205
229206
229207
229208
229209
229210
229211
229727
229728
229729
229730
229731
229732
229733
229735
229736
229737
229738
229739
229740
229741
229742
229743
230264
230265
230266
230267
230268
230269
230270
230271
230272
230273
230274
230275
230276
230277
230278
230279
230280
230281
230798
230799
230800
230802
230803
230804
230805
230806
230807
230808
230809
231350
231351
231353
231354
231355
231356
231360
231361
231362
231363
231364
231365
231366
231888
231889
231894
231896
231897
231898
231899
231900
231901
231902
231904
231905
231906
231907
231908
231909
231910
231911
231912
231914
232459
232460
232464
232466
232467
232468
232469
232471
232472
232473
232474
232475
232476
232477
232478
232479
233041
233042
233043
233044
233045
233046
233047
233048
233049
233050
233051
233052
233053
233054
233057
233058
233059
233060
233063
233064
233065
233066
233067
233628
233629
233630
233631
233632
233633
233634
233635
233636
233637
233638
233639
233640
233641
233644
233645
233650
233652
233653
233654
234188
234190
234191
234192
234193
234194
234195
234196
234197
234198
234200
234201
234202
234203
234206
234207
234208
234209
234212
234213
234214
234215
234216
234217
234735
234736
234737
234738
234739
234740
234741
234742
234743
234744
234745
234746
234747
234748
234749
234750
234751
234754
234755
234756
234757
234758
234759
234760
234761
234762
234763
235287
235288
235289
235290
235291
235292
235293
235294
235295
235296
235297
235298
235299
235300
235301
235302
235304
235305
235306
235307
235308
235309
235310
235857
235858
235859
235860
235861
235862
235863
235864
235865
235866
235867
235868
235869
235870
235871
235872
235873
235874
235875
235877
235878
235879
235880
235881
235882
235883
236449
236450
236451
236452
236453
236454
236457
236458
236459
236460
236461
236462
236464
236465
236466
236467
236468
236469
236472
236473
236474
236475
236476
236477
237057
237058
237059
237060
237061
237063
237067
237068
237069
237073
237074
237075
237076
237077
237078
237081
237082
237083
237084
237085
237086
237087
237088
237090
237091
237092
237686
237687
237692
237693
237694
237695
237696
237697
237698
237699
237700
237701
237702
237703
237704
237705
237706
237707
237708
237709
237710
237711
237712
237717
237718
237719
237720
238303
238310
238311
238312
238313
238314
238315
238316
238317
238318
238320
238321
238322
238323
238324
238325
238328
238329
238330
238331
238907
238908
238909
238910
238914
238915
238916
238917
238918
238919
238920
238921
238922
238923
238924
238925
238926
238927
238928
238929
238930
238931
238932
239533
239534
239535
239536
239537
239538
239543
239544
239545
239546
239547
239548
239549
239550
239551
239552
239553
239554
239555
239556
239557
239558
239559
239560
239561
240165
240166
240167
240168
240169
240170
240174
240175
240176
240177
240178
240179
240180
240181
240182
240183
240184
240185
240186
240187
240188
240189
240190
240765
240766
240767
240768
240769
240770
240771
240772
240773
240774
240775
240776
240777
240778
240779
240780
240781
240782
241334
241335
241336
241337
241338
241339
241340
241341
241342
241343
241344
241345
241346
241347
241348
241349
241350
241351
241918
241919
241920
241921
241923
241924
241925
241926
241927
241928
241929
241930
241931
241932
241933
241934
241935
242517
242520
242521
242522
242523
242524
242525
242526
242527
242528
242529
242530
242531
242532
242533
242534
242535
242536
242537
242538
243114
243115
243117
243118
243119
243120
243121
243122
243123
243124
243125
243126
243127
243128
243129
243130
243131
243132
243133
243723
243724
243725
243726
243727
243728
243729
243730
243731
243732
243733
243734
243735
243736
243737
243738
243739
244326
244327
244330
244331
244332
244333
244334
244335
244336
244337
244338
244339
244340
244341
244930
244931
244932
244933
244934
244935
244936
244937
244938
244939
244940
244941
244942
244943
244944
244945
245533
245534
245535
245536
245537
245538
245539
245540
245541
245542
245543
245544
245545
245546
245547
245548
246116
246117
246118
246119
246120
246121
246122
246123
246124
246125
246126
246127
246128
246129
246130
246131
246132
246701
246702
246703
246704
246705
246706
246707
246708
246709
246711
246712
246713
246714
246715
246716
247283
247284
247285
247286
247287
247288
247289
247292
247293
247294
247854
247855
247856
247857
247858
247859
247860
247861
247862
248409
248410
248411
248412
248413
248414
248415
248416
248417
248421
248956
248957
248958
248959
248960
248961
248962
248963
248964
248965
248966
248967
248968
248969
248970
249505
249506
249507
249508
249509
249510
249511
249512
249513
249514
249515
249516
249517
249518
249519
250053
250054
250055
250056
250057
250058
250059
250060
250061
250062
250063
250064
250065
250586
250587
250588
250589
250590
250591
250592
250593
250594
250597
250598
250599
251142
251144
251145
251146
251147
251148
251687
251688
251689
251692
251693
251694
252264
252265
252266
252267
252268
252269
252270
252857
252858
252859
252860
252861
252862
253434
253435
253436
253437
253438
253439
254009
254010
254011
254012
254013
254610
254611
254612
254613
254614
255227