449582
449583
449584
449585
449586
449906
449907
449908
449909
449910
449911
449912
449913
450244
450245
450246
450247
450248
450249
450250
450584
450585
450586
450587
450588
450589
450590
450591
450592
450593
450906
450907
450908
450909
450910
450911
450912
450913
450914
451232
451233
451234
451235
451236
451237
451238
451239
451240
451241
451242
451551
451552
451553
451554
451555
451556
451557
451558
451559
451560
451561
451562
451865
451866
451867
451868
451869
451870
451871
451872
451873
452194
452197
452198
452199
452200
452201
452514
452515
452518
452519
452520
452521
452522
452523
452524
452848
452849
452850
452853
452854
452855
452856
452857
452858
452859
452860
453190
453191
453192
453193
453194
453195
453196
453197
453198
453199
453200
453201
453203
453204
453517
453518
453519
453520
453521
453522
453523
453524
453525
453526
453527
453528
453529
453530
453835
453836
453837
453838
453839
453840
453841
453842
453843
453844
453845
453846
453847
454144
454145
454146
454147
454148
454149
454150
454151
454152
454153
454154
454155
454156
454161
454454
454455
454456
454457
454458
454459
454460
454461
454462
454464
454465
454466
454468
454469
454470
454770
454771
454772
454773
454774
454775
454776
454777
454778
454779
454780
454781
454782
454783
454784
454785
454786
454787
455072
455073
455075
455076
455077
455078
455079
455080
455081
455082
455083
455084
455085
455086
455087
455088
455089
455090
455091
455092
455101
455385
455386
455387
455388
455389
455390
455391
455392
455393
455394
455395
455396
455397
455398
455399
455400
455401
455403
455404
455414
455415
455419
455725
455726
455727
455728
455729
455730
455734
455735
455736
455737
455738
455739
455740
455741
455742
455743
455744
455746
455747
455756
455757
455758
455759
455760
455761
455762
455763
455764
456082
456083
456084
456085
456086
456087
456088
456089
456092
456093
456094
456095
456096
456097
456098
456099
456100
456104
456105
456108
456109
456111
456112
456113
456114
456115
456116
456117
456118
456119
456120
456121
456429
456430
456431
456432
456433
456434
456435
456436
456439
456440
456441
456442
456443
456444
456445
456446
456450
456451
456452
456453
456454
456455
456456
456458
456459
456460
456461
456462
456463
456464
456465
456466
456766
456767
456768
456769
456770
456774
456775
456776
456777
456778
456779
456783
456784
456785
456787
456788
456789
456790
456791
456792
456793
456794
456795
456796
456797
456799
457088
457089
457090
457091
457092
457093
457094
457097
457098
457099
457100
457105
457107
457111
457112
457113
457114
457115
457116
457117
457402
457403
457404
457405
457406
457407
457408
457409
457410
457411
457412
457413
457414
457415
457416
457417
457418
457419
457420
457423
457424
457425
457426
457427
457428
457429
457430
457431
457432
457433
457434
457723
457724
457725
457726
457727
457728
457729
457730
457731
457732
457733
457734
457735
457736
457737
457738
457739
457742
457743
457744
457745
457746
457747
457749
457750
457751
457752
458022
458023
458024
458025
458026
458027
458028
458029
458030
458031
458032
458033
458034
458035
458036
458039
458040
458041
458042
458043
458044
458045
458046
458047
458048
458321
458322
458323
458324
458325
458326
458327
458328
458329
458330
458331
458332
458333
458334
458335
458336
458337
458338
458339
458340
458342
458343
458344
458345
458625
458626
458627
458628
458629
458630
458631
458632
458633
458634
458635
458636
458637
458638
458639
458640
458641
458642
458643
458644
458645
458646
458647
458648
458649
458650
458651
458652
458654
458935
458936
458937
458938
458939
458940
458941
458942
458943
458944
458945
458946
458947
458948
458949
458950
458951
458952
458953
458954
458955
458956
458957
458958
458959
458960
458961
458962
459250
459251
459252
459253
459254
459255
459256
459257
459258
459259
459260
459261
459262
459263
459264
459265
459266
459267
459268
459269
459270
459271
459272
459273
459274
459546
459547
459548
459551
459552
459553
459554
459555
459556
459557
459558
459559
459560
459561
459562
459563
459564
459565
459566
459567
459568
459569
459570
459571
459572
459573
459845
459846
459851
459852
459853
459854
459856
459857
459858
459859
459860
459861
459862
459863
459864
459865
459866
459867
459868
459870
459871
460141
460142
460143
460145
460146
460148
460149
460150
460152
460153
460154
460155
460156
460157
460158
460159
460160
460161
460162
460163
460165
460166
460167
460171
460454
460455
460456
460458
460459
460460
460461
460462
460463
460464
460465
460466
460467
460468
460469
460470
460471
460472
460473
460474
460475
460476
460477
460480
460481
460484
460774
460775
460776
460777
460778
460779
460781
460782
460783
460784
460785
460786
460787
460788
460789
460790
460791
460792
460793
460794
460795
460796
460797
460798
461084
461085
461086
461088
461089
461090
461091
461092
461093
461094
461095
461096
461097
461098
461099
461100
461101
461102
461103
461104
461105
461106
461404
461405
461406
461407
461408
461409
461410
461411
461412
461413
461414
461415
461416
461417
461418
461419
461420
461421
461422
461423
461424
461425
461426
461427
461731
461732
461733
461734
461735
461736
461737
461738
461739
461740
461741
461742
461743
461744
461745
461746
461747
461748
461749
461750
461751
461752
461753
461754
462056
462057
462058
462059
462060
462064
462065
462066
462067
462068
462069
462070
462071
462072
462073
462074
462075
462076
462077
462078
462079
462080
462081
462381
462382
462383
462384
462385
462389
462390
462391
462392
462393
462394
462395
462396
462397
462398
462399
462400
462401
462402
462403
462404
462405
462406
462696
462697
462698
462699
462700
462701
462702
462703
462704
462705
462706
462707
462709
462710
462711
462712
462713
462714
462715
462716
462717
462718
462719
462720
462721
462722
462723
463016
463017
463018
463019
463020
463021
463022
463023
463024
463025
463027
463028
463029
463030
463031
463032
463033
463034
463345
463346
463347
463350
463351
463352
463353
463356
463357
463358
463359
463360
463361
463362
463363
463364
463670
463671
463678
463679
463682
463683
463684
463685
463686
463687
463688
463689
463690
463691
463994
463996
463997
463998
463999
464000
464001
464002
464003
464004
464005
464006
464007
464321
464322
464323
464324
464325
464326
464327
464328
464329
464330
464331
464332
464333
464334
464659
464660
464661
464662
464663
464664
464665
464666
464667
464668
464669
464670
464671
464997
464998
464999
465000
465001
465002
465003
465004
465005
465006
465007
465008
465325
465326
465327
465328
465329
465330
465331
465332
465333
465334
465335
465336
465648
465649
465650
465651
465652
465653
465654
465655
465656
465657
465658
465659
466002
466004
466005
466006
466007
466008
466347
466348
466349
466350
466351
466352
466673
466674
466675
466676
466677
466678
466679
466680
466997
466998
466999
467000
467001
467002
467003
467004
467005
467325
467326
467327
467328
467329
467642
467643
467644
467645
467646
467647
467965
467966
467967
467968
467969
468280
468281
468282
468579
468580
468875
468876
468877
469173
469174
469468
469469