220916
220917
220918
220919
221477
221478
221479
221480
221481
221482
221483
221484
222018
222019
222020
222021
222022
222023
222024
222542
222543
222544
222545
222546
222547
222548
222549
222550
222551
222552
223058
223059
223060
223061
223062
223063
223064
223065
223071
223072
223094
223095
223566
223567
223568
223569
223570
223571
223572
223573
223574
223575
223582
223583
223584
223585
223586
223605
223606
224100
224101
224102
224103
224104
224105
224106
224107
224108
224109
224110
224111
224117
224118
224119
224120
224128
224138
224626
224627
224628
224629
224630
224631
224632
224633
224634
224635
224640
224641
224642
224643
224644
224645
224646
224651
224652
224653
224654
225125
225126
225127
225128
225130
225133
225134
225135
225136
225137
225138
225139
225140
225141
225142
225143
225144
225148
225149
225150
225151
225152
225153
225154
225155
225156
225157
225158
225159
225164
225165
225166
225167
225646
225647
225648
225650
225651
225652
225653
225654
225655
225657
225658
225659
225660
225661
225662
225663
225664
225665
225666
225670
225671
225672
225673
225674
225675
225676
225677
225678
225679
225680
225681
225682
225683
225686
225687
226159
226160
226161
226162
226163
226164
226165
226166
226167
226168
226170
226171
226172
226173
226174
226175
226176
226177
226178
226179
226180
226181
226183
226184
226185
226186
226187
226188
226189
226190
226192
226193
226194
226195
226196
226200
226201
226202
226203
226204
226205
226206
226676
226677
226678
226679
226680
226681
226682
226684
226685
226686
226687
226688
226689
226690
226691
226692
226693
226694
226695
226696
226697
226698
226699
226700
226701
226702
226703
226704
226705
226706
226707
226711
226712
226713
226714
226717
226718
226719
226720
226721
226722
227176
227177
227178
227179
227180
227181
227182
227183
227184
227185
227186
227187
227188
227189
227190
227193
227194
227195
227196
227197
227198
227199
227200
227201
227202
227203
227204
227205
227206
227207
227211
227212
227213
227214
227215
227216
227217
227218
227219
227220
227221
227681
227682
227683
227684
227685
227686
227687
227688
227689
227690
227691
227692
227693
227694
227699
227700
227701
227702
227703
227704
227705
227706
227707
227708
227709
227710
227711
227712
227716
227717
227718
227719
227720
227721
227723
227724
227725
227726
228206
228207
228208
228209
228211
228212
228213
228214
228215
228216
228222
228223
228224
228225
228226
228227
228228
228229
228230
228231
228232
228233
228234
228235
228236
228237
228241
228242
228243
228244
228245
228246
228247
228738
228739
228740
228741
228742
228743
228744
228745
228746
228752
228753
228754
228755
228756
228757
228758
228759
228760
228761
228762
228763
228764
228765
228766
228767
228768
228769
228770
228771
228772
228776
228777
228778
228779
228780
229265
229266
229267
229268
229269
229270
229271
229279
229280
229281
229282
229283
229284
229285
229286
229287
229288
229289
229292
229293
229294
229295
229296
229297
229298
229300
229301
229302
229303
229801
229802
229803
229808
229809
229810
229811
229812
229813
229814
229815
229816
229817
229818
229819
229823
229824
229825
229826
229827
229828
229829
229830
229831
229832
229833
229834
230350
230351
230352
230353
230354
230358
230359
230360
230361
230362
230363
230364
230365
230369
230370
230371
230372
230373
230374
230375
230376
230377
230378
230379
230885
230886
230889
230890
230891
230892
230893
230898
230899
230900
230901
230902
230903
230904
230905
230906
230907
230908
230909
230910
231438
231439
231441
231442
231443
231444
231445
231446
231447
231448
231449
231450
231451
231452
231453
231458
231459
231460
231461
231462
231463
231464
231465
231466
232000
232001
232002
232003
232004
232005
232006
232007
232008
232009
232010
232011
232012
232013
232014
232015
232016
232017
232020
232021
232022
232024
232565
232566
232567
232568
232569
232570
232571
232572
232573
232574
232575
232576
232577
232578
232579
232580
232581
232582
232583
232584
232585
233164
233165
233166
233167
233168
233169
233170
233171
233172
233173
233174
233175
233176
233177
233178
233179
233180
233181
233182
233183
233184
233185
233745
233746
233747
233748
233749
233750
233751
233752
233753
233754
233755
233756
233757
233758
233759
234291
234292
234293
234294
234295
234296
234297
234298
234299
234300
234301
234302
234303
234836
234837
234839
234840
234841
234842
234843
234844
234845
234846
234847
234848
234849
234850
234851
234852
234853
234854
235391
235392
235393
235394
235397
235398
235399
235400
235401
235402
235403
235404
235405
235406
235407
235408
235409
235410
235963
235964
235965
235968
235969
235971
235972
235973
235974
235975
235976
235977
235978
235979
236563
236564
236565
236566
236568
236569
236570
236571
236572
236573
236574
236575
236576
236577
236578
236579
236580
236581
236582
236583
237185
237186
237187
237188
237189
237190
237191
237192
237193
237194
237195
237196
237197
237198
237199
237200
237201
237202
237203
237204
237205
237805
237806
237807
237809
237810
237811
237812
237813
237815
237816
237817
237818
237819
237820
237821
237822
237823
237824
237825
238409
238410
238411
238412
238413
238414
238415
238416
238417
238418
238419
238421
238422
238423
238424
238425
238426
238427
238428
238429
238430
238431
238432
239015
239016
239017
239018
239022
239023
239024
239025
239026
239027
239028
239029
239030
239031
239032
239033
239034
239035
239036
239037
239038
239649
239650
239651
239655
239656
239657
239658
239661
239662
239663
239664
239665
239666
239667
239668
239669
239670
239671
240276
240277
240278
240279
240283
240284
240285
240286
240289
240290
240291
240292
240294
240295
240296
240297
240863
240864
240870
240871
240872
240873
240874
240875
240876
240877
240878
240879
240880
240881
240882
240883
240884
240885
241438
241439
241440
241441
241442
241443
241444
241445
241446
241447
241448
241449
241450
241451
241452
241453
242021
242022
242023
242024
242025
242026
242027
242028
242029
242030
242031
242032
242033
242034
242035
242036
242037
242607
242608
242609
242610
242611
242612
242613
242614
242615
242616
242617
242618
242619
242620
242621
242622
242623
242624
243202
243203
243204
243205
243206
243207
243208
243209
243210
243211
243212
243213
243214
243215
243216
243217
243805
243806
243807
243808
243810
243812
243813
243814
243815
243816
243817
243818
243819
243820
244397
244398
244399
244400
244401
244403
244404
244405
244406
244407
244408
244409
244410
244411
244412
245003
245004
245005
245006
245007
245008
245009
245010
245011
245012
245013
245014
245015
245016
245017
245018
245615
245616
245617
245618
245619
245620
245622
245623
245624
245625
245626
245627
245628
245629
245630
245631
246192
246193
246194
246195
246196
246197
246198
246199
246200
246201
246780
246781
246782
246783
246784
246785
246786
246787
246788
246789
246790
246791
246792
247364
247365
247366
247367
247369
247371
247372
247373
247374
247930
247931
247932
247933
247938
247939
247940
248488
248490
248491
248494
248495
249043
249044
249045
249601
249602
249603
249604
250143
250145