180
181
182
183
184
195
196
197
198
199
200
201
202
203
204
205
639
640
641
642
643
651
652
653
654
655
656
657
658
659
660
661
662
663
664
665
1084
1085
1086
1087
1088
1089
1090
1091
1097
1098
1099
1100
1101
1102
1103
1104
1105
1106
1107
1108
1109
1110
1111
1112
1113
1114
1516
1517
1518
1519
1520
1521
1522
1523
1524
1525
1531
1532
1533
1534
1535
1536
1537
1538
1539
1540
1541
1542
1543
1544
1545
1546
1547
1548
1549
1931
1932
1933
1934
1935
1936
1937
1938
1939
1940
1944
1945
1946
1947
1948
1949
1950
1951
1952
1953
1954
1955
1956
1957
1958
1959
2339
2342
2343
2344
2345
2346
2347
2351
2352
2353
2354
2355
2356
2357
2358
2359
2360
2361
2362
2363
2364
2365
2366
2367
2758
2759
2760
2761
2767
2768
2769
2770
2771
2772
2773
2774
2775
2776
2777
2778
2779
3183
3184
3191
3192
3193
3194
3195
3196
3197
3198
3199
3200
3201
3202
3203
3204
3205
3206
3207
3568
3569
3570
3576
3577
3578
3579
3580
3581
3582
3583
3584
3585
3945
3946
3950
3951
3952
3958
3959
3960
3961
3962
3963
3964
3965
3966
3967
3968
3969
4319
4320
4321
4322
4323
4324
4325
4329
4330
4331
4332
4333
4334
4335
4336
4337
4338
4339
4340
4341
4342
4343
4344
4731
4732
4733
4734
4736
4737
4738
4739
4746
4747
4748
4749
4750
4751
4752
4753
5148
5149
5151
5152
5153
5154
5155
5156
5157
5158
5159
5166
5167
5168
5169
5170
5171
5172
5571
5573
5574
5575
5576
5577
5578
5579
5580
5581
5582
5583
5589
5590
5591
5592
5593
5594
5595
6003
6004
6005
6006
6007
6008
6009
6010
6011
6012
6013
6014
6015
6016
6017
6018
6019
6020
6021
6022
6023
6024
6025
6026
6027
6028
6029
6030
6031
6462
6463
6464
6465
6466
6467
6468
6469
6470
6471
6472
6473
6474
6475
6476
6477
6478
6479
6480
6481
6482
6483
6484
6485
6486
6487
6488
6489
6490
6933
6934
6935
6936
6937
6938
6939
6940
6941
6942
6943
6944
6945
6946
6947
6948
6949
6950
6951
6952
6953
6954
6955
6956
6957
6958
6959
6960
6961
6962
6963
6964
7435
7436
7437
7438
7439
7440
7441
7442
7443
7444
7445
7446
7447
7448
7449
7450
7451
7452
7453
7454
7455
7456
7457
7458
7459
7460
7461
7462
7463
7464
7465
7466
7468
7469
7937
7938
7939
7940
7941
7942
7943
7944
7945
7946
7947
7948
7949
7950
7951
7952
7953
7954
7955
7956
7957
7958
7959
7960
7961
7962
7963
7964
7965
7966
7967
7970
7971
8434
8435
8436
8437
8438
8439
8440
8441
8442
8443
8444
8445
8446
8447
8448
8450
8451
8452
8453
8454
8455
8456
8457
8458
8459
8918
8919
8920
8921
8922
8923
8924
8925
8926
8927
8928
8929
8930
8931
8936
8937
8938
8939
8940
8941
8942
8943
8944
8945
9445
9446
9447
9448
9449
9451
9452
9453
9454
9455
9456
9460
9461
9462
9463
9464
9465
9466
9467
9468
9469
9470
9471
9472
9473
9474
9475
9476
9970
9971
9972
9974
9975
9976
9977
9978
9979
9983
9984
9985
9986
9987
9988
9989
9990
9991
9992
9993
9994
9995
9996
9997
9998
10518
10519
10520
10521
10522
10523
10524
10525
10529
10530
10531
10532
10533
10534
10535
10536
10537
10538
10539
10540
10541
10542
10543
10544
10545
11064
11065
11066
11068
11073
11074
11075
11076
11077
11078
11079
11080
11081
11082
11083
11084
11087
11626
11627
11628
11637
11638
11639
11640
11641
11642
11643
11644
11645
11646
11647
12215
12216
12217
12218
12219
12220
12221
12222
12226
12227
12228
12229
12230
12231
12232
12233
12234
12235
12236
12237
12799
12800
12801
12802
12803
12804
12808
12809
12810
12811
12812
12813
12814
12815
12816
12817
12818
12819
12820
12821
13400
13401
13402
13403
13404
13406
13407
13408
13409
13410
13411
13412
13413
13414
13415
13416
13991
13992
13993
13994
13995
13996
13997
13998
13999
14000
14001
14002
14003
14004
14005
14006
14007
14008
14009
14010
14582
14583
14584
14585
14586
14587
14588
14589
14590
14591
14592
14593
14594
14595
14596
14597
14598
14599
15173
15174
15175
15176
15177
15178
15179
15180
15181
15182
15183
15184
15185
15186
15187
15188
15189
15754
15755
15756
15757
15758
15759
15761
15762
15763
15764
15765
15766
15767
15768
15769
16327
16328
16329
16330
16331
16332
16333
16334
16335
16336
16337
16338
16339
16340
16900
16901
16902
16903
16904
16905
16906
16907
16908
16909
16911
16912
16913
16914
17485
17486
17487
17488
17489
17490
17491
17492
17493
17494
17495
17496
17499
17500
17501
17502
18045
18046
18047
18048
18049
18050
18051
18052
18053
18054
18055
18059
18060
18061
18062
18063
18064
18577
18578
18579
18580
18581
18582
18583
18584
18585
18586
18587
18588
18591
18592
19119
19120
19121
19122
19123
19124
19127
19130
19131
19656
19657
19658
19659
19660
19665
19668
19669
20192
20193
20194
20195
20197
20198
20199
20201
20202
20203
20760
20761
20762
20763
21318
21319
497382
497383
497384
497863
497864
497865
498352
498353
498354
498355
498356
498357
498856
498857
498858
498859
498860
498861
498862
499373
499374
499375
499376
499377
499378
499379
499380
499905
499906
499907
499908
499909
499910
499911
499912
500441
500442
500443
500444
500445
500446
500447
500448
500449
500450
500455
500456
500978
500979
500980
500981
500982
500983
500984
500985
500986
500987
500988
500989
500993
501506
501507
501508
501509
501510
501511
501512
501513
501514
501515
501516
501517
501518
501519
501523
501524
501525
501527
502013
502014
502015
502016
502017
502018
502019
502020
502021
502022
502023
502024
502025
502026
502027
502028
502029
502030
502031
502032
502033
502034
502035
502036
502466
502467
502468
502469
502470
502471
502472
502473
502474
502475
502476
502477
502478
502479
502480
502481
502482
502483
502484
502485
502486
502487
502488
502489
502490
502491
502492
502493
502921
502922
502923
502924
502926
502927
502929
502930
502931
502932
502937
502938
502939
502940
502941
502942
502943
502944
502945
502946
502947
503389
503390
503391
503392
503393
503394
503403
503404
503405
503406
503407
503408
503409
503410
503411
503412
503413