398
399
400
401
402
403
404
405
410
411
412
854
855
856
857
858
859
860
861
1290
1291
1293
1294
1295
484769
484772
484773
485092
485093
485094
485095
485096
485097
485098
485099
485100
485429
485430
485431
485432
485433
485434
485436
485437
485438
485439
485442
485764
485765
485766
485767
485768
485769
485772
485773
485774
485775
485776
485777
485778
486077
486078
486079
486080
486081
486083
486084
486085
486086
486087
486088
486089
486090
486093
486393
486395
486396
486397
486398
486399
486403
486404
486405
486407
486408
486409
486410
486411
486412
486413
486414
486415
486718
486719
486720
486721
486722
486723
486724
486727
486728
486729
486730
486731
486732
486733
486735
486736
486737
486738
486739
486740
486741
487081
487082
487083
487084
487085
487086
487087
487088
487089
487090
487091
487092
487093
487094
487099
487100
487101
487102
487103
487445
487446
487447
487448
487449
487450
487451
487452
487453
487454
487455
487456
487462
487463
487464
487465
487466
487827
487828
487829
487830
487831
487832
487833
487834
487837
487838
487839
487840
487841
487842
487847
487848
487849
487850
487851
488201
488202
488203
488204
488205
488206
488207
488208
488209
488210
488212
488213
488220
488221
488222
488223
488224
488225
488601
488602
488603
488604
488605
488606
488607
488608
488609
488610
488622
489004
489005
489006
489007
489008
489009
489010
489011
489012
489013
489014
489015
489020
489021
489409
489410
489411
489412
489413
489414
489415
489416
489418
489423
489424
489425
489426
489427
489428
489429
489430
489834
489835
489836
489837
489838
489839
489840
489848
489849
489850
489851
489852
489853
489854
489855
489856
489857
489858
489859
489864
489865
489866
489868
490253
490254
490255
490256
490257
490258
490259
490260
490264
490265
490267
490268
490269
490270
490271
490272
490273
490274
490275
490279
490280
490281
490282
490283
490654
490655
490656
490657
490658
490659
490660
490661
490662
490663
490664
490665
490666
490667
490668
490669
490673
490674
490675
490676
490677
490678
490679
490680
490681
490683
490685
490686
490687
490688
490689
491047
491048
491049
491050
491051
491052
491053
491054
491055
491056
491057
491058
491059
491061
491065
491066
491067
491068
491069
491070
491071
491072
491073
491074
491075
491076
491077
491078
491079
491080
491081
491082
491083
491448
491449
491450
491451
491452
491453
491454
491455
491456
491457
491458
491459
491466
491467
491468
491469
491470
491471
491472
491473
491474
491475
491476
491477
491478
491479
491480
491481
491482
491483
491858
491859
491860
491861
491862
491863
491864
491865
491866
491867
491868
491869
491870
491875
491876
491877
491878
491880
491881
491882
491883
491884
491885
491886
491887
491888
491889
491890
491891
491892
492279
492280
492281
492282
492283
492284
492285
492286
492287
492288
492289
492290
492291
492292
492296
492297
492298
492299
492300
492301
492302
492303
492304
492305
492306
492307
492308
492309
492310
492311
492312
492695
492696
492697
492698
492699
492700
492701
492702
492703
492704
492705
492706
492707
492708
492709
492710
492711
492712
492713
492714
492715
492716
492717
492718
492719
492720
492721
492722
492723
492724
492725
492726
492727
492728
493126
493127
493128
493129
493130
493131
493132
493133
493134
493135
493136
493137
493138
493139
493140
493141
493142
493143
493144
493145
493146
493147
493148
493149
493150
493151
493152
493153
493154
493155
493156
493157
493158
493159
493160
493161
493553
493554
493555
493556
493557
493558
493559
493560
493561
493562
493563
493564
493565
493566
493567
493568
493569
493570
493571
493572
493573
493574
493575
493576
493577
493578
493579
493580
493581
493582
493583
493584
493977
493978
493979
493980
493981
493982
493983
493984
493985
493986
493987
493988
493989
493990
493991
493992
493993
493994
493995
493996
493997
493999
494000
494001
494002
494003
494004
494005
494006
494007
494008
494009
494421
494422
494423
494424
494425
494426
494427
494428
494429
494430
494431
494432
494433
494434
494435
494436
494437
494438
494439
494440
494441
494442
494443
494445
494446
494450
494451
494874
494875
494877
494878
494879
494880
494881
494882
494883
494884
494885
494886
494887
494888
494889
494890
494891
494892
494893
494894
494895
494896
494899
494906
494907
495328
495329
495330
495331
495332
495334
495335
495336
495337
495338
495339
495341
495342
495343
495344
495345
495346
495347
495348
495349
495350
495351
495787
495788
495792
495793
495794
495796
495799
495800
495801
495802
495803
495804
495805
495806
495807
495808
495809
495810
495811
495812
495813
495814
495815
495816
496240
496241
496242
496243
496244
496245
496246
496247
496248
496249
496250
496251
496256
496257
496258
496259
496260
496261
496262
496263
496264
496265
496266
496267
496697
496698
496699
496700
496701
496702
496703
496704
496705
496710
496717
496718
496719
496720
496721
496722
496723
497179
497180
497181
497182
497183
497184
497185
497186
497195
497196
497197
497198
497199
497200
497201
497202
497203
497204
497205
497660
497661
497663
497671
497672
497673
497674
497675
497676
497677
497678
497679
497680
498136
498137
498138
498139
498143
498146
498147
498148
498149
498151
498152
498153
498154
498637
498638
498639
498642
498643
498644
498645
498646
498647
498648
498649
498651
498652
499146
499147
499148
499151
499152
499153
499154
499155
499156
499157
499158
499159
499160
499161
499162
499164
499165
499649
499650
499651
499653
499654
499655
499656
499657
499658
499659
499660
499661
499662
499663
499664
499665
499666
499667
499668
499669
499670
500178
500179
500180
500181
500182
500183
500184
500185
500186
500187
500188
500189
500190
500191
500192
500193
500194
500195
500196
500197
500198
500199
500200
500708
500709
500710
500711
500712
500713
500714
500715
500716
500717
500718
500719
500720
500721
500722
500723
500724
500725
500726
500728
500729
500730
500731
500732
500733
500734
500735
500736
501233
501234
501235
501236
501237
501238
501239
501240
501241
501242
501243
501244
501245
501246
501247
501248
501249
501250
501251
501252
501255
501256
501257
501258
501259
501260
501261
501262
501263
501749
501750
501751
501752
501753
501754
501755
501756
501757
501758
501759
501760
501761
501762
501763
501764
501765
501766
501767
501768
501769
501770
501771
501772
501773
501774
501775
501776
501777
501778
501779
502223
502224
502225
502226
502227
502228
502229
502230
502231
502232
502233
502234
502235
502236
502237
502239
502240
502241
502242
502243
502244
502245
502246
502247
502248
502249
502250
502251
502676
502677
502678
502679
502680
502681
502682
502683
502684
502686
502687
502688
502689
502690
502693
502694
502696
502697
502698
502699
502700
502701
502702
502703
502704
502705
503136
503137
503138
503139
503140
503141
503142
503147
503148
503149
503151
503153
503154
503155
503156
503160
503161
503162
503163
503164
503165
503166
503167
503168
503596
503602
503603
503604
503605
503606
503610
503611
503612
503613
503614
503615