473463
473774
473775
473776
473777
473778
473779
473785
473786
473787
473788
474103
474104
474105
474106
474107
474108
474109
474115
474116
474419
474420
474421
474422
474423
474424
474425
474426
474427
474428
474429
474435
474436
474437
474438
474439
474440
474441
474442
474745
474746
474747
474748
474749
474750
474751
474752
474753
474754
474755
474756
474757
474758
474759
474766
474767
474768
474769
474770
474771
474772
475064
475065
475066
475067
475068
475069
475070
475071
475072
475073
475074
475075
475076
475077
475078
475079
475080
475086
475087
475088
475089
475090
475091
475092
475093
475398
475399
475400
475401
475402
475403
475404
475405
475406
475407
475408
475409
475410
475411
475412
475413
475414
475415
475416
475417
475418
475419
475420
475425
475426
475427
475428
475429
475430
475431
475432
475737
475738
475739
475740
475741
475742
475743
475744
475745
475746
475747
475748
475749
475750
475751
475752
475753
475754
475755
475756
475757
475758
475759
475760
475761
475764
475765
475766
475767
475768
475769
475770
475771
476077
476078
476079
476080
476081
476082
476083
476084
476085
476086
476087
476088
476089
476090
476091
476092
476093
476094
476095
476096
476097
476098
476099
476100
476101
476103
476104
476105
476106
476107
476108
476401
476402
476403
476404
476405
476407
476408
476409
476410
476411
476412
476413
476414
476415
476416
476417
476418
476419
476420
476421
476422
476423
476424
476425
476426
476427
476428
476429
476430
476431
476432
476433
476434
476435
476436
476437
476438
476439
476440
476441
476760
476761
476762
476763
476764
476765
476766
476767
476768
476769
476770
476771
476772
476773
476774
476775
476776
476777
476778
476779
476780
476781
476782
476783
476784
476785
476786
476787
476788
476789
476790
476791
476792
476793
476794
476795
476796
476797
476798
476799
477118
477119
477120
477121
477122
477123
477124
477125
477126
477127
477128
477129
477130
477131
477132
477133
477134
477135
477136
477137
477138
477139
477140
477141
477142
477143
477144
477145
477146
477147
477148
477149
477150
477151
477152
477153
477154
477155
477156
477157
477471
477472
477473
477474
477475
477476
477477
477478
477479
477480
477481
477482
477483
477484
477485
477486
477487
477488
477489
477490
477491
477492
477493
477494
477495
477496
477497
477498
477499
477500
477501
477502
477503
477504
477505
477506
477507
477508
477509
477510
477511
477850
477851
477852
477853
477854
477855
477856
477857
477858
477859
477860
477861
477862
477863
477864
477865
477866
477867
477868
477869
477870
477871
477874
477875
477876
477877
477878
477879
477880
477881
477882
477883
477884
477885
477886
477887
477888
477889
477890
477891
477892
477893
477894
477895
477896
477897
477898
477899
477900
477901
478221
478222
478223
478224
478225
478228
478229
478230
478231
478232
478234
478235
478236
478237
478238
478239
478240
478241
478243
478244
478245
478246
478247
478248
478249
478250
478251
478252
478253
478254
478255
478257
478258
478259
478260
478261
478262
478263
478264
478265
478266
478575
478576
478577
478578
478580
478582
478583
478584
478585
478586
478587
478588
478589
478590
478591
478592
478593
478595
478596
478597
478598
478599
478600
478601
478602
478603
478604
478605
478606
478607
478608
478609
478610
478611
478612
478613
478614
478917
478918
478919
478920
478921
478922
478923
478924
478925
478926
478929
478930
478931
478932
478933
478934
478935
478936
478937
478938
478939
478940
478941
478942
478943
478944
478945
478946
478947
478948
478949
478950
478951
478952
478953
478954
479263
479264
479265
479270
479271
479272
479276
479277
479278
479279
479280
479281
479282
479283
479284
479285
479286
479287
479288
479289
479290
479291
479292
479293
479294
479295
479296
479297
479298
479299
479300
479301
479584
479585
479586
479587
479588
479590
479591
479592
479593
479594
479597
479598
479599
479600
479601
479602
479603
479604
479605
479606
479607
479608
479609
479610
479611
479612
479613
479614
479615
479616
479617
479618
479619
479620
479621
479622
479623
479624
479900
479901
479902
479903
479904
479905
479906
479907
479908
479909
479910
479911
479912
479914
479915
479916
479917
479918
479919
479920
479921
479922
479923
479924
479925
479926
479927
479928
479929
479930
479931
479932
479933
479934
479935
479936
479937
479938
479939
480215
480216
480217
480218
480219
480220
480221
480222
480223
480224
480225
480226
480227
480231
480234
480235
480236
480237
480238
480239
480240
480241
480242
480243
480244
480245
480246
480247
480248
480249
480526
480527
480528
480529
480530
480531
480532
480533
480537
480538
480539
480541
480543
480544
480545
480546
480547
480548
480549
480550
480551
480552
480553
480554
480555
480556
480558
480559
480832
480833
480834
480835
480836
480837
480838
480839
480844
480845
480846
480849
480851
480852
480853
480854
480855
480856
480857
480858
480859
480860
480861
480862
480865
480866
481138
481139
481140
481141
481142
481143
481147
481148
481149
481150
481151
481152
481153
481154
481155
481156
481157
481158
481159
481160
481161
481162
481163
481164
481165
481166
481167
481168
481169
481170
481172
481173
481457
481458
481459
481460
481461
481462
481463
481464
481465
481466
481467
481468
481469
481470
481471
481472
481473
481474
481475
481476
481477
481478
481479
481482
481483
481484
481485
481486
481487
481488
481489
481490
481491
481805
481806
481807
481808
481811
481812
481813
481814
481815
481816
481817
481818
481819
481820
481821
481822
481823
481824
481825
481826
481829
481830
481831
481832
481833
481834
481835
481836
481837
481838
481839
481840
482151
482152
482153
482154
482155
482156
482157
482158
482161
482162
482163
482164
482165
482166
482167
482168
482169
482170
482171
482172
482173
482174
482175
482176
482177
482178
482179
482180
482486
482487
482488
482490
482491
482492
482493
482494
482495
482496
482498
482499
482500
482501
482502
482503
482504
482505
482506
482507
482508
482509
482510
482511
482512
482513
482824
482825
482826
482827
482828
482829
482830
482831
482832
482833
482834
482835
482836
482837
482838
482839
482840
482841
482842
482843
482844
482845
482846
483175
483176
483177
483178
483179
483180
483181
483183
483184
483185
483187
483188
483189
483190
483191
483192
483193
483194
483196
483198
483528
483529
483530
483531
483538
483539
483540
483541
483542
483543
483544
483545
483546
483547
483550
483551
483880
483881
483882
483890
483891
483892
483893
483894
483895
483896
483897
483898
483899
483900
484227
484228
484229
484230
484231
484232
484233
484234
484235
484236
484237
484238
484556
484557
484558
484559
484560
484561
484562
484563
484564
484565
484566
484879
484880
484881
484882
484883
484884
484885
484886
484888
484889
484890
485204
485205
485206
485207
485208
485209
485211
485550
485551
485552
485553
485554
485555
485556
485877
485880
485881
485882
485883
486189
486190
486191
486192
486193
486506
486847
486848
486849
486850
487216
487217
487218
487219
487581
487582
487583
487584
487958
487959
487960
487961
488348
488349