449582
449583
449585
449586
449907
449908
449909
449910
449911
449912
449913
450244
450245
450246
450247
450248
450249
450250
450587
450588
450589
450590
450591
450592
450593
450909
450911
450912
450913
450914
451239
451240
451560
451872
451873
451880
452199
452200
452201
452206
452207
452208
452209
452521
452522
452523
452524
452529
452530
452531
452532
452857
452858
452859
452860
452867
452868
452870
452871
453178
453179
453180
453181
453182
453183
453184
453185
453186
453194
453195
453198
453199
453200
453201
453202
453203
453204
453211
453212
453213
453214
453215
453216
453502
453503
453504
453505
453506
453507
453508
453509
453510
453511
453512
453513
453514
453521
453522
453523
453524
453525
453526
453527
453528
453529
453530
453536
453540
453822
453823
453824
453825
453826
453829
453831
453832
453833
453837
453838
453839
453840
453841
453842
453843
453844
453845
453846
453847
453848
453851
453852
453857
453858
453859
454129
454130
454131
454133
454134
454141
454142
454143
454144
454145
454146
454147
454148
454149
454150
454151
454152
454153
454154
454155
454156
454157
454158
454159
454160
454161
454162
454163
454164
454165
454166
454167
454438
454439
454440
454450
454451
454452
454453
454454
454455
454456
454457
454458
454459
454460
454461
454462
454463
454464
454465
454466
454467
454468
454469
454470
454764
454765
454766
454767
454768
454769
454770
454771
454772
454773
454774
454775
454776
454777
454778
454779
454780
454781
454782
454783
454784
454785
454786
454787
455070
455071
455074
455075
455076
455077
455078
455079
455080
455081
455082
455083
455084
455086
455087
455088
455089
455090
455382
455383
455384
455389
455390
455391
455392
455393
455394
455395
455396
455397
455399
455400
455401
455402
455724
455730
455732
455733
455734
455735
455736
455737
455738
455739
455740
455741
455742
455743
455744
455745
456091
456093
456094
456095
456096
456097
456098
456099
456100
456101
456102
456103
456421
456437
456438
456441
456442
456443
456444
456446
456447
456448
456449
456754
456756
456757
456758
456771
456772
456774
456775
456776
456777
456779
456780
456781
456782
456783
457072
457073
457074
457075
457076
457095
457096
457097
457098
457099
457101
457102
457103
457104
457105
457385
457386
457387
457388
457389
457390
457410
457411
457412
457413
457414
457415
457416
457417
457418
457421
457422
457423
457424
457425
457426
457427
457428
457429
457697
457698
457699
457700
457705
457706
457707
457708
457709
457730
457731
457732
457733
457734
457735
457736
457737
457738
457740
457741
457742
457743
457744
457745
457746
457747
458000
458001
458002
458005
458006
458007
458008
458009
458024
458027
458028
458029
458030
458031
458032
458033
458034
458035
458037
458038
458039
458040
458041
458042
458043
458044
458296
458297
458298
458299
458300
458301
458302
458303
458304
458305
458306
458307
458308
458321
458322
458323
458325
458326
458327
458328
458331
458332
458340
458341
458343
458596
458597
458598
458599
458600
458601
458602
458603
458604
458605
458606
458607
458608
458609
458610
458611
458625
458626
458627
458628
458629
458630
458631
458632
458633
458634
458635
458636
458637
458638
458647
458905
458906
458907
458908
458909
458910
458911
458912
458913
458914
458915
458916
458917
458918
458919
458920
458935
458936
458937
458938
458939
458940
458941
458942
458943
458944
458945
458946
459227
459228
459229
459230
459231
459232
459234
459235
459236
459237
459238
459250
459251
459252
459253
459254
459255
459256
459257
459258
459259
459531
459532
459533
459534
459535
459536
459537
459538
459540
459541
459542
459546
459547
459548
459549
459550
459551
459552
459553
459554
459555
459556
459557
459558
459559
459560
459827
459828
459829
459830
459831
459832
459833
459834
459835
459836
459837
459838
459844
459845
459846
459847
459848
459849
459850
459851
459852
459853
459854
459855
459858
460130
460131
460132
460133
460134
460135
460136
460137
460138
460139
460140
460141
460142
460143
460144
460145
460146
460147
460148
460149
460150
460151
460158
460446
460447
460448
460449
460450
460451
460452
460453
460454
460455
460456
460457
460458
460459
460460
460461
460462
460763
460764
460766
460767
460768
460769
460770
460771
460772
460774
460775
460776
460777
460778
460779
460780
460781
460782
461070
461071
461072
461074
461075
461078
461079
461080
461081
461084
461085
461086
461087
461088
461089
461090
461091
461092
461388
461392
461394
461395
461397
461398
461399
461404
461405
461406
461407
461408
461409
461410
461411
461412
461719
461720
461721
461722
461723
461724
461725
461726
461731
461732
461733
461734
461735
461736
461737
461738
461739
461740
462043
462044
462045
462046
462047
462048
462049
462050
462055
462056
462057
462058
462059
462060
462061
462062
462064
462065
462066
462369
462370
462371
462372
462373
462374
462375
462376
462381
462382
462383
462384
462385
462386
462387
462388
462389
462390
462391
462689
462690
462691
462692
462693
462696
462697
462698
462699
462700
462701
462702
462703
462704
462705
462706
462707
462708
462709
462710
463009
463010
463011
463016
463017
463018
463019
463020
463021
463022
463023
463024
463025
463026
463027
463336
463337
463338
463339
463340
463341
463345
463346
463347
463348
463349
463350
463351
463352
463353
463354
463355
463356
463357
463358
463359
463360
463361
463663
463664
463665
463666
463667
463668
463669
463670
463671
463672
463673
463674
463675
463676
463677
463678
463679
463680
463681
463682
463683
463684
463685
463686
463687
463688
463690
463691
463981
463982
463984
463985
463986
463987
463988
463989
463991
463992
463993
463994
463995
463996
463997
463998
463999
464000
464001
464002
464003
464004
464005
464006
464007
464307
464308
464309
464311
464312
464313
464314
464315
464316
464317
464318
464319
464320
464321
464322
464323
464324
464325
464326
464327
464328
464329
464330
464331
464332
464333
464334
464648
464649
464650
464651
464652
464653
464654
464655
464656
464658
464659
464660
464661
464662
464663
464664
464665
464666
464667
464668
464669
464670
464671
464987
464988
464989
464991
464992
464993
464996
464997
464998
464999
465000
465001
465002
465003
465004
465005
465006
465007
465008
465314
465315
465316
465317
465318
465319
465320
465321
465322
465323
465324
465325
465326
465327
465328
465329
465330
465331
465637
465638
465639
465640
465641
465642
465643
465644
465646
465647
465648
465649
465650
465651
465652
465653
465989
465990
465991
465992
465993
465994
465995
465996
465997
465998
466002
466330
466331
466332
466333
466334
466335
466336
466337
466338
466339
466340
466341
466342
466656
466657
466658
466659
466660
466661
466662
466663
466664
466665
466666
466667
466668
466982
466983
466984
466985
466986
466987
466988
466989
466990
467305
467306
467307
467308
467309
467310
467311
467312
467313
467314
467315
467316
467619
467620
467621
467622
467623
467624
467626
467628
467629
467630
467631
467943
467944
467945
467946
467947
467948
467949
467950
467951
467952
467953
468261
468262
468263
468264
468265
468266
468267
468561
468564