416226
416227
416228
416229
416738
416739
416740
416744
416745
416746
416757
416758
416759
416762
417212
417213
417214
417215
417218
417219
417220
417224
417228
417229
417230
417231
417232
417233
417234
417235
417691
417692
417693
417694
417696
417697
417698
417699
417700
417701
417704
417705
417706
417707
417708
417709
418162
418164
418165
418166
418167
418168
418169
418170
418171
418172
418173
418174
418175
418176
418177
418178
418180
418649
418650
418651
418652
418653
418654
418655
418656
418657
418658
418659
418660
418661
418662
418663
418664
418665
418666
418667
418668
419153
419154
419155
419156
419157
419158
419159
419160
419161
419162
419163
419164
419165
419166
419167
419168
419169
419170
419171
419172
419173
419174
419175
419176
419177
419640
419641
419642
419643
419644
419645
419646
419647
419648
419649
419650
419651
419652
419653
419654
419655
419656
419657
419658
419659
419660
419661
419662
419663
419664
420146
420147
420148
420149
420150
420151
420152
420153
420154
420155
420156
420157
420158
420159
420160
420162
420163
420164
420165
420631
420632
420633
420634
420635
420636
420638
420643
420644
420645
420646
420647
420648
420649
420650
420654
421119
421120
421121
421122
421123
421124
421132
421133
421134
421135
421136
421137
421138
421139
421140
421141
421142
421143
421146
421583
421584
421585
421586
421595
421596
421597
421598
421599
421600
421601
421602
421603
421604
421605
421606
421607
421608
421609
422049
422050
422051
422052
422060
422061
422062
422063
422064
422065
422066
422067
422068
422069
422070
422071
422072
422073
422074
422504
422505
422506
422507
422519
422520
422521
422522
422523
422524
422525
422526
422527
422528
422529
422530
422531
422532
422962
422963
422970
422971
422972
422986
422987
422988
422989
422990
422991
422992
422993
422994
422995
422996
422997
422998
422999
423435
423436
423441
423442
423443
423444
423445
423446
423447
423458
423459
423460
423461
423462
423463
423464
423465
423466
423467
423468
423469
423470
423471
423472
423473
423918
423919
423920
423922
423923
423924
423925
423926
423927
423928
423929
423937
423938
423939
423940
423941
423942
423943
423944
423945
423946
423947
423948
423949
423950
423951
424410
424411
424412
424413
424415
424416
424417
424418
424419
424420
424421
424422
424424
424425
424426
424427
424428
424429
424430
424431
424434
424435
424436
424888
424889
424890
424891
424892
424896
424897
424898
424905
424906
424907
424908
424909
424910
424911
424912
424913
424914
424915
424916
424917
424918
425366
425367
425368
425369
425370
425371
425372
425373
425374
425375
425376
425377
425378
425379
425380
425381
425382
425394
425395
425396
425397
425398
425399
425400
425401
425402
425403
425404
425405
425406
425839
425840
425843
425846
425847
425848
425849
425850
425851
425852
425853
425854
425855
425856
425857
425858
425859
425860
425861
425875
425876
425877
425878
425879
425880
425883
425884
425885
426332
426333
426334
426335
426336
426337
426338
426339
426340
426341
426342
426343
426344
426345
426346
426347
426348
426349
426350
426351
426352
426353
426354
426366
426367
426368
426369
426370
426376
426377
426378
426379
426847
426848
426849
426850
426851
426852
426853
426854
426855
426856
426857
426858
426859
426860
426861
426862
426863
426864
426865
426866
426867
426868
426869
426871
426872
426873
426885
426886
426887
426897
426898
426899
427391
427392
427394
427395
427396
427397
427398
427399
427400
427401
427402
427403
427404
427405
427406
427408
427409
427410
427414
427427
427428
427429
427439
427911
427912
427913
427914
427915
427916
427917
427918
427919
427920
427921
427922
427923
427924
427925
427928
427929
428431
428432
428433
428434
428435
428436
428437
428438
428439
428440
428441
428442
428443
428444
428445
428446
428447
428448
428449
428933
428934
428935
428937
428938
428939
428940
428941
428942
428943
428944
428945
428946
428947
428948
428949
428950
428951
428952
428953
428954
428955
429469
429470
429471
429472
429473
429474
429475
429476
429477
429478
429479
429480
429481
429482
429483
429484
429485
429486
429487
429488
429489
429490
429491
429492
430031
430032
430033
430034
430035
430037
430038
430039
430040
430041
430042
430043
430044
430045
430046
430047
430048
430049
430050
430051
430569
430570
430571
430572
430575
430576
430577
430578
430579
430580
430581
430582
430583
430584
430585
430586
430587
430588
430589
431103
431104
431105
431106
431107
431109
431110
431111
431112
431113
431114
431115
431116
431117
431118
431119
431121
431122
431123
431124
431125
431126
431625
431626
431627
431628
431629
431632
431633
431634
431635
431636
431637
431638
431639
431640
431641
431642
431643
431646
431647
431648
431649
431650
431651
431652
431653
432122
432123
432124
432125
432126
432130
432131
432132
432133
432134
432135
432136
432138
432139
432140
432141
432142
432143
432144
432145
432146
432147
432148
432149
432150
432151
432152
432153
432635
432636
432637
432638
432639
432644
432645
432646
432647
432648
432649
432650
432651
432652
432653
432654
432656
432657
432658
432659
432660
432661
432662
432663
432664
432666
432667
433158
433159
433160
433161
433162
433163
433164
433165
433166
433167
433168
433169
433170
433171
433172
433174
433175
433176
433177
433178
433179
433180
433181
433182
433183
433184
433185
433186
433187
433670
433671
433672
433673
433674
433675
433676
433677
433678
433679
433680
433681
433682
433683
433684
433685
433686
433687
433688
433689
433690
433691
433692
433693
433694
433695
433696
433697
433698
434172
434173
434174
434175
434176
434177
434178
434179
434180
434181
434182
434183
434184
434185
434186
434187
434188
434189
434190
434191
434192
434193
434194
434195
434196
434197
434198
434671
434672
434673
434674
434675
434676
434677
434678
434679
434680
434681
434682
434683
434684
434685
434686
434687
434688
434689
434690
434691
434692
434693
434694
435166
435167
435168
435169
435170
435171
435172
435173
435174
435175
435176
435177
435178
435179
435180
435181
435182
435183
435184
435663
435664
435665
435666
435667
435668
435669
435670
435671
435672
435674
435675
435676
435677
435678
435679
435680
436136
436137
436138
436139
436140
436141
436142
436143
436144
436145
436146
436147
436148
436149
436150
436151
436152
436153
436154
436592
436593
436595
436596
436597
436598
436599
436600
436601
436602
436603
436604
436605
436606
436607
436608
436609
436610
436611
436612
437028
437031
437032
437033
437034
437035
437036
437037
437038
437039
437040
437041
437042
437043
437044
437045
437046
437047
437048
437049
437050
437051
437489
437490
437491
437492
437493
437494
437495
437496
437497
437498
437499
437500
437501
437503
437504
437505
437506
437507
437508
437509
437939
437940
437941
437942
437943
437944
437945
437946
437947
437948
437949
437950
437951
437952
437953
438397
438398
438399
438401
438402
438403
438404
438405
438839
438840
438841
438842
438843
438844
438845
438848
438849
439287
439288
439289
439290
439291
439292
439293
439705
439706
439707
439708
439709
440101
440102
440103
440104