95077
95727
95728
95729
95730
96364
96365
96366
96367
96368
96369
96370
97006
97007
97008
97009
97010
97011
97012
97013
97638
97639
97640
97641
97642
97643
97644
97645
97646
97647
97648
98246
98247
98249
98250
98251
98252
98253
98254
98255
98256
98257
98258
98259
98260
98862
98863
98864
98865
98866
98867
98868
98869
98872
98873
98875
98876
98877
98878
98879
98880
98881
98882
98883
98884
98885
98886
98887
98888
98889
98890
99482
99483
99484
99485
99486
99487
99488
99489
99490
99491
99492
99493
99495
99496
99497
99498
99499
99500
99501
99502
99503
99504
99505
99506
99507
99508
100124
100125
100126
100127
100134
100135
100136
100137
100138
100139
100140
100141
100143
100144
100145
100146
100147
100148
100149
100150
100151
100152
100153
100154
100155
100156
100157
100776
100777
100778
100779
100780
100781
100782
100783
100790
100791
100792
100793
100794
100795
100796
100797
100798
100804
100805
100806
100807
100808
100809
100810
100811
100812
100813
100814
100815
100816
100817
101455
101456
101457
101458
101459
101460
101461
101468
101469
101470
101472
101473
101474
101475
101476
101483
101484
101485
101486
101487
101488
101489
101490
101491
101492
101493
101494
101495
101496
101497
101498
101499
101500
101501
102121
102122
102123
102124
102125
102126
102127
102128
102129
102130
102131
102132
102133
102134
102135
102136
102137
102138
102139
102140
102141
102142
102143
102151
102152
102153
102154
102155
102156
102157
102158
102159
102160
102161
102162
102163
102164
102165
102166
102167
102168
102169
102170
102171
102172
102727
102728
102729
102730
102731
102732
102733
102734
102735
102736
102737
102738
102739
102740
102741
102742
102743
102744
102745
102746
102747
102748
102749
102750
102758
102759
102760
102761
102762
102763
102764
102765
102766
102767
102768
102769
102770
102771
102772
102773
102774
102775
102776
102777
102778
103354
103355
103356
103357
103358
103359
103360
103361
103362
103363
103364
103365
103366
103367
103368
103369
103370
103371
103372
103373
103374
103375
103381
103382
103383
103384
103385
103386
103387
103388
103389
103390
103391
103392
103393
103394
103395
103396
103397
103398
103399
103400
103981
103982
103983
103984
103985
103986
103987
103988
103989
103990
103991
103992
103993
103994
103995
103996
103997
103998
103999
104000
104001
104002
104009
104010
104011
104012
104013
104014
104015
104016
104017
104018
104019
104020
104021
104022
104023
104024
104025
104026
104027
104028
104609
104610
104611
104612
104613
104614
104615
104616
104617
104618
104619
104620
104621
104622
104623
104624
104633
104634
104635
104636
104637
104638
104639
104640
104641
104642
104643
104644
104645
104646
104647
104648
104649
104650
104651
105241
105242
105243
105244
105245
105246
105247
105248
105249
105250
105251
105252
105253
105254
105255
105256
105259
105260
105265
105266
105267
105268
105269
105270
105271
105272
105273
105274
105275
105276
105277
105278
105279
105844
105845
105846
105847
105848
105849
105851
105852
105853
105854
105855
105856
105857
105858
105859
105860
105861
105863
105864
105865
105866
105867
105868
105869
105870
105871
105872
105873
105874
105875
105876
105877
105878
105879
105880
105881
105882
105883
105884
106459
106460
106461
106465
106466
106467
106468
106469
106470
106471
106472
106473
106474
106475
106476
106477
106478
106479
106480
106481
106482
106483
106484
106485
106486
106487
106488
106489
106490
106491
106492
106493
106494
106495
106496
106497
106498
106499
106500
106501
106502
107064
107073
107074
107075
107076
107077
107078
107079
107080
107081
107082
107084
107085
107086
107087
107088
107089
107090
107091
107092
107093
107094
107095
107096
107097
107098
107099
107100
107101
107102
107103
107104
107105
107106
107107
107108
107109
107666
107667
107668
107669
107670
107671
107672
107673
107674
107675
107676
107677
107678
107679
107680
107681
107682
107683
107684
107685
107686
107687
107688
107689
107690
107691
107692
107693
107694
107695
107696
107697
107698
107699
107700
107701
107702
107703
107704
108274
108275
108276
108277
108278
108279
108280
108281
108282
108283
108284
108285
108286
108287
108288
108289
108290
108291
108292
108293
108294
108295
108296
108297
108298
108299
108300
108301
108302
108303
108304
108305
108306
108307
108308
108309
108310
108311
108312
108903
108904
108905
108906
108907
108908
108909
108910
108911
108912
108913
108914
108915
108916
108917
108918
108919
108920
108921
108922
108923
108924
108925
108926
108927
108928
108929
108930
108931
108932
108933
108934
108935
108936
108937
108938
108939
108940
109553
109554
109555
109556
109557
109558
109559
109560
109561
109562
109563
109564
109565
109566
109567
109568
109569
109570
109571
109572
109573
109574
109575
109576
109577
109578
109579
109580
109581
109582
109583
109584
109585
109586
109587
109588
109589
110183
110184
110185
110186
110187
110188
110189
110190
110191
110192
110193
110194
110195
110196
110197
110198
110199
110200
110201
110202
110203
110204
110205
110206
110207
110208
110209
110210
110211
110212
110213
110214
110215
110216
110217
110218
110219
110220
110793
110794
110795
110796
110797
110799
110800
110801
110802
110803
110807
110808
110809
110810
110811
110812
110813
110814
110815
110816
110817
110818
110819
110820
110821
110822
110823
110824
110825
110826
110827
110828
110829
110830
110831
110832
111437
111438
111439
111440
111441
111442
111443
111447
111448
111449
111450
111451
111452
111453
111454
111455
111456
111457
111458
111459
111460
111461
111462
111463
112026
112027
112028
112029
112030
112031
112035
112037
112038
112039
112040
112041
112042
112043
112044
112045
112046
112047
112048
112630
112631
112632
112633
112634
112640
112642
112643
112644
112645
112646
112647
112648
112649
112650
112651
112652
112653
113219
113220
113221
113222
113231
113232
113236
113237
113238
113239
113240
113241
113242
113243
113244
113245
113246
113247
113248
113792
113793
113812
113813
113814
113815
113816
113817
113818
113819
113820
113821
113822
113823
114377
114378
114379
114380
114381
114382
114383
114384
114385
114386
114387
114929
114930
114931
114932
114933
114934
114935
114936
114937
114938
115478
115479
115480
115481
115482
115483
115484
116028
116029
116030
116031
116032
116583
116584
116585
116586
116587
116588
116589
117132
117133
117134
117135
117136
117673
117674
117675
117676
117677
117678
118209
118210
118211
118212
118213
118214
118215
118216
118217
118743
118744
118745
118746
118747
118748
118749
118750
118751
118752
118753
118754
119287
119288
119289
119290
119291
119292
119293
119294
119295
119296
119297
119298
119837
119838
119839
119840
119841
119842
119843
119844
119845
119846
119847
119848
119849
120398
120399
120400
120401
120402
120403
120404
120405
120938
120939
120940
120941
120942
120943
120944
120945
121468
121469
121470
121471
121472
121473
121474
121475
121994
121995
121996
121997
121998
121999
122518
122519
122520
122521