330786
330787
331256
331721
331722
331723
332199
332200
332201
332202
332203
332204
332686
332687
332688
332689
332690
332691
332692
332693
332694
332695
332696
332697
332698
333172
333173
333174
333175
333176
333177
333178
333179
333180
333181
333182
333183
333661
333662
333663
333664
333665
333666
333667
333668
333669
334102
334103
334106
334107
334108
334109
334110
334111
334112
334113
334114
334115
334116
334117
334118
334119
334120
334121
334552
334553
334555
334556
334557
334558
334559
334560
334561
334562
334563
334564
334565
334566
334567
334568
334569
334570
334571
334572
334573
334574
334575
334576
334577
334578
334579
335003
335004
335005
335006
335007
335008
335009
335010
335011
335012
335013
335014
335015
335016
335017
335018
335019
335020
335021
335022
335023
335024
335025
335026
335027
335028
335029
335030
335031
335032
335448
335449
335450
335451
335452
335453
335454
335455
335456
335457
335458
335459
335460
335461
335462
335463
335464
335465
335466
335467
335468
335469
335470
335471
335472
335473
335474
335475
335476
335477
335478
335479
335480
335481
335482
335911
335912
335913
335914
335915
335916
335917
335918
335919
335920
335921
335922
335923
335924
335925
335926
335927
335928
335929
335930
335931
335932
335933
335934
335935
335936
335937
335938
335939
335940
335941
335942
335943
335944
335945
335946
335947
336373
336374
336375
336376
336377
336378
336379
336380
336381
336382
336383
336385
336386
336387
336388
336389
336390
336391
336392
336393
336394
336395
336396
336397
336398
336399
336400
336401
336402
336403
336404
336405
336406
336407
336408
336848
336849
336850
336851
336852
336853
336854
336855
336856
336857
336858
336859
336860
336861
336862
336863
336864
336865
336866
336867
336868
336869
336870
336871
336872
336873
336874
336875
336876
336877
336878
336879
336880
336881
336882
336883
336884
336885
336886
336887
336888
337354
337355
337356
337357
337358
337359
337360
337361
337362
337363
337364
337365
337366
337367
337368
337369
337371
337372
337374
337375
337376
337377
337378
337379
337380
337381
337382
337383
337384
337385
337386
337387
337388
337389
337390
337391
337392
337393
337874
337875
337876
337877
337878
337879
337880
337881
337882
337883
337884
337885
337886
337887
337888
337889
337890
337891
337892
337893
337894
337895
337896
337897
337898
337899
337900
337901
337902
337903
337904
337905
337906
337907
337908
337909
337910
337911
337912
337913
337914
337915
337916
337917
337918
338420
338421
338422
338423
338424
338425
338426
338427
338428
338429
338430
338431
338432
338433
338434
338435
338443
338444
338445
338446
338447
338448
338449
338450
338451
338452
338453
338454
338455
338458
338459
338961
338962
338963
338964
338965
338966
338967
338968
338969
338970
338971
338972
338982
338985
338986
338987
338988
338989
338990
338991
338994
338995
339481
339482
339483
339484
339485
339486
339487
339488
339489
339490
339491
339492
339493
339494
339495
339496
339497
339498
339511
339512
339513
339514
339515
339517
339518
339519
340013
340014
340015
340016
340017
340018
340019
340020
340021
340022
340023
340024
340025
340026
340027
340028
340039
340040
340041
340042
340043
340044
340045
340046
340047
340049
340050
340051
340553
340554
340555
340556
340557
340558
340559
340560
340561
340562
340563
340564
340565
340566
340567
340568
340569
340570
340583
340584
340585
340586
340587
340588
340589
340592
340593
340594
341110
341111
341112
341113
341114
341115
341116
341117
341118
341119
341120
341121
341122
341123
341124
341125
341126
341127
341128
341141
341142
341149
341150
341151
341634
341635
341636
341637
341638
341639
341640
341641
341642
341643
341644
341645
341646
341647
341648
341649
341650
341662
341663
341670
341671
341672
342154
342155
342156
342157
342158
342159
342160
342161
342162
342163
342164
342168
342170
342171
342182
342183
342184
342185
342186
342187
342691
342692
342693
342694
342695
342696
342697
342698
342699
342700
342701
342706
342707
342708
342709
342716
342717
342718
342719
342720
342721
342722
343253
343254
343255
343256
343257
343258
343259
343260
343261
343262
343272
343273
343274
343275
343276
343277
343278
343829
343830
343831
343832
343833
343834
343835
343836
343837
343838
343847
343848
343849
343850
343851
343852
343853
343854
343855
343856
343857
344387
344388
344389
344390
344391
344392
344393
344405
344406
344407
344408
344409
344410
344411
344412
344413
344414
344415
344416
344417
344418
344419
344420
344916
344917
344918
344919
344920
344921
344922
344934
344935
344936
344938
344939
344940
344941
344942
344943
344945
344946
344947
344948
344949
345478
345479
345480
345481
345482
345483
345484
345485
345495
345496
345497
345498
345499
345500
345501
345502
345506
345507
345508
345509
346023
346024
346025
346026
346037
346038
346039
346040
346041
346042
346043
346044
346045
346046
346047
346048
346049
346050
346566
346567
346568
346569
346580
346581
346582
346583
346584
346585
346586
346587
346588
346589
346590
346591
347111
347122
347123
347124
347125
347126
347127
347128
347129
347130
347131
347132
347133
347134
347135
347136
347137
347138
347139
347140
347141
347688
347689
347690
347691
347692
347693
347694
347695
347696
347697
347698
347699
347700
347701
347702
347703
347704
347705
347706
347707
348270
348271
348272
348273
348274
348275
348276
348277
348278
348279
348280
348281
348282
348283
348284
348285
348286
348288
348289
348290
348856
348857
348858
348859
348860
348861
348862
348863
348864
348865
348866
348867
348868
348869
348870
348873
349472
349473
349474
349475
349476
349477
349478
349479
349480
349481
349482
349483
349484
350071
350072
350073
350074
350075
350076
350077
350644
350645
350646
350647
350650
350651
350652
350653
350654
350655
350656
350657
350658
350659
350660
351212
351213
351214
351215
351216
351217
351218
351219
351220
351221
351222
351223
351224
351225
351226
351227
351776
351777
351778
351779
351780
351781
351782
351783
351784
351785
351786
351787
351788
351789
351790
351791
352328
352331
352332
352333
352334
352335
352336
352337
352338
352890
352891
352892
352893
352894
352895
352896
352897
352898
352899
352900
352901
352902
352903
352904
352905
352906
352907
353469
353470
353471
353472
353473
353474
353475
353476
353477
353478
353479
353480
353481
353482
353483
353484
353485
353486
353487
353488
353489
353490
353491
353492
354035
354036
354038
354039
354040
354041
354042
354043
354044
354045
354046
354047
354048
354049
354050
354051
354052
354053
354054
354055
354056
354057
354058
354618
354619
354620
354621
354622
354623
354624
354625
354626
354627
354628
354629
354631
354632
354633
354634
354635
354636
354637
354638
354639
354640
354641
354642
354643
354644
354645
355235
355236
355237
355240
355241
355242
355243
355244
355245
355246
355247
355248
355249
355250
355251
355252
355254
355255
355256
355257
355826
355827
355829
355830
355831
355832
355833
355834
355835
355836
355837
355839
355840
355841
355842
355843
355844
356407
356408
356409
356411
356420
356976
356977