447651
447972
447973
447974
447975
447976
447977
447978
447979
448303
448304
448305
448306
448307
448308
448309
448310
448631
448632
448633
448634
448635
448636
448637
448638
448953
448954
448955
448956
448957
448959
448960
449272
449273
449274
449275
449276
449277
449278
449279
449595
449596
449599
449600
449601
449602
449603
449922
449928
449929
449930
450258
450259
450266
450267
450268
450601
450602
450609
450610
450611
450924
450925
450927
450933
451249
451250
451251
451252
451253
451254
451255
451256
451257
451258
451572
451573
451574
451575
451576
451577
451578
451579
451580
451581
451881
451882
451883
451884
451885
451886
451887
451888
451889
451890
452210
452211
452212
452213
452214
452215
452216
452217
452218
452219
452533
452534
452535
452536
452537
452538
452539
452540
452541
452542
452543
452544
452872
452873
452874
452875
452876
452877
452878
452879
452880
453215
453216
453217
453218
453219
453220
453221
453222
453223
453224
453225
453226
453537
453539
453540
453541
453542
453543
453544
453545
453546
453547
453548
453549
453550
453854
453855
453856
453857
453858
453859
453860
453861
453862
453863
453864
453865
453866
454161
454162
454163
454164
454165
454166
454167
454168
454169
454170
454171
454172
454173
454174
454469
454470
454471
454473
454474
454475
454476
454477
454478
454479
454785
454786
454787
454789
454790
454791
454792
454793
454794
454795
454796
454797
455088
455089
455090
455091
455092
455094
455095
455096
455097
455098
455099
455100
455101
455105
455401
455402
455403
455404
455405
455406
455407
455408
455409
455410
455411
455414
455415
455419
455420
455743
455744
455746
455747
455748
455749
455750
455751
455752
455753
455754
455755
455756
455757
455758
455759
455760
455761
455762
455763
455764
456104
456105
456106
456107
456108
456109
456110
456112
456113
456114
456115
456116
456117
456118
456119
456120
456450
456451
456452
456453
456454
456455
456456
456457
456458
456459
456461
456462
456463
456464
456465
456466
456778
456781
456782
456783
456784
456785
456786
456787
456788
456789
456790
456791
456792
456793
456794
456795
456796
456797
456798
456799
457097
457098
457100
457104
457105
457106
457107
457108
457109
457110
457111
457112
457113
457114
457115
457116
457117
457118
457119
457120
457121
457122
457123
457410
457411
457413
457414
457415
457416
457417
457418
457419
457420
457423
457424
457425
457426
457427
457428
457429
457430
457431
457432
457433
457434
457435
457436
457437
457438
457439
457730
457731
457733
457734
457735
457736
457737
457738
457739
457741
457742
457743
457744
457745
457746
457747
457748
457749
457750
457751
457753
457754
457755
457756
457757
458027
458028
458031
458032
458033
458034
458035
458036
458039
458040
458041
458042
458043
458044
458045
458046
458053
458054
458325
458326
458327
458328
458329
458330
458331
458332
458333
458334
458335
458336
458337
458338
458339
458340
458341
458342
458343
458344
458345
458354
458355
458356
458629
458630
458631
458632
458633
458634
458635
458636
458637
458638
458639
458640
458641
458642
458643
458644
458645
458646
458647
458648
458649
458650
458651
458652
458653
458654
458661
458662
458663
458664
458938
458940
458941
458942
458943
458944
458945
458946
458947
458948
458949
458950
458951
458952
458953
458954
458955
458956
458957
458958
458959
458960
458961
458962
458968
458969
458970
458971
459256
459257
459258
459259
459260
459261
459262
459263
459264
459265
459266
459267
459268
459269
459270
459271
459272
459273
459274
459284
459285
459286
459287
459288
459557
459558
459561
459562
459563
459564
459565
459566
459567
459568
459569
459570
459571
459572
459573
459583
459584
459585
459586
459856
459859
459860
459861
459862
459863
459864
459865
459866
459867
459868
459870
459871
459881
459882
460152
460153
460154
460156
460157
460159
460160
460161
460162
460163
460164
460165
460166
460167
460171
460178
460179
460181
460182
460463
460464
460465
460466
460467
460468
460469
460470
460471
460472
460473
460474
460475
460476
460477
460478
460479
460480
460481
460484
460491
460492
460493
460494
460495
460496
460497
460498
460784
460785
460786
460787
460788
460789
460790
460791
460792
460793
460794
460795
460796
460797
460798
460800
460801
460802
460803
460810
460811
460812
460813
460814
460815
460816
460817
460818
460819
461092
461093
461094
461095
461096
461097
461098
461099
461100
461101
461102
461103
461104
461105
461106
461107
461108
461109
461110
461111
461117
461118
461119
461120
461121
461122
461125
461413
461414
461415
461416
461417
461418
461419
461420
461422
461423
461424
461425
461426
461427
461428
461429
461430
461431
461432
461439
461440
461443
461444
461445
461446
461741
461742
461743
461744
461745
461746
461747
461748
461749
461750
461751
461752
461753
461754
461755
461756
461757
461766
461767
461768
461770
461771
461772
461773
461774
461775
462067
462068
462070
462071
462072
462077
462078
462079
462080
462081
462082
462083
462084
462092
462093
462094
462095
462096
462097
462098
462393
462394
462395
462396
462397
462402
462403
462404
462405
462406
462407
462408
462414
462416
462419
462714
462715
462716
462719
462720
462721
462722
462723
462724
462725
462726
462727
462728
462732
462734
462735
463029
463030
463031
463032
463033
463034
463035
463036
463037
463038
463039
463040
463044
463046
463356
463357
463358
463359
463360
463361
463362
463363
463364
463365
463366
463367
463369
463370
463371
463372
463373
463374
463682
463683
463684
463685
463686
463687
463688
463689
463691
463692
463693
463694
463695
463697
463698
463699
463996
463997
463998
463999
464000
464001
464002
464003
464004
464005
464006
464007
464008
464010
464011
464012
464013
464015
464016
464017
464324
464326
464327
464328
464329
464330
464331
464332
464333
464334
464337
464338
464339
464340
464341
464343
464664
464665
464666
464667
464668
464669
464670
464675
464676
464677
464678
464679
465002
465003
465004
465005
465006
465013
465330
465331
465332
465333
465334
465335
465336
465339
465340
465652
465653
465654
465655
465656
465657
465658
465659
465661
465662
465663
466004
466005
466006
466007
466008
466010
466011
466012
466347
466348
466349
466350
466351
466352
466353
466354
466355
466673
466674
466675
466676
466677
466678
466679
466680
466681
466682
466683
466684
466685
466686
466997
466998
466999
467000
467001
467002
467003
467004
467005
467006
467007
467008
467325
467326
467327
467328
467329
467642
467643
467644
467645
467646
467647
467648
467965
467966
467967
467968
467969
468275
468276
468277
468278
468279
468280
468281
468282
468283
468573
468574
468575
468576
468577
468578
468579
468580
468872
468873
468874
468875
468876
468877
469166
469167
469168
469169
469170
469171
469172
469173
469174
469175
469176
469462
469463
469464
469465
469466
469467
469468
469469
469470
469471
469472
469473
469474
469475
469476
469477
469478
469744
469745
469746
469747
469748
469749
469750
469751
469752
469753
469754
469755
469756
469757
469758
469759
470025
470026
470027
470028
470029
470030
470031
470032
470033
470034
470281