54116
54117
54589
54590
54591
54592
55060
55061
55062
55063
55064
55065
55071
55550
55551
55552
55553
55554
55561
55562
56038
56039
56040
56041
56042
56044
56045
56051
56052
56053
56054
56535
56536
56537
56538
56539
56540
56541
56542
56543
56545
56546
56547
56548
56549
56550
56551
56552
56553
56554
56555
56556
57035
57036
57037
57038
57039
57040
57041
57042
57043
57045
57046
57047
57048
57049
57050
57051
57052
57053
57594
57595
57596
57597
57598
57599
57600
57601
57602
57603
57606
57607
57608
57609
57610
58134
58135
58136
58137
58138
58139
58140
58141
58142
58143
58144
58145
58146
58147
58148
58149
58150
58699
58700
58701
58702
58703
58704
58705
58706
58707
58708
58709
58710
58711
58712
58713
58714
58715
58716
58717
58718
59258
59260
59261
59262
59263
59264
59265
59266
59267
59268
59269
59270
59271
59272
59273
59274
59275
59276
59857
59858
59859
59860
59861
59862
59863
59864
59865
59866
59867
59868
59869
59870
59871
59872
59873
59874
60477
60478
60479
60480
60481
60482
60483
60484
60485
60486
60487
60488
60489
60491
61078
61079
61080
61081
61082
61083
61084
61085
61086
61087
61088
61089
61090
61092
61665
61666
61667
61668
61669
61670
61671
61672
61673
61674
61675
61676
61677
61678
61679
61680
62268
62269
62270
62271
62272
62273
62274
62275
62276
62277
62278
62279
62280
62281
62282
62283
62284
62285
62286
62287
62289
62290
62841
62842
62843
62844
62845
62846
62847
62848
62849
62850
62851
62852
62853
62854
62855
62856
62857
62858
62859
62860
62861
62862
62863
62864
62865
62866
62867
62868
62869
62870
62871
63409
63410
63411
63412
63413
63414
63415
63416
63417
63418
63419
63420
63421
63422
63423
63424
63425
63426
63427
63428
63431
63432
64010
64011
64012
64013
64014
64015
64016
64017
64018
64019
64020
64021
64022
64023
64024
64025
64026
64027
64028
64029
64030
64031
64032
64033
64034
64608
64609
64610
64611
64612
64613
64614
64615
64616
64617
64618
64619
64620
64621
64622
64623
64624
64625
64626
64627
64628
64629
64630
64631
64632
64633
65188
65189
65190
65191
65192
65193
65194
65195
65196
65197
65198
65199
65200
65201
65202
65203
65204
65205
65206
65208
65209
65210
65211
65212
65213
65214
65755
65756
65757
65759
65760
65761
65762
65763
65764
65765
65766
65769
65770
65771
65772
65774
65775
65776
65777
66308
66309
66310
66311
66312
66313
66314
66315
66316
66317
66318
66319
66320
66321
66322
66323
66324
66325
66326
66331
66333
66334
66335
66336
66845
66847
66848
66849
66850
66851
66852
66853
66854
66855
66856
66857
66858
66859
66860
66861
66862
66863
66864
66865
66869
66870
66871
66872
67370
67371
67372
67373
67374
67375
67376
67377
67378
67379
67380
67381
67382
67383
67384
67385
67386
67387
67388
67389
67390
67391
67392
67393
67394
67395
67396
67399
67400
67401
67907
67908
67909
67916
67917
67918
67932
67933
67934
67935
67936
67937
67938
67939
67940
67941
67942
67943
67944
67945
67946
67947
67948
67949
67950
67951
67952
67953
67954
67955
67956
67957
67958
67959
67960
67961
67965
67966
68447
68448
68449
68452
68453
68454
68455
68465
68466
68467
68468
68469
68470
68471
68472
68473
68474
68475
68476
68477
68478
68479
68480
68481
68482
68483
68484
68485
68486
68487
68488
68489
68490
68491
68492
68493
68494
68495
68496
68497
68498
68499
68500
68974
68975
68976
68977
68978
68979
68980
68981
68982
68983
68991
68992
68993
68994
68995
68996
68997
68998
68999
69000
69001
69002
69003
69004
69005
69006
69007
69008
69009
69010
69011
69012
69013
69014
69015
69016
69017
69018
69019
69020
69021
69022
69023
69510
69511
69512
69513
69514
69516
69517
69518
69519
69520
69521
69523
69524
69525
69526
69527
69528
69529
69530
69531
69532
69533
69536
69537
69538
69539
69540
69541
69542
69543
69544
69545
69546
69547
69548
69549
69550
69551
69552
69553
69554
69555
69556
69557
69559
69560
69561
69562
69563
70050
70051
70052
70053
70056
70057
70058
70059
70060
70061
70062
70063
70064
70065
70066
70067
70068
70069
70070
70071
70072
70073
70081
70082
70083
70084
70085
70086
70087
70089
70090
70091
70092
70093
70094
70098
70099
70602
70603
70604
70605
70606
70608
70609
70610
70611
70612
70613
70614
70615
70616
70617
70618
70619
70620
70621
70622
70623
70624
70632
70633
70634
70635
70636
70638
71148
71149
71150
71151
71152
71153
71154
71155
71156
71157
71158
71159
71160
71161
71162
71163
71175
71176
71177
71178
71179
71180
71712
71713
71714
71715
71716
71717
71719
71720
71721
71722
71723
71724
71725
71726
71727
71728
71729
71740
71741
71742
71743
71744
71745
72275
72276
72277
72278
72279
72282
72283
72284
72285
72286
72287
72288
72289
72290
72291
72292
72293
72294
72305
72306
72307
72308
72309
72310
72311
72845
72846
72847
72848
72849
72850
72851
72852
72853
72854
72855
72856
72857
72858
72859
72860
72861
72862
72863
72864
72865
72866
72875
72877
72878
72880
72881
73405
73406
73407
73408
73409
73410
73411
73412
73413
73414
73415
73416
73417
73418
73419
73420
73421
73423
73424
73425
73426
73433
73434
73435
73436
73437
73438
73439
73963
73964
73965
73966
73967
73968
73969
73970
73971
73972
73973
73974
73975
73976
73977
73978
73979
73980
73981
73982
73992
73993
73994
73995
73996
74523
74524
74525
74526
74527
74528
74529
74531
74532
74533
74534
74535
74536
74537
74538
74539
74540
74549
74550
75086
75087
75088
75089
75090
75091
75092
75093
75094
75095
75096
75097
75098
75099
75100
75101
75102
75103
75104
75114
75681
75682
75683
75684
75685
75686
75688
75689
75690
75691
75692
75693
75694
75695
75696
75697
75698
75699
75700
76260
76261
76262
76263
76264
76265
76266
76267
76268
76269
76270
76271
76272
76273
76274
76275
76276
76277
76278
76279
76280
76281
76836
76837
76838
76839
76840
76841
76842
76843
76844
76845
76846
76847
76848
76849
76850
76851
76852
76853
76854
77390
77391
77392
77393
77394
77395
77396
77397
77398
77399
77400
77401
77402
77403
77404
77407
77408
77971
77972
77973
77974
77975
77976
77977
77978
77979
78545
78546
78547
78548
78549
78550
78551
78552
78553
78554
79150
79151
79152
79153
79154
79728
79729
79730
79731
79732
79733
80322
80323
80324
80325
80326
80327
80328
80329
80915
80916
80917
80918
81472
81473
82044