237658
237659
238278
238279
238280
238282
238283
238284
238285
238286
238873
238874
238875
238876
238877
238878
238880
238881
238882
238883
238884
238885
239491
239492
239493
239494
239495
239496
239497
239498
239499
239500
239501
239502
239503
239504
240128
240129
240130
240131
240132
240133
240134
240135
240136
240137
240731
240732
240733
240734
240735
240736
240737
240738
240739
240740
240741
240742
241292
241293
241295
241296
241297
241298
241299
241300
241301
241302
241303
241304
241305
241306
241307
241855
241870
241871
241872
241873
241874
241875
241876
241877
241878
241879
241880
241881
241882
241883
241884
241885
241886
241887
241888
242456
242457
242458
242459
242460
242461
242462
242476
242477
242478
242479
242480
242481
242482
242483
242484
242485
242486
242487
242488
242489
242490
242491
242492
242493
242494
242495
242496
243048
243049
243050
243051
243052
243053
243054
243055
243056
243057
243059
243071
243072
243073
243074
243075
243076
243077
243078
243079
243080
243081
243082
243083
243084
243085
243086
243087
243088
243089
243090
243649
243650
243651
243652
243653
243654
243655
243656
243657
243658
243659
243660
243661
243662
243676
243677
243678
243679
243680
243681
243682
243683
243684
243685
243686
243687
243688
243689
243690
243691
243692
243693
243694
243695
244246
244247
244248
244249
244250
244251
244252
244253
244255
244256
244257
244258
244259
244260
244272
244273
244274
244275
244276
244277
244278
244279
244280
244281
244282
244283
244284
244285
244286
244287
244288
244289
244290
244291
244292
244293
244294
244295
244296
244302
244303
244845
244847
244849
244850
244851
244853
244854
244855
244856
244857
244858
244873
244874
244875
244876
244877
244878
244879
244880
244881
244882
244883
244884
244885
244886
244887
244888
244889
244890
244891
244892
244893
244894
244895
244896
244902
245451
245452
245453
245454
245455
245456
245457
245458
245459
245460
245461
245462
245478
245479
245480
245481
245482
245483
245484
245485
245486
245487
245488
245489
245490
245491
245492
245493
245494
245495
245496
245497
245498
245503
246042
246043
246044
246045
246046
246047
246048
246049
246050
246051
246052
246065
246066
246067
246068
246069
246070
246071
246072
246073
246074
246075
246076
246077
246078
246079
246080
246081
246082
246083
246084
246085
246090
246627
246628
246629
246630
246631
246633
246634
246635
246636
246637
246638
246650
246651
246652
246653
246654
246655
246656
246657
246658
246659
246660
246661
246662
246663
246664
246665
246666
246667
246668
246669
246670
246671
246675
246676
246677
246678
247206
247209
247210
247211
247212
247213
247214
247215
247216
247217
247218
247219
247234
247235
247236
247237
247238
247239
247240
247241
247242
247243
247244
247245
247246
247247
247248
247249
247250
247251
247252
247253
247254
247256
247257
247258
247259
247773
247775
247778
247779
247780
247781
247782
247783
247784
247785
247786
247787
247788
247789
247805
247806
247807
247808
247809
247810
247811
247812
247813
247814
247815
247816
247817
247818
247819
247820
247821
247822
247823
247824
247825
247826
247827
247828
247829
247830
247831
248328
248329
248330
248331
248332
248333
248334
248336
248337
248338
248339
248356
248357
248358
248359
248360
248361
248362
248363
248364
248365
248366
248367
248368
248369
248370
248371
248372
248373
248374
248375
248376
248377
248378
248379
248380
248381
248382
248383
248886
248888
248889
248890
248892
248893
248894
248895
248910
248911
248912
248913
248914
248915
248916
248917
248918
248919
248920
248921
248922
248923
248924
248925
248926
248927
248928
248929
248930
248932
248933
248934
248935
248936
248937
248938
248939
248940
248941
249439
249442
249443
249444
249445
249460
249461
249462
249463
249464
249465
249466
249467
249468
249469
249470
249471
249472
249473
249474
249475
249476
249477
249480
249481
249482
249483
249484
249485
249486
249487
249488
249489
249490
249491
249987
249990
249991
249992
249993
249995
250010
250011
250012
250013
250014
250015
250016
250017
250018
250019
250020
250021
250022
250023
250024
250025
250026
250027
250032
250033
250034
250035
250036
250037
250038
250039
250040
250041
250525
250526
250527
250528
250529
250530
250531
250544
250545
250546
250547
250548
250549
250550
250551
250552
250553
250554
250555
250556
250557
250558
250559
250565
250566
250567
250568
250569
251065
251066
251067
251068
251069
251070
251071
251072
251078
251079
251080
251081
251088
251089
251090
251091
251092
251093
251094
251095
251096
251097
251098
251099
251100
251101
251102
251103
251104
251105
251106
251107
251114
251115
251116
251117
251118
251119
251619
251620
251621
251622
251623
251624
251625
251626
251627
251628
251629
251630
251631
251632
251637
251638
251639
251640
251641
251642
251643
251644
251645
251646
251647
251648
251649
251650
251651
251652
251653
251658
251659
251660
251661
251662
251663
252199
252200
252201
252202
252203
252204
252205
252208
252209
252210
252211
252212
252213
252215
252216
252217
252218
252219
252220
252221
252222
252223
252224
252225
252226
252227
252228
252229
252230
252231
252232
252234
252235
252236
252237
252238
252239
252240
252243
252794
252795
252796
252797
252798
252799
252800
252801
252803
252804
252805
252806
252807
252808
252809
252810
252811
252812
252813
252814
252815
252816
252817
252818
252819
252820
252821
252822
252823
252824
252828
252829
252830
252831
252832
252833
253376
253377
253378
253379
253380
253382
253383
253384
253385
253386
253387
253388
253389
253390
253391
253392
253393
253394
253395
253396
253397
253398
253399
253400
253401
253405
253406
253407
253408
253409
253410
253411
253959
253960
253961
253962
253963
253964
253965
253966
253967
253968
253971
253972
253973
253974
253975
253976
253977
253978
253979
253980
253984
253985
253986
253987
253988
253989
253990
254546
254547
254548
254549
254550
254551
254552
254553
254554
254555
254556
254557
254558
254559
254563
254564
254565
254566
254567
254568
254569
254570
254571
254572
254573
254574
254578
254579
254580
254581
254582
255166
255167
255168
255169
255170
255171
255172
255173
255174
255175
255176
255177
255178
255179
255180
255185
255186
255187
255188
255189
255190
255191
255195
255196
255197
255198
255775
255776
255777
255778
255779
255780
255781
255782
255783
255784
255785
255786
255787
255789
255790
255791
255792
255793
255794
255795
255804
255805
255806
255807
256394
256395
256396
256397
256398
256399
256400
256401
256402
256403
256404
256405
256406
256407
256408
256410
256411
256412
256413
256414
256415
256416
256426
256427
256428
257005
257006
257007
257008
257009
257010
257011
257012
257013
257014
257015
257016
257017
257018
257019
257020
257021
257022
257023
257024
257025
257026
257620
257621
257622
257623
257624
257625
257626
257627
257628
257630
257631
257632
257633
257634
257635
257636
257637
257638
257639
257640
257641
258234
258235
258236
258238
258239
258244
258246
258247
258248
258249
258250
258251
258252
258253
258254
258855
258856
258857
258869
258870
259497
259498