404531
404532
404996
404997
405000
405449
405450
405451
405452
405913
405914
405915
405916
405917
405918
406376
406377
406378
406817
406818
406819
406820
407264
407265
407266
407267
407268
407269
407693
407694
407695
407696
407697
407698
407699
407700
407701
408128
408129
408130
408131
408132
408133
408134
408135
408136
408137
408569
408570
408571
408572
408573
408574
408575
408576
408577
408578
409006
409007
409008
409011
409012
409013
409463
409464
409465
409466
409467
409469
409470
409471
409472
409934
409937
409938
409939
410387
410394
410395
410836
410837
410842
411288
411289
411290
411753
411754
412229
412230
412683
412684
412685
412707
412708
412709
413166
413167
413168
413169
413188
413190
413191
413671
413672
413673
413674
413689
413690
413691
413692
413693
414157
414158
414159
414160
414161
414177
414178
414179
414180
414181
414642
414644
414645
414646
414647
414648
414666
414667
414668
414669
414670
414671
414672
415175
415176
415177
415178
415179
415180
415181
415182
415183
415184
415185
415200
415201
415202
415203
415204
415205
415206
415207
415208
415209
415703
415704
415705
415706
415707
415708
415709
415710
415711
415712
415713
415714
415715
415716
415717
415720
415729
415730
415731
415732
415733
415734
415735
415736
415737
415738
415739
415740
416234
416235
416236
416237
416238
416239
416240
416241
416242
416243
416244
416245
416246
416247
416248
416249
416253
416254
416255
416256
416262
416263
416264
416265
416266
416267
416268
416269
416270
416271
416272
416273
416274
416275
416747
416748
416749
416750
416751
416752
416753
416754
416755
416756
416757
416758
416759
416760
416761
416762
416763
416764
416768
416769
416770
416771
416778
416779
416780
416781
416782
416783
416784
416785
416786
416787
416788
416789
416790
416791
416792
416793
416798
416799
417222
417223
417224
417225
417226
417227
417228
417229
417230
417231
417232
417233
417234
417235
417239
417240
417241
417242
417246
417247
417248
417249
417250
417251
417252
417253
417254
417255
417256
417257
417258
417259
417260
417261
417265
417266
417701
417702
417703
417704
417705
417706
417707
417708
417709
417710
417711
417712
417713
417714
417719
417720
417721
417722
417725
417726
417727
417728
417729
417730
417731
417732
417733
417734
417735
417736
417737
417738
417739
417740
417741
417745
418173
418174
418175
418176
418177
418178
418179
418180
418181
418182
418187
418188
418189
418190
418191
418192
418193
418194
418195
418196
418197
418198
418199
418200
418201
418202
418203
418204
418205
418206
418207
418208
418209
418210
418211
418212
418213
418214
418660
418661
418662
418663
418664
418665
418666
418667
418668
418669
418670
418671
418672
418673
418676
418677
418678
418679
418680
418681
418682
418683
418684
418685
418686
418687
418688
418689
418690
418691
418692
418693
418694
418695
418696
418697
418698
418699
418700
418701
418702
418703
418704
418705
418706
418707
419164
419165
419166
419167
419168
419169
419170
419171
419172
419173
419174
419175
419176
419177
419178
419179
419180
419181
419182
419184
419185
419186
419187
419188
419189
419190
419191
419192
419193
419194
419195
419196
419197
419198
419199
419200
419201
419202
419203
419204
419205
419206
419207
419208
419209
419210
419211
419212
419213
419651
419652
419655
419656
419657
419658
419659
419660
419661
419662
419663
419664
419665
419666
419667
419668
419669
419670
419671
419672
419673
419674
419675
419676
419677
419678
419679
419680
419681
419682
419683
419684
419685
419686
419687
419688
419689
419690
419691
419692
419693
419694
419695
419696
419697
419698
419699
419700
419701
419702
419703
419704
420156
420159
420160
420161
420162
420163
420164
420165
420166
420167
420168
420169
420170
420171
420172
420173
420174
420175
420176
420177
420178
420179
420180
420181
420182
420183
420184
420185
420186
420187
420188
420189
420190
420191
420192
420193
420194
420195
420196
420197
420198
420199
420200
420201
420202
420638
420643
420644
420645
420646
420647
420648
420649
420650
420651
420652
420653
420654
420655
420656
420657
420658
420659
420660
420661
420663
420664
420665
420666
420667
420668
420669
420670
420671
420672
420673
420674
420675
420676
420677
420678
420679
420680
420681
420682
420683
420684
420685
420686
420687
420688
421132
421133
421134
421135
421136
421137
421138
421139
421140
421141
421142
421143
421144
421145
421146
421147
421148
421150
421151
421152
421153
421155
421156
421157
421158
421159
421160
421161
421162
421163
421164
421165
421166
421167
421168
421169
421170
421171
421172
421173
421174
421175
421176
421177
421178
421595
421596
421597
421598
421599
421600
421601
421602
421603
421604
421605
421606
421607
421608
421609
421613
421616
421617
421618
421619
421620
421621
421622
421623
421624
421625
421626
421627
421628
421629
421630
421631
421632
421633
421634
421635
421636
421637
421638
421639
421640
421641
421642
422060
422061
422062
422064
422065
422066
422067
422068
422069
422070
422071
422072
422073
422074
422075
422076
422077
422078
422079
422080
422081
422082
422083
422084
422085
422086
422087
422088
422089
422090
422091
422092
422093
422094
422095
422096
422097
422098
422099
422100
422101
422102
422103
422104
422105
422106
422107
422519
422520
422521
422522
422523
422524
422525
422526
422527
422528
422529
422530
422531
422532
422533
422534
422535
422536
422537
422538
422539
422545
422546
422547
422548
422549
422551
422552
422553
422554
422555
422556
422557
422558
422559
422560
422561
422562
422563
422986
422987
422988
422989
422990
422991
422992
422993
422994
422995
422996
422997
422998
422999
423000
423001
423002
423003
423004
423005
423011
423012
423013
423014
423015
423016
423017
423018
423019
423020
423021
423022
423023
423024
423025
423026
423027
423028
423029
423030
423458
423459
423460
423461
423462
423463
423464
423465
423466
423467
423468
423469
423470
423471
423472
423473
423474
423475
423476
423479
423486
423487
423488
423489
423490
423491
423492
423493
423494
423495
423496
423497
423498
423499
423500
423937
423938
423939
423940
423941
423942
423943
423944
423945
423946
423947
423948
423949
423950
423951
423953
423954
423955
423965
423966
423967
423968
423969
423970
423971
423972
423973
423974
423975
423976
424424
424425
424426
424427
424428
424429
424430
424431
424432
424433
424434
424435
424436
424440
424450
424451
424452
424453
424454
424455
424456
424457
424458
424459
424460
424461
424462
424463
424464
424465
424905
424906
424907
424908
424909
424910
424911
424912
424913
424914
424915
424916
424917
424918
424920
424928
424929
424930
424931
424932
424933
424934
424935
424936
424937
424938
424939
424940
424941
424942
425394
425395
425396
425397
425398
425399
425400
425401
425402
425403
425404
425405
425406
425413
425414
425415
425416
425417
425423
425424
425425
425875
425876
425877
425878
425879
425880
425881
425882
425883
425884
425885
425894
425895
425896
425897
425904
426366
426367
426368
426369
426370
426374
426375
426376
426377
426378
426379
426390
426391
426895
426896
426897
426898
426899
427439