270096
270733
270734
270735
270736
270737
270738
271385
271386
271387
271388
272038
272039
272040
272683
272684
272685
273329
273330
273335
273336
273337
273338
273339
273340
273985
273986
273990
273991
273992
273993
273994
273995
273996
273997
274631
274632
274633
274634
274635
274636
274637
274638
274639
274640
274641
274642
274643
274644
274645
274646
274647
274650
275259
275260
275263
275264
275265
275266
275267
275268
275269
275270
275271
275272
275273
275274
275275
275276
275277
275278
275897
275898
275899
275900
275901
275902
275903
275904
275905
275906
275907
275911
275912
275913
275914
275915
275916
276547
276548
276549
276550
276551
276552
276553
276554
276555
276556
276561
276562
276563
276564
276565
276566
277167
277168
277169
277170
277174
277175
277176
277177
277178
277179
277785
277786
277789
277790
277791
277792
277793
277794
277795
277796
277797
278394
278399
278400
278401
278402
278403
278404
278405
278406
278407
278408
278998
278999
279000
279001
279002
279003
279004
279005
279006
279007
279008
279009
279010
279011
279616
279619
279620
279621
279622
279623
279624
279625
279627
279628
279629
279630
279631
280224
280225
280226
280227
280228
280229
280230
280231
280234
280817
280818
280819
280820
280821
280822
280823
280824
280828
281403
281404
281405
281406
281407
281408
281409
281410
281411
281412
281413
281414
282005
282006
282007
282008
282009
282010
282011
282012
282013
282014
282016
282589
282590
282591
282592
282593
282594
282595
282596
282597
282598
282599
283185
283186
283187
283188
283189
283190
283191
283192
283193
283194
283195
283196
283197
283198
283199
283200
283793
283794
283795
283796
283797
283798
283799
283800
283801
283802
283803
283804
283805
283806
283807
283808
283820
283821
283822
284412
284413
284414
284415
284416
284417
284418
284419
284420
284421
284422
284423
284424
284425
284426
284438
284439
284440
284450
284451
284452
284453
284454
284455
284456
285025
285026
285027
285028
285029
285030
285031
285032
285033
285034
285035
285036
285037
285038
285039
285040
285041
285042
285043
285044
285045
285050
285051
285058
285059
285060
285061
285062
285063
285064
285065
285066
285605
285606
285607
285608
285609
285610
285611
285612
285613
285614
285615
285616
285617
285618
285619
285620
285621
285622
285623
285624
285625
285626
285627
285628
285629
285636
285637
285638
285639
285640
285641
285642
285643
285644
285645
286150
286151
286152
286153
286154
286155
286156
286157
286158
286159
286160
286161
286162
286163
286164
286165
286166
286167
286168
286169
286170
286174
286177
286178
286179
286180
286181
286182
286183
286184
286674
286675
286676
286677
286678
286679
286680
286681
286682
286683
286684
286685
286686
286687
286688
286689
286690
286691
286692
286693
286694
286695
286696
286697
286698
286699
286702
286703
286704
286705
286706
286707
286708
286709
286710
287190
287191
287192
287193
287194
287195
287196
287197
287198
287199
287200
287201
287202
287203
287204
287205
287206
287207
287208
287209
287210
287211
287212
287213
287214
287215
287216
287217
287218
287219
287220
287221
287222
287702
287703
287704
287705
287706
287707
287708
287709
287710
287711
287712
287713
287714
287715
287716
287717
287718
287719
287720
287721
287722
287723
287724
287725
287726
287727
287728
287729
287730
287731
287732
287733
287734
288229
288230
288231
288232
288233
288234
288235
288236
288237
288238
288239
288240
288241
288242
288243
288244
288245
288246
288247
288248
288249
288250
288251
288252
288253
288254
288255
288256
288257
288258
288259
288754
288755
288756
288757
288758
288759
288760
288761
288762
288763
288764
288765
288766
288767
288768
288769
288770
288771
288772
288773
288774
288775
288776
288777
288778
288779
288780
288781
289242
289243
289244
289245
289246
289247
289248
289249
289250
289251
289252
289253
289254
289255
289256
289257
289258
289259
289260
289261
289262
289263
289264
289265
289266
289267
289268
289269
289270
289271
289272
289273
289274
289715
289716
289717
289718
289719
289720
289721
289722
289723
289724
289725
289726
289727
289728
289729
289730
289731
289732
289733
289734
289735
289736
289737
289738
289739
289740
289741
289742
289743
289744
289745
289746
289747
289748
289749
289752
290221
290222
290223
290224
290225
290226
290227
290228
290229
290230
290231
290232
290233
290234
290235
290236
290237
290238
290239
290240
290241
290242
290243
290244
290248
290716
290717
290718
290719
290720
290721
290722
290723
290724
290725
290726
290727
290728
290729
290730
290731
290732
290733
290734
290735
290736
290737
290738
290739
290740
290741
291184
291185
291186
291187
291188
291189
291190
291191
291192
291193
291194
291195
291196
291197
291198
291199
291200
291201
291202
291203
291653
291654
291655
291656
291657
291658
291659
291660
291661
291662
291663
291664
291665
291666
291667
291668
291669
291670
291671
292141
292142
292143
292144
292145
292146
292147
292148
292149
292150
292151
292152
292153
292154
292155
292156
292157
292158
292159
292641
292642
292643
292644
292645
292646
292647
292648
292649
292650
292651
292652
292653
292654
292655
292656
292657
292658
292659
293147
293148
293149
293150
293151
293152
293153
293154
293155
293156
293157
293158
293159
293160
293161
293162
293163
293164
293165
293166
293167
293168
293169
293170
293649
293650
293651
293652
293653
293654
293655
293656
293657
293658
293659
293660
293661
293662
293663
293664
293665
293666
293667
293668
293669
293670
293671
293672
294153
294154
294155
294156
294157
294158
294159
294160
294161
294162
294163
294164
294165
294166
294167
294168
294169
294170
294171
294172
294173
294174
294175
294176
294177
294178
294179
294641
294642
294643
294644
294645
294646
294647
294648
294649
294650
294651
294652
294653
294654
294655
294656
294657
294658
294659
294660
294661
294662
294663
294664
294665
294666
294667
295117
295119
295120
295121
295123
295124
295125
295126
295127
295128
295129
295130
295131
295132
295133
295134
295135
295136
295137
295138
295139
295140
295141
295604
295605
295606
295607
295608
295609
295610
295611
295612
295613
295614
295615
295616
295617
295618
295619
295620
295621
295622
295623
295624
295625
295626
296081
296082
296083
296084
296085
296086
296087
296088
296089
296090
296091
296092
296093
296094
296095
296096
296097
296098
296099
296100
296101
296102
296103
296104
296561
296562
296563
296564
296565
296566
296567
296568
296569
296570
296571
296572
296573
296574
296575
296576
296577
296578
296579
296580
296581
296582
297052
297053
297054
297055
297056
297057
297062
297063
297064
297065
297066
297067
297068
297069
297070
297071
297072
297073
297074
297075
297076
297561
297563
297564
297568
297569
297570
297571
297572
297573
297574
297575
297576
297577
297578
297579
297580
298073
298074
298075
298076
298081
298082
298083
298084
298085
298086
298087
298088
298089
298090
298091
298092
298597
298598
298599
298607
298608
298609
298610
298611
298612
298613
299115
299116
299119
299120
299121
299643
299644
299645
300151
300152
300153
300693
300694
300695