366374
366375
366376
366377
366378
366379
366380
366841
366842
366843
366844
366845
366846
366847
366848
366849
366850
366851
366852
366853
366854
366855
366856
366857
366858
366859
366860
367336
367337
367338
367339
367340
367341
367342
367343
367344
367345
367346
367347
367348
367349
367350
367351
367352
367353
367354
367355
367356
367357
367358
367836
367837
367838
367839
367840
367841
367842
367843
367844
367845
367846
367847
367848
367849
367850
367851
367852
367853
367854
367855
367856
367857
367858
367859
367860
367861
368356
368357
368358
368359
368360
368361
368362
368363
368364
368365
368366
368367
368368
368369
368370
368371
368372
368373
368374
368375
368376
368377
368378
368379
368380
368381
368382
368868
368869
368870
368871
368872
368873
368874
368875
368876
368877
368878
368879
368880
368881
368882
368883
368884
368885
368886
368887
368888
368889
369366
369367
369368
369369
369370
369371
369372
369373
369374
369375
369376
369377
369848
369849
369850
369851
369852
369853
369854
369855
369856
369857
369858
370343
370344
370345
370346
370347
370348
370349
370350
370351
370352
370353
370354
370355
370356
370357
370358
370359
370848
370849
370850
370851
370852
370853
370854
370855
370856
370857
370858
370859
370860
370861
370862
370863
370864
370865
371352
371353
371354
371355
371356
371357
371358
371359
371360
371361
371362
371856
371857
371858
371859
371860
371861
371862
371863
371864
371865
371866
371867
371868
371869
372368
372369
372370
372371
372372
372373
372374
372375
372376
372377
372378
372379
372877
372878
372879
372880
372881
372882
372883
372884
372885
372886
372887
372888
372889
373402
373403
373404
373405
373406
373407
373408
373409
373410
373411
373412
373413
373414
373415
373416
373417
373418
373941
373942
373943
373944
373945
373946
373947
373948
373949
373950
373951
373952
373953
373954
373955
373956
374503
374504
374505
374506
374507
374508
374509
374510
374511
374512
374513
374514
374515
374516
375087
375088
375089
375090
375091
375092
375093
375094
375095
375096
375097
375098
375099
375675
375676
375677
375678
375679
375680
375681
375682
375683
375684
375685
375686
375687
375688
375689
376272
376273
376274
376275
376276
376277
376278
376279
376280
376281
376282
376283
376284
376285
376286
376287
376288
376883
376884
376885
376886
376887
376888
376889
376890
376891
376892
376893
376894
376895
376896
376897
376898
377479
377480
377481
377482
377483
377484
377485
377486
377487
377488
377489
377490
377491
377492
377493
377494
377495
377496
377497
378041
378042
378043
378044
378045
378046
378047
378048
378049
378050
378051
378052
378053
378054
378055
378056
378057
378058
378059
378586
378587
378588
378589
378590
378591
378592
378593
378594
378595
378596
378597
378598
378599
378600
378601
378602
378603
378604
378605
379125
379126
379127
379128
379129
379130
379131
379132
379133
379134
379135
379136
379137
379138
379139
379140
379141
379681
379682
379683
379684
379685
379686
379687
379688
379689
379690
379691
379692
379693
379694
379695
380252
380253
380254
380255
380256
380257
380258
380259
380260
380261
380262
380263
380831
380832
380833
380834
380835
380836
380837
380838
380839
380840
380841
380843
381421
381422
381423
381424
381425
381426
381427
381428
381429
381430
381431
381432
381986
381987
381988
381989
381990
381991
381992
381993
381994
381995
381996
381997
382529
382530
382531
382532
382533
382534
382535
382536
382537
382538
382539
382540
382541
383091
383092
383093
383094
383095
383096
383097
383098
383099
383100
383101
383102
383103
383104
383105
383106
383107
383108
383109
383110
383657
383658
383659
383660
383661
383662
383663
383664
383665
383666
383667
383668
383669
383670
383671
383672
384237
384238
384239
384240
384241
384242
384243
384244
384245
384246
384247
384248
384249
384250
384802
384803
384804
384805
384806
384807
384808
384809
384810
384811
384812
384813
384814
384815
384816
384817
384818
384819
384820
384821
385358
385359
385360
385361
385362
385363
385364
385365
385366
385367
385368
385369
385370
385371
385372
385373
385374
385375
385376
385377
385379
385923
385924
385925
385926
385927
385928
385929
385930
385931
385932
385933
385934
385935
385936
385937
385938
385939
385940
385941
385942
385943
385944
385945
386467
386468
386469
386470
386471
386472
386473
386474
386475
386476
386477
386478
386479
386480
386481
386482
386483
386484
386486
386487
386490
386491
387018
387019
387020
387021
387022
387023
387024
387025
387026
387027
387028
387029
387030
387031
387032
387033
387038
387039
387040
387570
387571
387572
387573
387574
387575
387576
387577
387578
387579
387580
387581
387582
387583
387584
387585
387586
387587
387593
388126
388128
388132
388133
388134
388135
388136
388137
388138
388139
388140
388141
388142
388143
388144
388145
388146
388147
388148
388149
388150
388689
388690
388691
388692
388693
388695
388696
388697
388698
388699
388700
388701
388702
388703
388704
388705
388706
388707
388708
388709
388710
388711
389229
389230
389231
389232
389233
389234
389235
389236
389237
389238
389239
389240
389241
389242
389243
389244
389245
389246
389247
389248
389249
389250
389780
389781
389785
389786
389787
389788
389789
389790
389791
389792
389793
389794
389795
389796
389797
389798
389799
390329
390330
390331
390332
390333
390334
390335
390336
390337
390338
390339
390340
390341
390342
390343
390344
390345
390346
390347
390348
390349
390880
390881
390882
390883
390884
390887
390888
390889
390890
390891
390892
390893
390894
390895
390896
390897
390898
391433
391434
391435
391436
391437
391440
391441
391442
391443
391444
391445
391446
391447
391448
391449
391450
391991
391992
391993
391994
391996
391997
391998
391999
392000
392001
392002
392004
392005
392542
392543
392544
392545
392546
392547
392548
392549
392550
392551
392552
392553
392554
392555
392556
392557
392558
392559
392560
392561
393065
393067
393068
393069
393070
393071
393072
393073
393074
393075
393076
393077
393078
393079
393080
393081
393082
393083
393084
393591
393592
393593
393594
393595
393596
393597
393598
393599
393600
393601
393602
393603
393604
393605
393606
393607
393608
393609
394127
394128
394129
394130
394131
394132
394133
394134
394136
394137
394138
394139
394140
394141
394142
394143
394654
394655
394656
394657
394658
394659
394660
394661
394662
394663
394664
394665
394666
394667
394668
394669
395184
395185
395186
395187
395188
395189
395190
395191
395192
395193
395194
395195
395196
395197
395198
395199
395200
395201
395730
395731
395732
395737
395738
395739
395740
395741
395742
395743
395744
395745
396293
396294
396295
396302
396303
396304
396305
396306
396307
396308
396309
396310
396311
396826
396827
396828
396836
396837
396838
396839
396840
396841
397349
397350
397351
397352
397360
397362
397363
397364
397365
397366
397367
397875
397876
397877
397878
397885
397886
397887
397888
397889
397890
397891
397892
398419
398420
398421
398422
398429
398430
398431
398432
398433
398996
398997
398998
398999
399536
399537
399538
399539
399540
400056
400057