310413
310414
310957
310958
310959
311495
311496
312026
312027
312527
312534
312535
312536
312999
313000
313005
313006
313007
313008
313467
313468
313469
313471
313472
313473
313474
313475
313476
313477
313944
313945
313946
313947
313948
313949
313950
313951
313952
313953
313954
314408
314409
314410
314411
314412
314413
314414
314415
314416
314417
314859
314860
314861
314862
314863
314864
315303
315305
315306
315307
315308
315752
315753
315754
316207
316208
316209
316680
316681
316682
316683
316684
317155
317156
317157
317158
317159
317160
317633
317634
317635
317636
317637
317638
318116
318117
318118
318119
318120
318121
318633
318634
318635
318636
318637
319120
319122
319123
319124
319611
319612
319613
319614
319615
319616
319617
320107
320108
320109
320110
320111
320112
320113
320591
320592
320593
320594
320595
320596
320597
320598
320599
321077
321078
321079
321080
321081
321082
321539
321545
321546
321547
321548
321549
321550
321551
321998
321999
322000
322001
322002
322004
322007
322008
322009
322010
322465
322466
322467
322468
322469
322470
322471
322472
322473
322474
322475
322476
322477
322478
322479
322480
322961
322962
322963
322964
322965
322966
322967
322968
322969
322970
322971
322972
322973
322974
323428
323429
323430
323431
323432
323433
323434
323437
323438
323439
323905
323906
323907
323908
323909
323910
323911
323912
323913
323914
323915
323916
323918
324412
324413
324414
324415
324416
324417
324418
324419
324420
324421
324422
324423
324424
324425
324427
324428
324925
324926
324927
324928
324932
324933
324934
324935
324936
325450
325451
325455
325456
325457
325458
325459
325460
325980
325981
325986
325987
326499
326500
326501
326502
326503
326504
326505
327017
327018
327019
327020
327021
327022
327023
327533
327534
327535
327536
327537
327538
327539
327540
327541
328063
328064
328065
328066
328067
328068
328069
328070
328071
328072
328567
328568
328569
328570
328571
328572
328573
328574
328575
329039
329040
329041
329042
329043
329044
329506
329507
329508
329509
329960
329961
329962
329963
329964
329965
330422
330423
330424
330425
330426
330427
330428
330429
330430
330431
330887
330888
330889
330890
330891
330892
330894
330895
330896
330897
330898
330899
331358
331361
331362
331364
331365
331366
331367
331368
331369
331370
331828
331829
331830
331831
331832
331833
331834
331835
332309
332310
332311
332312
332313
332314
332315
332316
332794
332795
332796
332797
332798
332799
332800
332801
333290
333291
333292
333293
333294
333295
333296
333297
333766
333767
333768
333769
333770
333781
333782
334220
334221
334222
334223
334224
334233
334234
334235
334236
334681
334682
334683
334684
334685
334686
334687
334688
334697
334698
334699
334700
334701
334702
334703
335135
335136
335137
335138
335139
335140
335141
335142
335143
335144
335153
335154
335155
335156
335157
335158
335159
335160
335161
335162
335163
335590
335591
335592
335593
335594
335595
335596
335597
335598
335599
335600
335601
335608
335609
335610
335611
335612
335613
335614
335615
336051
336052
336053
336054
336055
336056
336057
336058
336059
336060
336061
336062
336063
336068
336069
336070
336072
336073
336074
336075
336076
336523
336524
336525
336526
336527
336528
336529
336530
336531
336532
336533
336534
336539
336540
336541
336542
336543
336544
336545
336546
336547
336548
336549
336550
337010
337011
337015
337016
337017
337018
337019
337020
337021
337022
337023
337025
337026
337027
337028
337029
337030
337031
337032
337033
337034
337035
337036
337037
337038
337039
337040
337041
337042
337527
337528
337531
337532
337533
337534
337535
337536
337537
337538
337539
337542
337543
337544
337545
337546
337547
337548
337549
337550
337551
337552
337553
337554
337555
337556
337557
337558
337559
337560
338060
338061
338062
338065
338066
338067
338068
338069
338070
338071
338077
338078
338079
338080
338081
338082
338083
338084
338085
338086
338087
338088
338089
338090
338091
338092
338093
338604
338605
338606
338607
338608
338609
338610
338611
338612
338613
338614
338615
338616
338617
338621
338622
338623
338624
338625
338626
338627
338628
338629
338630
338631
338632
338633
338634
338635
339137
339138
339139
339140
339141
339142
339143
339144
339145
339146
339147
339148
339153
339154
339155
339156
339157
339158
339159
339160
339161
339162
339163
339164
339165
339166
339167
339168
339176
339661
339662
339663
339664
339665
339666
339667
339668
339669
339670
339671
339672
339673
339677
339678
339679
339680
339681
339682
339683
339684
339685
339687
339688
339689
339690
339691
339692
339693
339697
339698
339699
339701
339702
340185
340186
340187
340188
340189
340190
340193
340194
340195
340196
340197
340198
340199
340203
340204
340205
340206
340207
340208
340209
340210
340211
340212
340213
340214
340215
340216
340217
340218
340219
340220
340223
340225
340226
340228
340229
340727
340728
340730
340731
340732
340733
340734
340735
340737
340738
340739
340740
340741
340742
340743
340744
340745
340746
340747
340748
340749
340750
340751
340752
340753
340755
340756
340757
340758
340760
340761
340762
340763
340764
340765
340766
340767
340768
341281
341282
341284
341285
341286
341288
341289
341290
341291
341294
341295
341296
341297
341301
341302
341303
341304
341306
341307
341308
341309
341311
341312
341313
341790
341791
341792
341793
341794
341795
341796
341797
341798
341799
341800
341806
341808
341809
341810
341811
341812
341813
341814
341815
342323
342324
342325
342326
342327
342328
342329
342332
342339
342340
342341
342342
342343
342344
342861
342862
342863
342864
342865
342866
342867
342868
342869
342870
342871
342872
342879
342880
342881
342882
342883
342884
343423
343424
343425
343426
343427
343428
343429
343430
343431
343432
343433
343434
343435
343441
343442
343987
343988
343989
343990
343991
343992
343993
343994
343995
343996
343997
343998
344002
344003
344544
344545
344546
344547
344548
344549
344551
344552
344553
344554
344559
345078
345079
345080
345081
345082
345083
345084
345085
345086
345087
345088
345640
345641
345642
345643
345644
345645
345646
345647
345648
345649
345650
345651
346180
346181
346182
346183
346184
346185
346186
346187
346723
346724
346725
346726
346727
346728
346729
346730
346731
346737
347279
347280
347281
347282
347283
347284
347285
347286
347287
347288
347289
347290
347292
347848
347849
347850
347851
347852
347853
347854
347855
347856
347857
347858
347859
348424
348425
348426
348427
348428
348429
348430
348431
348432
348433
348434
348435
348436
348445
349026
349027
349028
349029
349030
349031
349032
349033
349034
349043
349044
349647
349648
349649
349650
349651
349652
349659
350248
350249
350250
350252
350257
350828
350829
350830
350831
350832
350834
350835
350836
351400
351401
351402
351403
351404
351405
351406
351407
351408
351963
351964
351965
351966
351967
351968
351969
351970
351971
351972
351973
352527
352528
352530
352531
352532
352533
352534
352535
352536
353090
353091
353092
353093
353094
353096
353677
353678
353679
353680
353681
353682
353683
353685
354250
354251
354252