245651
246232
246233
246821
246822
246823
246824
247403
247404
247407
247408
247409
247410
247961
247962
247963
247965
247966
247967
247968
247969
247970
247971
248517
248518
248520
248521
248522
248523
248524
248525
248526
248527
248528
248529
249070
249071
249072
249073
249074
249075
249076
249077
249078
249079
249080
249081
249082
249083
249084
249629
249630
249631
249633
249634
249635
249636
249637
249638
249639
249640
249641
249642
249643
249644
249645
250170
250171
250172
250173
250174
250176
250177
250178
250179
250180
250181
250182
250183
250184
250185
250711
250712
250713
250714
250715
250716
250717
250718
250719
250720
250721
250722
250723
250724
250725
250726
250727
251262
251263
251264
251265
251266
251267
251268
251269
251270
251271
251272
251273
251274
251275
251276
251277
251278
251813
251814
251815
251816
251817
251818
251819
251820
251821
251822
251823
251824
251825
251826
251827
251828
251829
251830
251831
252403
252404
252405
252406
252407
252408
252409
252410
252411
252412
252413
252414
252415
252416
252417
252418
252989
252990
252991
252992
252993
252994
252995
252996
252997
252998
252999
253000
253001
253002
253003
253004
253005
253006
253007
253575
253576
253577
253578
253579
253580
253581
253582
253583
253584
253585
253586
253587
253588
253589
253590
253591
253592
253593
254149
254150
254151
254152
254153
254154
254155
254156
254157
254158
254159
254160
254161
254162
254163
254164
254165
254753
254754
254755
254756
254757
254758
254759
254760
254761
254762
254763
254764
254765
254766
254767
254768
254769
254770
254771
254772
254773
255365
255366
255367
255368
255369
255370
255371
255372
255373
255374
255375
255376
255377
255378
255379
255380
255381
255382
255383
255384
255385
255386
255387
255388
255393
255394
255395
255396
255972
255973
255974
255975
255976
255977
255978
255979
255980
255981
255982
255983
255984
255985
255986
255987
255993
255996
255997
255998
256591
256592
256593
256594
256595
256596
256597
256598
256599
256600
256601
256602
256603
256604
256605
256606
256607
256611
256612
256614
256615
256616
256617
256618
256619
257200
257201
257202
257204
257205
257206
257207
257208
257209
257210
257211
257212
257213
257214
257215
257216
257217
257218
257219
257220
257221
257222
257223
257226
257227
257228
257229
257232
257233
257234
257819
257820
257821
257822
257823
257824
257825
257826
257827
257828
257829
257830
257831
257832
257833
257834
257835
257836
257837
257838
257841
257842
257843
257844
257845
257846
257847
257848
258425
258426
258427
258428
258429
258430
258431
258432
258433
258434
258435
258436
258437
258438
258439
258440
258441
258442
258443
258444
258445
258446
258447
258448
258449
258450
258451
258452
258453
258454
259052
259053
259054
259055
259056
259057
259058
259059
259060
259061
259062
259063
259064
259065
259066
259067
259068
259069
259070
259071
259072
259073
259074
259075
259076
259077
259078
259079
259080
259081
259082
259083
259698
259699
259700
259701
259703
259704
259705
259706
259707
259708
259709
259710
259711
259712
259714
259715
259716
259717
259718
259719
259720
259721
259722
259723
259724
259725
259726
259727
259728
259729
259730
260341
260342
260343
260344
260345
260346
260347
260348
260349
260350
260351
260352
260353
260354
260355
260356
260357
260358
260359
260360
260361
260362
260363
260364
260365
260366
260367
260368
260979
260980
260981
260982
260983
260984
260985
260986
260987
260991
260992
260993
260994
260995
260996
260997
260998
260999
261000
261597
261598
261599
261600
261601
261603
261604
261605
261608
261609
261610
261611
261612
261613
261614
261615
261616
261617
261618
262208
262209
262210
262211
262212
262214
262215
262216
262217
262218
262219
262220
262221
262222
262223
262224
262225
262226
262227
262228
262229
262816
262817
262818
262819
262820
262821
262822
262823
262824
262825
262826
262827
262828
262829
262830
262831
262832
262833
262834
262835
262836
262837
263419
263420
263421
263422
263423
263424
263425
263426
263427
263428
263429
263430
263431
263432
263433
263434
263435
263436
263437
263438
263439
263440
263441
264015
264016
264017
264018
264019
264020
264021
264022
264023
264024
264025
264026
264027
264028
264029
264030
264031
264032
264033
264034
264035
264036
264037
264038
264639
264640
264641
264642
264643
264644
264645
264646
264647
264648
264649
264650
264651
264652
264653
264654
264655
264656
264657
264658
264659
264660
264661
264662
264663
264664
265263
265264
265265
265266
265267
265268
265269
265270
265271
265272
265273
265274
265275
265276
265277
265278
265279
265280
265281
265282
265283
265284
265285
265286
265287
265288
265289
265887
265888
265889
265890
265891
265892
265893
265894
265895
265896
265897
265898
265899
265900
265901
265902
265903
265904
265905
265906
265907
265908
265909
266508
266509
266510
266511
266512
266513
266514
266515
266516
266517
266518
266519
266520
266521
266522
266523
266524
266525
266526
266527
267109
267110
267111
267112
267113
267114
267115
267116
267117
267118
267119
267120
267121
267122
267123
267124
267125
267126
267127
267128
267129
267130
267728
267729
267730
267731
267732
267733
267734
267735
267736
267737
267738
267739
267740
267741
267742
267743
267744
267745
267746
267747
268356
268357
268358
268359
268360
268361
268362
268363
268364
268365
268366
268367
268368
268369
268370
268371
268372
268373
268374
268375
268988
268989
268990
268991
268992
268993
268994
268995
268996
268997
268998
268999
269612
269613
269614
269615
269616
269617
269618
269619
269620
269621
269622
269623
269624
269625
269626
269627
269628
270255
270256
270257
270258
270259
270260
270261
270262
270263
270264
270265
270266
270267
270268
270269
270270
270271
270272
270273
270896
270897
270898
270899
270900
270901
270902
270903
270904
270905
270906
270907
270908
270909
270910
270911
270912
270913
270914
270915
270916
271544
271545
271546
271547
271548
271549
271550
271551
271552
271553
271554
271555
271556
271557
271558
271559
271560
271561
271562
271563
272192
272193
272194
272195
272196
272197
272198
272199
272201
272202
272203
272204
272205
272206
272207
272208
272209
272210
272211
272212
272213
272827
272828
272829
272830
272831
272832
272833
272834
272835
272836
272837
272838
272839
272840
272841
272842
272843
272844
272845
272846
273478
273479
273480
273481
273482
273483
273485
273486
273487
273488
273489
273490
273491
273492
273493
273494
273495
273496
274144
274145
274146
274147
274148
274149
274150
274151
274152
274155
274156
274157
274158
274159
274160
274161
274162
274773
274774
274775
274778
274779
274780
274784
274785
274786
274787
274788
274789
274790
274791
275399
275400
275401
275409
275410
275411
275412
275413
275414
275415
275416
275417
275418
275419
276039
276040
276041
276042
276043
276044
276045
276046
276047
276681
276682
276683
276684
276685
276686
276687
276688
277285
277286
277287
277288
277289
277290
277291
277292
277293
277900
277902
277903
277904
277905
278508
278509
278510
278511
279102
279103
279104
279105
279714
279715
279717
280315