93316
93942
93943
93944
93945
93946
94546
94547
94548
94549
94550
94551
94552
94553
94554
94555
95168
95169
95170
95171
95173
95174
95175
95176
95177
95837
95838
95839
95840
95841
96473
96474
96475
96477
96478
97123
97124
97125
97748
97749
97750
97751
97752
98366
98367
98982
98995
98996
98997
98998
99628
99631
99632
99633
99634
99641
99642
99643
99644
100277
100278
100280
100281
100283
100289
100290
100291
100292
100942
100943
100944
100945
100946
100947
100950
100951
100952
100954
100955
100956
100957
101620
101621
101622
101623
101624
101627
101628
101629
101630
101631
101632
101633
101634
101635
101636
101637
102258
102259
102260
102261
102262
102263
102265
102266
102267
102272
102273
102274
102275
102278
102279
102280
102281
102282
102866
102867
102868
102869
102870
102871
102872
102873
102874
102875
102876
102887
102888
102890
102891
103498
103499
103500
103501
103502
103503
103504
103505
103515
104133
104134
104135
104136
104137
104138
104140
104141
104142
104758
104759
104760
104761
104762
104763
104764
104765
104767
104768
104769
105370
105371
105372
105373
105374
105375
105376
105377
105378
105379
105380
105381
105382
105383
105972
105973
105974
105975
105976
105977
105978
105979
105980
105981
105982
105983
105985
105986
106593
106594
106596
106599
106600
107198
107199
107200
107202
107203
107204
107792
107793
107794
107796
107797
107798
107799
107800
107801
108405
108406
108407
108408
108409
108410
108411
108412
108413
109040
109041
109042
109043
109044
109045
109046
109047
109048
109053
109054
109055
109056
109057
109058
109674
109675
109676
109677
109678
109679
109680
109681
109682
109683
109684
109685
109688
109689
109690
109691
109692
109693
109694
109695
109696
109697
110302
110303
110304
110305
110306
110308
110309
110310
110311
110312
110313
110314
110315
110316
110317
110318
110319
110320
110321
110322
110323
110324
110325
110326
110327
110328
110329
110919
110920
110921
110924
110925
110926
110927
110928
110929
110930
110931
110932
110933
110934
110935
110936
110937
110938
110939
110940
110941
110942
110943
110944
110945
110946
110947
111549
111550
111551
111558
111559
111560
111561
111562
111563
111564
111565
111566
111567
111568
111569
111570
111571
111572
111573
111574
111575
111576
111577
112130
112131
112132
112138
112139
112140
112141
112142
112143
112144
112145
112146
112147
112148
112149
112150
112151
112152
112153
112154
112155
112156
112157
112735
112736
112737
112742
112743
112744
112745
112746
112747
112748
112749
112750
112751
112752
112753
112754
112755
112756
112757
112758
113335
113338
113339
113340
113341
113342
113343
113344
113345
113346
113347
113348
113349
113350
113351
113352
113353
113354
113355
113356
113357
113358
113903
113904
113905
113906
113907
113908
113909
113910
113911
113912
113913
113914
113915
113916
113917
113918
113919
113920
113921
113922
113923
114454
114455
114456
114457
114458
114459
114460
114461
114462
114463
114464
114465
114466
114467
114468
114469
114470
114471
115002
115003
115004
115005
115006
115007
115008
115009
115010
115011
115012
115013
115014
115015
115016
115017
115018
115019
115020
115021
115022
115023
115024
115025
115026
115027
115028
115548
115549
115550
115551
115552
115553
115554
115555
115556
115557
115558
115559
115560
115561
115562
115563
115564
115565
115566
115567
115568
115569
115570
115571
115572
115573
115574
115575
115576
115577
116104
116105
116106
116107
116108
116109
116110
116111
116112
116113
116114
116115
116116
116117
116118
116119
116120
116121
116122
116123
116124
116125
116126
116127
116128
116129
116130
116131
116132
116133
116134
116135
116136
116673
116674
116675
116676
116677
116678
116679
116680
116681
116682
116683
116684
116685
116686
116687
116688
116689
116690
116691
116692
116693
116694
116695
116696
116697
116698
117218
117219
117220
117221
117222
117223
117224
117225
117226
117227
117228
117229
117230
117231
117232
117233
117234
117235
117236
117237
117238
117239
117240
117241
117242
117243
117244
117245
117246
117247
117248
117249
117250
117760
117761
117762
117763
117764
117765
117766
117767
117768
117769
117770
117771
117772
117773
117774
117775
117776
117777
117778
117779
117780
117781
117782
117783
117784
117785
117786
117787
117788
117789
117790
117791
117792
117793
117794
117795
117796
118309
118310
118311
118312
118313
118314
118315
118316
118317
118318
118319
118320
118321
118322
118323
118324
118325
118326
118327
118328
118329
118330
118331
118332
118333
118334
118335
118336
118337
118338
118339
118340
118341
118342
118343
118344
118345
118843
118844
118845
118846
118847
118848
118849
118852
118853
118854
118855
118856
118857
118858
118859
118860
118861
118862
118863
118864
118865
118866
118867
118868
118869
118870
118871
118872
118873
118874
118875
118876
118877
118878
118879
119394
119395
119396
119397
119398
119399
119400
119401
119402
119403
119404
119405
119406
119407
119408
119409
119410
119411
119412
119413
119414
119415
119416
119417
119418
119419
119420
119421
119422
119956
119957
119958
119959
119960
119961
119962
119963
119964
119965
119966
119967
119968
119969
119970
119971
119972
119973
119974
119975
119976
119977
119978
119979
119980
119981
119982
119983
119984
120504
120505
120506
120507
120508
120509
120510
120511
120512
120513
120514
120515
120516
120517
120518
120519
120520
120521
120522
120523
120524
120525
120526
120527
120528
120529
120530
120531
120532
120533
120534
120535
120536
120537
121040
121041
121042
121043
121044
121045
121046
121047
121048
121049
121050
121051
121052
121053
121054
121055
121056
121057
121058
121059
121060
121061
121062
121063
121064
121065
121066
121067
121068
121069
121070
121071
121570
121571
121572
121573
121574
121575
121576
121577
121578
121579
121580
121581
121582
121583
121584
121585
121586
121587
121588
121589
121590
121591
121592
121593
121594
121595
121596
121597
121598
121599
122101
122102
122103
122104
122105
122106
122107
122108
122109
122110
122111
122112
122113
122114
122115
122116
122117
122118
122119
122120
122121
122623
122624
122625
122626
122627
122629
122631
122632
122633
122634
122635
122636
122637
122638
122639
122640
122641
122642
122643
123165
123166
123167
123168
123173
123174
123175
123176
123177
123178
123179
123180
123181
123182
123183
123729
123730
123731
123732
123733
123734
123735
123736
123737
123738
123739
123740
123741
123742
123743
123744
123745
123746
123747
123748
123749
123750
124292
124293
124294
124295
124296
124297
124298
124299
124300
124301
124302
124303
124304
124305
124306
124307
124308
124309
124310
124311
124312
124313
124314
124315
124854
124855
124856
124857
124858
124860
124861
124862
124863
124864
124865
124866
124867
124868
124869
124870
124872
124873
124874
124875
124876
125414
125415
125416
125417
125418
125420
125421
125422
125423
125424
125425
125426
125427
125971
125972
125973
125974
125975
125976
125977
125978
125979
125980
125981
125982
126528
126529
126530
126531
126532
127074
127075