125150
125151
125708
125709
125710
125711
126250
126251
126252
126253
126789
126792
126795
126801
126802
126803
126805
126806
127332
127333
127334
127335
127339
127340
127342
127344
127345
127346
127347
127348
127854
127855
127856
127857
127858
127859
127860
127861
127862
127863
127864
127865
127866
127867
127868
127869
127870
127871
127872
127873
128373
128374
128375
128376
128377
128379
128380
128381
128382
128383
128384
128385
128386
128387
128389
128390
128391
128868
128869
128870
128871
128872
128876
128877
128878
128879
128880
128881
128882
128883
129377
129379
129380
129385
129386
129387
129388
129389
129390
129895
129901
129902
129903
129904
129905
130412
130413
130414
130415
130416
130921
130922
130923
130924
130925
130926
130927
131433
131434
131435
131436
131437
131438
131439
131440
131468
131469
131470
131952
131953
131954
131955
131956
131957
131958
131959
131960
131961
131987
131988
131989
131990
131996
132478
132479
132480
132481
132482
132483
132484
132485
132514
132515
132516
132521
132522
133007
133008
133009
133010
133011
133012
133013
133014
133051
133053
133055
133056
133057
133058
133059
133561
133562
133563
133564
133565
133566
133567
133568
133604
133607
133608
133609
133610
133611
133612
133613
133614
133615
133616
133617
134141
134142
134143
134144
134145
134146
134178
134179
134180
134181
134182
134183
134184
134185
134186
134187
134188
134189
134190
134191
134192
134734
134735
134736
134737
134738
134767
134768
134769
134770
134771
134772
134773
134774
134775
134776
134777
134778
134779
135345
135346
135347
135348
135349
135350
135351
135378
135379
135380
135381
135382
135383
135384
135385
135386
135387
135388
135389
135390
135391
135944
135945
135946
135947
135948
135953
135954
135972
135973
135974
135975
135976
135977
135978
135979
135980
135981
135982
135983
135984
135985
135986
136551
136552
136553
136554
136555
136556
136557
136558
136560
136561
136562
136563
136564
136577
136578
136580
136581
136582
136583
136584
136585
136587
136588
136589
136590
136591
136592
137142
137143
137144
137145
137146
137147
137148
137149
137150
137151
137152
137153
137154
137159
137160
137161
137162
137163
137168
137169
137170
137171
137172
137173
137174
137175
137176
137177
137178
137179
137180
137181
137182
137183
137184
137185
137723
137724
137725
137726
137727
137728
137729
137730
137731
137732
137733
137734
137735
137736
137737
137739
137740
137741
137742
137743
137745
137746
137747
137748
137749
137750
137751
137752
137753
138307
138308
138309
138310
138311
138312
138313
138314
138315
138316
138317
138318
138319
138320
138321
138322
138323
138324
138325
138326
138327
138328
138329
138330
138331
138332
138333
138334
138335
138336
138337
138338
138339
138340
138341
138342
138891
138892
138893
138894
138895
138896
138897
138898
138899
138900
138901
138902
138903
138904
138905
138906
138907
138908
138909
138910
138911
138912
138913
138914
138915
138916
138919
138920
138921
138922
138923
138925
138926
138927
138928
138929
139500
139501
139502
139503
139504
139505
139506
139507
139508
139509
139510
139511
139512
139513
139514
139515
139516
139517
139518
139519
139520
139521
139522
139523
139524
139527
139528
139529
139530
139531
139532
139533
139534
139535
139536
139537
139538
139539
140107
140108
140109
140110
140111
140112
140113
140114
140115
140116
140117
140118
140119
140120
140121
140122
140123
140124
140125
140126
140127
140128
140129
140130
140131
140132
140133
140134
140135
140136
140137
140138
140139
140140
140141
140142
140143
140144
140145
140146
140147
140148
140149
140150
140715
140716
140717
140718
140719
140720
140721
140722
140723
140724
140725
140726
140727
140728
140729
140730
140731
140732
140733
140734
140735
140736
140737
140738
140739
140740
140741
140742
140743
140744
140745
140746
140747
140748
140749
140750
140751
140752
140753
140754
141311
141312
141313
141314
141315
141316
141317
141318
141319
141320
141321
141322
141323
141324
141325
141326
141327
141328
141329
141330
141331
141332
141333
141334
141335
141336
141337
141338
141339
141340
141341
141342
141343
141344
141345
141894
141895
141896
141897
141898
141899
141900
141901
141902
141903
141904
141905
141906
141907
141908
141909
141910
141911
141912
141913
141914
141915
141916
141917
141918
141919
141920
141921
141922
141923
141924
141925
141926
141927
141928
141929
142468
142469
142470
142471
142472
142473
142474
142475
142476
142477
142478
142479
142480
142481
142482
142483
142484
142485
142486
142487
142488
142489
142490
142491
142492
142493
142494
142495
142496
142497
142498
142499
142500
142501
142502
142503
142504
142505
143030
143031
143032
143033
143034
143035
143036
143037
143038
143039
143040
143041
143042
143043
143044
143045
143046
143047
143048
143049
143050
143051
143052
143053
143054
143055
143056
143057
143058
143059
143060
143061
143062
143063
143591
143592
143593
143594
143595
143596
143597
143598
143599
143600
143601
143602
143603
143604
143605
143606
143607
143608
143609
143610
143611
143612
143613
143614
143615
143616
143617
143618
143619
144135
144136
144137
144138
144139
144140
144141
144142
144143
144144
144145
144146
144147
144148
144149
144151
144152
144153
144154
144155
144156
144685
144686
144687
144688
144689
144690
144691
144692
144693
144694
144699
144700
144701
144702
144703
144704
145248
145249
145250
145251
145252
145253
145254
145255
145256
145257
145258
145264
145265
145266
145267
145268
145269
145270
145811
145812
145813
145814
145815
145816
145817
145818
145819
145820
145823
145824
145825
145826
145827
145828
145829
145830
145831
145832
145833
145834
145835
146370
146371
146372
146373
146374
146375
146376
146377
146378
146381
146382
146383
146384
146390
146391
146392
146929
146930
146931
146932
146933
146934
146935
146936
146937
146938
146939
146940
146941
146942
146943
146944
146945
146946
146954
147475
147476
147477
147478
147479
147480
147481
147482
147483
147484
147485
147486
147487
147488
147489
147490
147492
147493
147494
148020
148021
148022
148023
148024
148025
148026
148027
148028
148029
148030
148031
148032
148033
148034
148035
148036
148037
148571
148572
148573
148574
148575
148576
148577
148578
148579
148580
148581
148582
148583
148584
148585
148586
149093
149094
149095
149096
149097
149098
149099
149100
149101
149102
149103
149104
149105
149106
149634
149635
149636
149637
149638
149639
149640
149641
149642
149643
149644
149645
149646
150166
150167
150168
150169
150170
150171
150172
150173
150174
150175
150176
150177
150178
150179
150180
150702
150703
150704
150705
150706
150707
150708
150709
150710
151248
151249
151250
151251
151252
151800
151801
151802
151803
152356
152357
152358
152359
152360
152361
152898
152899
152900
152901
152902
152903
153433
153434
153435
153436
153437
153438
153439
153948
153949
154464
154465
154962
154963
154964
154965
155442
155443
155444
155445
155446
155892
155893
155894
155895
155896
156355
156356
156357
156358
156359
156360
156850
156851
156853
156854
156855
156856
156857
156858
157360
157361