388183
388184
388741
388742
389282
389283
389285
389827
389831
389832
389833
390374
390375
390378
390379
390380
390929
390930
390931
390934
390935
390936
390937
391478
391479
391480
391481
391482
391483
391484
391485
392035
392036
392037
392038
392039
392040
392041
392042
392594
392595
392596
392597
392598
393119
393120
393121
393122
393123
393129
393643
393644
393645
393646
393649
393653
393654
393655
394181
394182
394183
394184
394185
394186
394187
394188
394192
394193
394194
394195
394702
394703
394704
394705
394706
394707
394708
394713
394714
394715
394716
395232
395233
395234
395235
395236
395237
395238
395239
395240
395241
395242
395243
395244
395245
395246
395247
395248
395775
395776
395777
395778
395779
395782
395783
395784
395785
395786
395788
395789
395790
395791
395792
395793
396337
396338
396339
396340
396341
396342
396343
396344
396345
396346
396347
396348
396349
396350
396351
396352
396353
396863
396864
396865
396866
396867
396868
396869
396870
396871
396872
396873
396874
396875
396876
396877
396878
396879
397382
397383
397384
397385
397386
397387
397388
397389
397390
397391
397392
397395
397396
397397
397398
397908
397909
397910
397911
397912
397913
397914
397915
397921
397922
397923
397924
398448
398449
398451
398452
398461
398462
398463
399017
399018
399019
399020
399022
399029
399030
399031
399556
399557
399558
399560
399561
399562
399563
399566
399567
399568
399569
399570
399571
400075
400079
400080
400081
400082
400083
400084
400085
400086
400087
400088
400089
400090
400571
400572
400573
400574
400575
400576
400577
400578
400579
400580
400581
401060
401061
401062
401063
401064
401065
401066
401067
401068
401069
401070
401071
401072
401073
401074
401569
401570
401571
401572
401573
401574
401575
401576
401577
401578
401579
401580
401581
401582
401583
401584
402065
402066
402067
402068
402069
402070
402071
402072
402073
402074
402075
402076
402077
402078
402577
402578
402579
402580
402581
402582
402583
402584
402585
402586
402587
402588
402589
403066
403067
403068
403069
403070
403071
403072
403073
403074
403075
403076
403077
403078
403554
403555
403556
403557
403558
404035
404036
404037
404038
404039
404040
404041
404042
404502
404503
404504
404505
404506
404507
404508
404509
404960
404961
404962
404963
404964
404965
404966
405416
405418
405419
405420
405421
405422
405423
405424
405874
405875
405876
405877
405878
405879
405880
406335
406336
406337
406338
406339
406776
406777
406778
406779
407226
407227
407228
407229
407653
407654
407655
407656
407657
407658
407659
407660
408092
408093
408094
408095
408096
408097
408098
408529
408530
408531
408532
408533
408534
408535
408536
408537
408538
408539
408962
408963
408964
408965
408966
408967
408968
408969
408970
408971
409420
409425
409426
409427
409428
409429
409885
409886
409891
409892
409893
409894
409895
409896
410345
410346
410347
410348
410350
410351
410352
410353
410791
410792
410793
410794
410795
410797
410798
410799
410800
410801
411243
411244
411245
411246
411247
411248
411249
411250
411251
411252
411253
411254
411255
411710
411711
411712
411713
411714
411715
411716
411717
411718
411719
411720
411721
411722
411723
411724
411725
412190
412191
412192
412193
412194
412195
412196
412197
412198
412199
412200
412201
412202
412203
412667
412668
412669
412670
412671
412672
412673
412674
412675
412676
412677
412678
412679
412680
412681
412683
412684
412685
413149
413150
413151
413152
413153
413154
413155
413156
413157
413158
413159
413160
413161
413162
413163
413164
413166
413167
413168
413169
413656
413657
413658
413659
413660
413661
413662
413663
413664
413665
413666
413667
413668
413669
413670
413671
413672
413673
413674
414137
414138
414139
414140
414141
414142
414143
414144
414145
414146
414147
414148
414149
414150
414151
414152
414153
414154
414155
414156
414157
414158
414159
414160
414161
414618
414619
414620
414621
414622
414623
414624
414625
414626
414627
414628
414629
414630
414631
414632
414633
414634
414635
414636
414637
414638
414639
414640
414641
414642
414643
414644
414645
415151
415152
415153
415154
415155
415156
415157
415158
415159
415160
415161
415162
415163
415164
415165
415166
415167
415168
415169
415170
415171
415172
415173
415174
415175
415176
415177
415178
415179
415684
415685
415686
415687
415688
415689
415690
415691
415692
415693
415694
415695
415696
415697
415698
415699
415700
415701
415702
415703
415704
415705
415706
415707
415708
415709
415710
415714
416218
416219
416220
416221
416222
416223
416224
416225
416230
416231
416232
416233
416234
416235
416236
416237
416238
416239
416240
416241
416242
416244
416245
416246
416247
416732
416733
416734
416735
416736
416737
416741
416742
416743
416744
416745
416746
416747
416748
416749
416750
416751
416752
416753
416754
416755
416756
416757
416758
416759
416760
416761
416762
417205
417206
417207
417208
417209
417210
417211
417216
417217
417218
417219
417220
417221
417222
417223
417224
417225
417227
417228
417229
417230
417231
417232
417233
417234
417235
417684
417685
417686
417687
417688
417689
417690
417695
417696
417697
417698
417699
417700
417701
417702
417703
417704
417705
417706
417707
417708
417709
417710
417711
418157
418158
418159
418160
418161
418163
418169
418170
418171
418172
418173
418174
418175
418176
418177
418178
418179
418180
418644
418645
418646
418647
418648
418657
418658
418659
418660
418661
418662
418663
418664
418665
418666
418667
418668
419147
419148
419149
419150
419151
419152
419161
419162
419163
419164
419165
419166
419167
419168
419169
419170
419171
419172
419173
419174
419175
419176
419177
419633
419634
419635
419636
419637
419638
419649
419650
419651
419652
419653
419654
419655
419656
419657
419658
419659
419660
419661
419662
419663
419664
420135
420136
420137
420138
420139
420140
420141
420153
420154
420155
420156
420157
420158
420159
420160
420161
420162
420163
420164
420165
420619
420620
420621
420622
420623
420624
420625
420636
420637
420638
420639
420640
420641
420642
420643
420644
420645
420646
420647
420648
420649
420650
421113
421125
421126
421127
421128
421129
421130
421131
421132
421133
421134
421135
421136
421137
421138
421139
421140
421141
421142
421143
421587
421588
421589
421590
421591
421592
421593
421594
421595
421596
421597
421598
421599
421600
421601
421602
421603
421604
421605
422053
422054
422055
422056
422057
422058
422059
422060
422061
422062
422063
422064
422065
422067
422068
422069
422070
422508
422509
422510
422511
422512
422513
422514
422515
422516
422517
422518
422519
422520
422521
422522
422523
422524
422525
422526
422527
422528
422529
422974
422975
422976
422977
422978
422979
422980
422981
422982
422983
422984
422985
422986
422987
422988
422989
422990
422991
422992
422993
422994
422995
422996
423448
423449
423450
423451
423452
423453
423454
423455
423456
423457
423462
423463
423464
423465
423466
423467
423468
423469
423470
423471
423931
423932
423933
423934
423935
423936
423941
423942
423943
423944
423945
423946
423947
424429
424430
424431
424911
424912
424913
425399
425400
425880