200845
201397
201398
201399
201400
201401
201961
201962
201963
201964
201965
201966
202537
202538
202539
202540
202541
202542
202543
203121
203122
203123
203124
203125
203126
203127
203698
203699
203700
203701
203702
203703
203704
203705
203706
204252
204253
204254
204255
204256
204257
204258
204259
204260
204261
204267
204808
204809
204810
204811
204812
204813
204818
204821
204822
205349
205350
205351
205352
205353
205354
205355
205356
205357
205361
205362
205363
205366
205367
205901
205902
205903
205904
205905
205906
205907
205908
205909
205910
205911
205915
205916
205917
205918
205919
205920
205921
205922
205923
206453
206458
206459
206460
206461
206462
206463
206464
206465
206466
206467
206468
206469
206470
206471
206472
206473
206474
206475
206489
207001
207002
207003
207005
207006
207007
207008
207009
207010
207011
207012
207013
207014
207015
207016
207017
207018
207019
207020
207021
207033
207034
207035
207536
207537
207538
207539
207540
207541
207542
207543
207544
207545
207546
207547
207548
207549
207550
207551
207552
207565
207566
207567
207568
207569
207570
207573
208058
208061
208062
208063
208064
208065
208066
208067
208068
208069
208070
208071
208085
208086
208087
208088
208089
208090
208091
208093
208094
208560
208561
208562
208565
208566
208567
208568
208569
208570
208571
208572
208573
208574
208590
208591
208592
208593
208594
208595
208596
208597
208598
208600
208601
209056
209057
209058
209060
209061
209062
209063
209064
209065
209066
209067
209084
209085
209086
209087
209088
209089
209090
209091
209092
209093
209094
209095
209096
209097
209098
209532
209533
209536
209537
209538
209539
209540
209541
209542
209543
209544
209545
209547
209559
209561
209562
209563
209564
209565
209566
209567
209568
209569
209570
209571
209572
209573
209574
209575
210033
210034
210035
210036
210037
210038
210039
210040
210041
210042
210043
210044
210045
210046
210055
210056
210057
210058
210059
210060
210061
210062
210063
210064
210065
210066
210067
210068
210069
210070
210071
210072
210073
210074
210075
210076
210519
210520
210521
210522
210523
210524
210525
210526
210527
210529
210530
210544
210547
210548
210549
210550
210551
210552
210553
210554
210555
210556
210557
210558
210559
210560
210561
210562
211031
211032
211033
211034
211035
211036
211037
211038
211039
211041
211042
211043
211044
211054
211055
211056
211057
211058
211059
211060
211061
211062
211063
211064
211065
211066
211067
211068
211069
211070
211071
211072
211542
211543
211544
211545
211546
211547
211548
211549
211550
211551
211552
211555
211556
211557
211558
211559
211560
211567
211568
211569
211570
211571
211572
211573
211574
211575
211576
211577
211578
211579
211580
211581
211582
211583
211584
211585
211586
211587
211588
211589
211590
211591
212065
212066
212067
212068
212069
212070
212071
212072
212073
212074
212078
212079
212080
212081
212082
212083
212084
212085
212086
212087
212088
212089
212090
212091
212092
212093
212094
212095
212096
212097
212098
212099
212100
212101
212102
212103
212104
212105
212576
212577
212578
212579
212580
212581
212582
212583
212584
212585
212586
212587
212588
212591
212592
212593
212594
212595
212596
212597
212598
212599
212600
212601
212602
212603
212604
212605
212606
212607
212608
212609
212610
212611
212612
212613
212614
212615
212616
212617
212618
213101
213102
213103
213104
213105
213106
213107
213108
213109
213110
213115
213116
213117
213118
213119
213120
213121
213122
213123
213124
213125
213126
213127
213128
213129
213130
213131
213132
213133
213134
213135
213136
213137
213138
213139
213140
213141
213142
213143
213144
213638
213639
213640
213641
213642
213643
213644
213645
213647
213650
213651
213655
213656
213657
213658
213659
213660
213661
213662
213663
213664
213665
213666
213667
213668
213669
213670
213671
213672
213673
213674
213675
213676
213677
213678
213679
213680
213681
213682
213683
214196
214197
214198
214199
214200
214202
214203
214205
214206
214208
214209
214210
214213
214214
214215
214216
214217
214218
214219
214220
214221
214222
214223
214224
214225
214226
214227
214228
214229
214230
214236
214775
214776
214777
214778
214779
214780
214781
214782
214784
214785
214786
214787
214788
214791
214792
214793
214794
214795
214796
214797
214798
214799
214800
214801
214802
214803
214808
215357
215358
215359
215360
215361
215362
215363
215364
215365
215366
215367
215372
215373
215374
215375
215376
215377
215378
215379
215380
215381
215382
215387
215922
215923
215924
215925
215926
215927
215928
215929
215930
215931
215932
215937
215938
215939
215940
215941
215942
215943
215944
215945
215946
215947
215948
215949
216492
216493
216494
216495
216496
216497
216498
216500
216501
216502
216503
216504
216505
216506
216507
216508
216509
216510
216511
216512
216513
216514
216515
216516
217060
217061
217062
217063
217064
217065
217066
217069
217070
217071
217072
217073
217074
217075
217076
217077
217078
217079
217080
217081
217082
217083
217084
217085
217086
217087
217088
217089
217090
217627
217628
217629
217630
217634
217635
217636
217637
217638
217639
217640
217641
217642
217643
217644
217645
217646
217647
217648
217649
217650
217651
217652
217653
217654
217655
218184
218185
218189
218190
218191
218192
218193
218194
218195
218196
218197
218198
218199
218200
218201
218202
218203
218204
218205
218206
218207
218208
218742
218743
218744
218745
218746
218747
218748
218749
218750
218751
218752
218753
218754
218755
218756
218757
218758
218759
218760
218761
219271
219272
219273
219274
219275
219276
219277
219278
219279
219280
219281
219282
219283
219284
219285
219286
219287
219288
219289
219290
219291
219292
219293
219294
219295
219805
219806
219807
219808
219810
219811
219812
219813
219814
219815
219816
219817
219818
219819
219820
219821
219822
219823
219824
219825
219826
219827
219828
219829
220357
220358
220362
220363
220364
220365
220366
220367
220368
220369
220370
220371
220372
220373
220374
220375
220376
220377
220378
220379
220380
220946
220947
220948
220949
220950
220951
220952
220953
220954
220955
220956
220957
220958
220959
220960
220961
220962
220963
221508
221511
221512
221513
221514
221515
221516
221517
221518
221519
221520
221521
221522
221523
221524
221525
221526
221527
221528
221529
222046
222047
222048
222049
222050
222051
222052
222053
222054
222055
222056
222057
222058
222059
222060
222061
222062
222063
222064
222570
222571
222572
222573
222575
222576
222577
222578
222579
222580
222581
222582
222583
222587
222588
222589
222590
223086
223087
223088
223090
223091
223092
223093
223094
223095
223096
223097
223098
223099
223598
223599
223600
223601
223602
223603
223604
223605
223606
223607
223608
223609
223610
224133
224134
224135
224136
224137
224138
224139
224140
224141
224649
224651
224652
224653
224654
224655
224656
224657
225164
225165
225166
225167
225168
225169
225170
225171
225685
225686
225687
225688
225689
225690
225691
225692
225693
225694
225695
226204
226205
226206
226207
226208
226209
226210
226721
226722
226723
227219
227220
227221
227725
227726