370335
370336
370337
370338
370836
370837
370838
370839
370840
371335
371336
371337
371338
371339
371340
371840
371841
371842
371843
371844
371845
372349
372350
372352
372860
372861
372862
372863
372864
373385
373386
373387
373388
373389
373390
373925
373928
373929
374489
374490
375074
375075
375659
375660
376257
376258
376264
376868
376869
376870
376873
376874
376875
376876
376877
377464
377465
377466
377467
377468
377469
377470
377471
377472
377475
378030
378031
378032
378033
378034
378035
378037
378039
378040
378578
378579
378580
378581
378582
378583
378585
379116
379120
379121
379122
379123
379124
379669
379670
379671
379672
379676
379677
379678
379679
379680
380238
380239
380240
380241
380242
380243
380244
380246
380247
380248
380249
380250
380251
380813
380814
380815
380816
380817
380818
380819
380820
380821
380822
380823
380824
380825
380826
380827
380828
380829
380830
381399
381400
381401
381402
381403
381404
381405
381406
381407
381408
381409
381410
381411
381412
381413
381414
381415
381416
381417
381418
381419
381420
381962
381963
381964
381965
381966
381967
381968
381969
381970
381971
381972
381973
381974
381975
381976
381977
381978
381979
381980
381981
381982
381983
382507
382508
382509
382510
382514
382515
382516
382517
382518
382519
382523
382524
382525
382526
382527
382528
383067
383068
383069
383070
383075
383076
383077
383078
383080
383081
383082
383084
383085
383086
383087
383088
383089
383090
383635
383636
383637
383648
383649
383650
383651
383652
383653
383654
383655
383656
384216
384217
384218
384227
384228
384229
384230
384231
384232
384233
384234
384235
384236
384784
384785
384786
384787
384788
384789
384790
384792
384793
384794
384795
384796
384797
384798
384799
384800
384801
385344
385345
385346
385347
385348
385349
385350
385352
385353
385354
385355
385356
385357
385904
385905
385906
385907
385908
385909
385910
385911
385912
385913
385914
385915
385916
385917
385918
385919
385920
385921
385922
386444
386445
386446
386447
386448
386449
386450
386451
386452
386453
386454
386455
386456
386457
386458
386459
386460
386461
386462
386463
386464
386465
386466
386990
386991
386992
386993
386994
386995
386996
386997
386998
386999
387000
387001
387002
387003
387004
387005
387006
387007
387008
387009
387010
387011
387012
387013
387014
387015
387016
387017
387018
387019
387020
387021
387543
387544
387545
387546
387547
387550
387551
387552
387553
387554
387555
387556
387557
387558
387559
387560
387561
387562
387563
387564
387565
387566
387567
387568
387569
387570
387571
387572
388102
388103
388104
388105
388112
388113
388114
388115
388116
388117
388118
388119
388120
388121
388122
388123
388124
388125
388126
388127
388128
388129
388130
388131
388133
388134
388664
388665
388666
388667
388668
388669
388670
388677
388678
388679
388680
388681
388682
388683
388684
388685
388686
388687
388688
388689
388690
388691
388692
388693
388694
388695
388696
389208
389209
389211
389212
389213
389214
389215
389216
389217
389218
389219
389220
389221
389222
389223
389224
389225
389226
389227
389228
389229
389230
389231
389232
389233
389234
389235
389236
389753
389754
389755
389758
389759
389760
389761
389762
389763
389764
389765
389766
389767
389768
389770
389771
389772
389773
389774
389775
389776
389777
389778
389779
389780
389781
389785
389786
389787
390302
390303
390304
390305
390306
390307
390308
390309
390310
390311
390312
390313
390314
390315
390316
390317
390318
390320
390321
390322
390323
390324
390325
390326
390327
390329
390330
390331
390332
390333
390334
390335
390853
390854
390855
390856
390857
390858
390859
390860
390861
390863
390865
390866
390867
390868
390869
390871
390872
390873
390874
390875
390876
390877
390881
390882
390883
390884
390885
390886
391410
391411
391412
391413
391414
391415
391416
391417
391418
391419
391420
391421
391422
391424
391425
391426
391427
391428
391429
391430
391431
391432
391436
391437
391438
391439
391966
391967
391968
391969
391970
391971
391972
391973
391974
391975
391976
391977
391978
391979
391980
391981
391982
391983
391984
391985
391986
391987
391988
391989
391990
391992
391993
391994
391995
391996
392516
392517
392518
392519
392520
392521
392522
392523
392524
392525
392526
392527
392528
392529
392530
392531
392532
392533
392534
392535
392536
392540
392542
392543
392544
392545
392546
392547
392548
393037
393038
393039
393040
393041
393042
393043
393044
393045
393046
393047
393048
393049
393050
393051
393052
393053
393054
393055
393056
393057
393058
393059
393060
393061
393062
393063
393068
393069
393070
393071
393562
393563
393564
393565
393566
393567
393568
393569
393570
393571
393572
393573
393574
393575
393576
393577
393578
393579
393580
393581
393582
393583
393584
393585
393586
393588
393589
393590
393594
393595
393596
393597
394094
394095
394096
394097
394098
394099
394100
394101
394102
394103
394104
394105
394106
394107
394108
394109
394110
394111
394112
394115
394116
394119
394120
394121
394122
394123
394124
394616
394617
394618
394619
394620
394621
394622
394623
394624
394625
394626
394627
394628
394629
394630
394631
394632
394634
394635
394636
394637
394648
394649
394650
395149
395150
395151
395152
395153
395154
395155
395156
395157
395158
395159
395160
395161
395162
395163
395164
395178
395698
395699
395700
395701
395702
395703
395704
395705
395706
395707
395708
395709
395710
395724
395725
396261
396262
396263
396264
396265
396266
396267
396268
396269
396270
396271
396272
396273
396274
396275
396796
396797
396798
396799
396800
396801
396802
396804
396805
396806
396807
397320
397321
397322
397323
397324
397325
397326
397329
397330
397331
397332
397333
397848
397849
397850
397851
397852
397853
397854
397856
397857
397858
397859
398384
398385
398386
398387
398388
398389
398390
398391
398392
398393
398394
398395
398396
398397
398398
398399
398400
398401
398952
398953
398954
398955
398956
398957
398958
398959
398960
398961
398962
398963
398964
398965
398966
398967
398968
398969
398970
399499
399501
399502
399503
399504
399505
399506
399507
399508
399509
399510
399511
399512
399513
400025
400026
400027
400028
400029
400030
400031
400032
400033
400034
400036
400037
400520
400521
400522
400523
400524
400525
400526
400527
400528
400529
400530
400531
401009
401010
401011
401012
401013
401014
401015
401016
401017
401018
401019
401020
401510
401511
401512
401513
401514
401515
401516
401517
401518
401519
401520
401996
401997
401998
401999
402000
402001
402002
402003
402004
402005
402006
402007
402502
402503
402504
402505
402506
402507
402508
402509
402510
402511
402512
402513
402514
402515
402516
402999
403000
403001
403002
403003
403004
403005
403006
403007
403008
403009
403010
403479
403480
403481
403482
403483
403484
403485
403486
403487
403488
403489
403490
403960
403961
403962
403963
403964
403965
403966
403967
403968
403969
403970
403971
404430
404431
404432
404433
404434
404435
404436
404437
404890
404891
404892
404893
404894
404895
405345
405346
405347
405348
405349
405350
405801
405802
405803
406262
406263
406264
406712