55439
55923
55924
55925
55942
55944
55945
55946
56410
56411
56412
56413
56430
56431
56432
56433
56906
56907
56908
56909
56910
56925
56926
56927
56932
56933
56934
57450
57451
57452
57454
57455
57468
57469
57470
57471
57472
57473
57478
57479
57480
58003
58004
58005
58008
58019
58020
58021
58022
58023
58024
58025
58031
58032
58033
58041
58042
58043
58571
58572
58573
58574
58575
58576
58577
58578
58589
58590
58591
58592
58593
58594
58595
58601
58602
58603
58608
58609
58610
58611
58612
58613
59132
59133
59134
59135
59136
59137
59138
59139
59152
59153
59154
59155
59156
59157
59158
59164
59165
59166
59169
59170
59171
59172
59173
59174
59175
59716
59717
59718
59719
59720
59721
59722
59736
59737
59738
59739
59740
59741
59742
59743
59744
59745
59746
59748
59749
59750
59751
59755
59756
59757
59758
59759
59760
59761
60324
60325
60326
60327
60328
60329
60330
60331
60345
60346
60347
60348
60349
60350
60351
60352
60353
60354
60355
60356
60357
60358
60359
60360
60361
60362
60365
60366
60367
60368
60369
60370
60371
60372
60373
60932
60933
60934
60935
60936
60937
60938
60939
60951
60952
60953
60954
60955
60956
60957
60958
60959
60960
60961
60962
60963
60964
60965
60966
60967
60968
60969
60970
60971
60972
60973
60974
60975
61515
61516
61517
61518
61519
61520
61521
61522
61523
61524
61525
61535
61536
61537
61538
61539
61540
61541
61542
61543
61544
61545
61546
61547
61548
61549
61550
61551
61552
61553
61554
61555
61556
61557
61558
61559
61560
61561
61562
61563
62121
62122
62123
62124
62125
62126
62127
62128
62129
62138
62139
62140
62141
62142
62143
62144
62145
62146
62147
62148
62149
62150
62151
62152
62153
62154
62155
62156
62157
62158
62159
62160
62161
62707
62708
62709
62710
62711
62712
62713
62714
62715
62724
62725
62726
62727
62728
62729
62730
62731
62732
62733
62734
62735
62736
62737
62738
62739
62740
62741
62742
62743
62744
62745
62746
62747
62748
62749
63273
63274
63275
63276
63277
63278
63279
63280
63281
63289
63290
63291
63292
63293
63294
63295
63296
63297
63298
63299
63300
63301
63302
63303
63304
63305
63306
63307
63308
63309
63310
63311
63312
63313
63867
63868
63869
63870
63871
63872
63873
63874
63875
63876
63884
63885
63886
63887
63888
63889
63890
63891
63892
63893
63895
63897
63898
63899
63900
63901
63902
63903
63904
63905
64459
64460
64461
64462
64463
64464
64465
64466
64467
64468
64469
64470
64471
64472
64473
64474
64475
64481
64482
64483
64484
64485
64486
64487
64488
64489
64490
64491
64492
64493
64494
64495
64496
64497
64498
64499
64500
64501
64502
65045
65046
65047
65048
65049
65050
65051
65052
65053
65054
65055
65056
65057
65058
65059
65060
65061
65062
65063
65069
65070
65071
65072
65073
65074
65075
65076
65077
65078
65079
65080
65081
65082
65083
65084
65085
65086
65087
65088
65618
65619
65620
65621
65622
65623
65624
65625
65626
65627
65628
65629
65630
65631
65632
65639
65640
65641
65642
65643
65644
65645
65646
65647
65648
65650
65651
65652
65653
65654
65655
65656
65657
65658
66167
66168
66169
66170
66171
66172
66173
66174
66175
66176
66177
66178
66179
66180
66181
66182
66183
66184
66185
66186
66187
66193
66194
66195
66196
66197
66198
66199
66200
66201
66202
66203
66204
66206
66207
66208
66209
66210
66211
66212
66213
66710
66711
66712
66713
66714
66715
66716
66717
66718
66719
66720
66721
66722
66723
66724
66725
66726
66727
66728
66729
66730
66731
66741
66742
66743
66744
66745
66746
66747
66748
66749
66750
66751
66752
66753
66754
66755
67247
67248
67249
67250
67251
67252
67253
67254
67255
67256
67257
67258
67259
67260
67261
67262
67263
67264
67265
67266
67267
67268
67278
67279
67280
67281
67282
67283
67284
67285
67286
67287
67288
67289
67291
67806
67807
67808
67809
67810
67811
67812
67813
67814
67815
67816
67817
67818
67819
67820
67821
67822
67823
67824
67825
67826
67830
67831
67832
67834
67835
67836
67837
67838
67839
67840
67841
67842
67843
67844
67845
67846
68359
68360
68361
68362
68363
68364
68365
68366
68367
68368
68369
68370
68371
68372
68373
68374
68375
68376
68377
68378
68382
68383
68384
68388
68389
68390
68391
68392
68393
68394
68395
68886
68887
68888
68889
68890
68891
68892
68893
68894
68895
68896
68897
68898
68899
68900
68901
68902
68903
68904
68905
68907
68908
68909
68910
68911
68912
68913
68914
68915
69416
69417
69418
69419
69420
69421
69422
69423
69424
69425
69426
69427
69428
69429
69430
69431
69432
69434
69435
69436
69437
69438
69439
69440
69441
69442
69443
69444
69445
69446
69952
69953
69954
69955
69956
69957
69958
69959
69960
69961
69962
69963
69964
69965
69966
69967
69968
69969
69970
69971
69972
69973
69974
69975
69976
69977
69978
69979
69980
70500
70501
70502
70503
70504
70505
70506
70509
70510
70511
70512
70513
70514
70515
70516
70517
70518
70519
70520
70521
70522
70523
70524
70525
70526
70527
70528
70529
70530
70531
71051
71052
71053
71054
71055
71056
71057
71058
71059
71060
71061
71062
71063
71064
71065
71066
71067
71068
71069
71070
71071
71072
71617
71618
71619
71620
71621
71622
71623
71624
71625
71626
71627
71628
71629
71630
71631
71632
71633
71634
71635
71636
71637
71638
72175
72176
72177
72178
72179
72180
72181
72182
72183
72184
72185
72186
72187
72188
72189
72190
72191
72192
72193
72194
72195
72196
72197
72742
72743
72744
72745
72746
72747
72748
72749
72750
72751
72752
72753
72754
72755
72756
72757
72758
72759
72760
72761
72762
72763
72764
72765
72766
72767
72768
72769
73302
73303
73304
73305
73306
73307
73308
73309
73310
73311
73312
73313
73314
73315
73316
73317
73318
73319
73320
73321
73322
73323
73324
73325
73870
73871
73872
73873
73874
73875
73876
73877
73878
73879
73880
73881
73882
73883
73884
73885
73886
73887
73888
73889
73890
73891
73892
73893
73894
73895
74431
74432
74433
74434
74435
74436
74437
74438
74439
74440
74441
74442
74443
74444
74445
74446
74447
74448
74449
74450
74989
74990
74991
74992
74993
74994
74995
74996
74997
74998
74999
75000
75001
75002
75003
75004
75585
75586
75587
75588
75589
75590
75591
75592
76174
76175
76176
76177
76178
76179
76180
76181
76741
76742
76743
76744
76745
76746
76747
76748
76749
76750
77298
77300
77301
77302
77303
77880