349007
349621
349622
350220
350221
350222
350782
350783
350784
350785
350802
350803
350804
350805
350806
350807
351341
351342
351349
351350
351351
351353
351354
351355
351371
351372
351373
351374
351375
351376
351377
351897
351898
351899
351900
351901
351907
351908
351909
351910
351911
351913
351914
351915
351929
351930
351931
351932
351933
351934
352449
352450
352451
352452
352453
352454
352455
352456
352457
352459
352460
352461
352462
352463
352464
352465
352466
352468
352469
352471
352472
352473
352474
352485
352486
352487
352488
352489
352490
352491
352492
352493
353009
353010
353011
353012
353013
353014
353015
353016
353017
353018
353019
353021
353022
353023
353024
353025
353026
353027
353028
353029
353030
353031
353032
353033
353034
353046
353047
353048
353049
353050
353051
353052
353053
353054
353055
353056
353597
353598
353599
353600
353601
353602
353603
353604
353605
353608
353611
353612
353613
353614
353615
353616
353617
353618
353619
353620
353621
353622
353633
353634
353635
353636
353637
353638
353639
353640
353641
353642
353643
353644
354171
354172
354173
354174
354175
354176
354177
354178
354179
354181
354182
354183
354184
354185
354186
354187
354188
354189
354190
354191
354192
354193
354194
354195
354196
354197
354206
354207
354208
354209
354210
354211
354212
354213
354214
354215
354216
354217
354218
354768
354769
354770
354771
354772
354773
354774
354775
354776
354777
354778
354779
354780
354781
354782
354783
354784
354785
354786
354787
354788
354789
354790
354791
354792
354796
354799
354800
354801
354802
354803
354804
354805
354806
354807
354808
355375
355376
355377
355378
355379
355380
355381
355382
355383
355384
355385
355386
355387
355388
355389
355390
355391
355392
355393
355394
355395
355396
355397
355398
355401
355402
355404
355405
355406
355407
355408
355409
355410
355411
355412
355413
355414
355415
355416
355960
355961
355962
355963
355964
355965
355966
355967
355968
355969
355970
355971
355972
355973
355974
355975
355976
355977
355978
355979
355980
355981
355982
355983
355984
355985
355986
355987
355989
355990
355991
355992
355993
355994
355995
355996
355997
355998
355999
356000
356001
356002
356003
356004
356005
356006
356007
356546
356547
356548
356549
356550
356551
356552
356553
356554
356555
356556
356557
356558
356559
356560
356561
356562
356563
356564
356565
356566
356567
356568
356569
356570
356571
356572
356573
356574
356575
356576
356577
356578
356579
356580
356581
356582
356583
356584
356585
356586
356587
356588
356589
356590
356591
356592
356593
356594
356595
357104
357105
357106
357107
357108
357109
357110
357111
357112
357113
357114
357115
357116
357117
357118
357119
357120
357121
357122
357123
357124
357125
357126
357127
357129
357130
357131
357132
357133
357134
357135
357136
357137
357138
357139
357140
357141
357142
357143
357144
357145
357146
357147
357148
357149
357150
357151
357654
357655
357656
357657
357658
357659
357660
357661
357662
357663
357664
357665
357666
357667
357668
357669
357670
357671
357672
357673
357674
357675
357676
357677
357678
357679
357680
357682
357683
357684
357685
357686
357687
357688
357689
357690
357691
357692
357693
357694
357695
357696
357697
357698
357699
357700
357701
357702
357703
357704
357705
358202
358203
358204
358205
358206
358207
358208
358209
358210
358211
358212
358213
358214
358215
358216
358217
358218
358219
358220
358221
358222
358223
358224
358225
358226
358227
358228
358229
358230
358231
358232
358233
358234
358235
358236
358237
358238
358239
358240
358241
358242
358243
358244
358245
358246
358249
358744
358745
358746
358747
358748
358749
358750
358751
358752
358753
358754
358755
358756
358757
358758
358759
358760
358761
358762
358763
358764
358765
358766
358767
358768
358769
358770
358771
358772
358773
358774
358775
358776
358777
358778
358779
358780
358781
358782
358783
358784
358785
358786
358787
358788
358790
358791
359280
359281
359282
359283
359284
359285
359286
359287
359288
359289
359290
359291
359292
359293
359294
359295
359296
359297
359298
359299
359300
359301
359302
359303
359304
359305
359306
359307
359308
359310
359311
359312
359313
359314
359316
359317
359318
359810
359811
359812
359813
359814
359815
359816
359817
359818
359819
359820
359821
359822
359823
359824
359825
359826
359827
359828
359829
359830
359831
359832
359833
359834
359835
359836
359837
359838
359839
359840
359843
359844
359845
359846
359847
359848
359849
359850
359851
359852
360316
360317
360318
360319
360320
360321
360322
360323
360324
360325
360326
360327
360328
360330
360331
360332
360333
360334
360335
360336
360337
360338
360339
360340
360341
360342
360347
360348
360349
360350
360351
360352
360353
360354
360355
360817
360818
360819
360820
360821
360822
360823
360824
360825
360826
360827
360828
360829
360830
360831
360832
360833
360834
360835
360836
360837
360838
360839
360840
360841
360844
360845
360846
360847
360848
360849
360850
360851
361309
361310
361311
361312
361314
361315
361319
361320
361321
361322
361323
361324
361325
361326
361327
361328
361329
361330
361331
361332
361333
361334
361335
361339
361340
361341
361342
361343
361344
361348
361349
361350
361351
361840
361848
361849
361850
361851
361852
361853
361854
361855
361856
361857
361858
361859
361860
361862
361863
361864
361865
361873
362376
362377
362378
362379
362380
362381
362382
362383
362384
362385
362386
362387
362388
362389
362390
362391
362392
362393
362394
362395
362396
362397
362398
362402
362403
362404
362902
362903
362904
362905
362906
362907
362908
362909
362910
362911
362912
362913
362914
362915
362916
362917
362918
362919
362920
362921
362922
363412
363413
363414
363415
363416
363417
363418
363419
363420
363421
363422
363423
363424
363425
363426
363427
363428
363429
363940
363941
363942
363943
363944
363945
363946
363947
363948
363949
363950
363951
363952
363953
363954
363955
363959
364460
364461
364462
364463
364464
364465
364466
364467
364468
364469
364470
364471
364472
364473
364474
364475
364476
364477
364478
364479
364480
364966
364967
364968
364969
364970
364971
364972
364973
364974
364975
364976
364977
364978
364979
364980
364981
364982
364983
364984
364985
364986
364987
364988
365465
365466
365467
365468
365469
365470
365471
365472
365473
365474
365475
365476
365477
365478
365479
365480
365481
365482
365483
365948
365949
365950
365951
365952
365953
365954
365955
365956
365957
365958
365959
366415
366416
366417
366418
366419
366420
366421
366422
366896
366897
366898
366899
366900
366901
366902
366903
366904
366905
366906
367393
367394
367395
367396
367397
367398
367399
367400
367401
367402
367898
367899
367900
367901
367902
367903
367904
367908
367909
367910
367911
368419
368420
368421
368422
368423
368424
368425
368426
368427
368432
368433
368921
368922
368923
368924
368925
368926
368928
368929
369411
369412
369417
369418
369419
369891
369892
369893
369894
370388
370389
370390
370391
370899
370900
370901
370902
370903
370904
371407
371408
371409
371410
371411
371914
371915
371916
372420
372421
372422
372423
372939