318150
318151
318666
318667
318668
319154
319155
319156
319157
319647
319648
319649
319650
319651
320146
320147
320148
320149
320150
320151
320628
320629
320630
320631
320632
320633
320634
320635
320636
320637
321105
321106
321107
321108
321109
321110
321111
321115
321573
321574
321575
321576
321577
321578
321579
321580
321581
321582
321585
321586
321588
322025
322026
322027
322028
322029
322030
322031
322032
322033
322034
322037
322038
322039
322040
322041
322493
322495
322496
322497
322498
322499
322500
322501
322502
322503
322504
322505
322506
322507
322508
322509
322989
322990
322991
322992
322993
322994
322995
322996
322997
322998
322999
323000
323001
323002
323455
323456
323457
323458
323459
323460
323461
323462
323463
323464
323465
323466
323467
323468
323469
323470
323471
323473
323474
323475
323935
323936
323937
323938
323939
323940
323941
323942
323943
323944
323945
323946
323947
323948
323949
323950
323951
323952
323953
323954
323955
323956
323957
323958
324442
324443
324444
324445
324446
324447
324449
324450
324451
324452
324453
324454
324455
324456
324457
324458
324459
324460
324461
324462
324463
324464
324465
324957
324958
324959
324960
324961
324962
324963
324964
324965
324966
324967
324968
324969
324970
324971
324972
324973
324974
324975
324976
324977
324978
324980
325481
325482
325483
325484
325485
325486
325487
325488
325489
325490
325491
325492
325493
325494
325495
325496
325497
325498
325499
325500
325501
325502
325503
325504
325505
325506
326003
326004
326005
326006
326007
326008
326009
326010
326011
326012
326013
326014
326015
326016
326017
326018
326019
326020
326021
326022
326023
326024
326025
326026
326027
326028
326029
326519
326520
326521
326522
326523
326524
326525
326526
326527
326528
326529
326530
326531
326532
326533
326534
326535
326536
326537
326538
326539
326540
326541
326542
326543
326544
326545
327035
327036
327037
327038
327039
327040
327041
327042
327043
327044
327045
327046
327047
327048
327049
327050
327051
327052
327053
327054
327055
327056
327057
327058
327059
327549
327550
327551
327552
327553
327554
327555
327556
327557
327558
327559
327560
327561
327562
327563
327564
327566
327567
327568
327569
327570
327571
327572
327573
327574
328079
328080
328081
328082
328083
328084
328085
328086
328087
328088
328089
328090
328091
328092
328093
328094
328095
328096
328097
328098
328099
328100
328101
328105
328580
328581
328582
328583
328584
328585
328586
328587
328588
328589
328590
328591
328592
328593
328594
328595
328596
328597
328598
328599
328600
328601
329050
329051
329052
329053
329054
329055
329056
329057
329058
329059
329060
329061
329062
329063
329064
329065
329066
329067
329068
329069
329070
329071
329072
329073
329074
329514
329516
329517
329518
329519
329520
329521
329522
329523
329524
329525
329526
329527
329528
329529
329530
329531
329532
329533
329534
329536
329967
329968
329969
329970
329971
329972
329973
329974
329975
329976
329977
329978
329979
329980
329981
329982
329983
329984
329985
330436
330437
330438
330439
330440
330441
330442
330443
330444
330445
330446
330447
330907
330908
330909
330910
330911
330912
330913
330914
330915
331381
331382
331383
331384
331385
331386
331387
331388
331850
331853
331854
331855
331856
331857
331858
332327
332328
332329
332330
332332
332333
332334
332335
332336
332337
332812
332813
332814
332815
332816
332817
332818
332819
332820
332821
332822
332823
333312
333315
333316
333317
333318
333319
333320
333321
333322
333771
333786
333787
333788
333789
333790
333791
333792
333793
333794
333795
333796
333797
333798
333799
334222
334223
334224
334240
334241
334242
334243
334244
334245
334246
334247
334248
334249
334250
334251
334252
334685
334686
334687
334688
334707
334708
334709
334710
334711
334712
334713
334714
334715
335142
335144
335164
335165
335166
335167
335168
335169
335170
335171
335172
335173
335174
335599
335600
335601
335616
335617
335618
335619
335621
335623
335624
335625
336062
336063
336068
336069
336070
336077
336078
336079
336083
336084
336532
336533
336534
336539
336540
336541
336542
336543
336544
336551
336552
336553
336554
336555
336556
336557
336558
336559
336560
337020
337021
337022
337023
337025
337026
337027
337028
337029
337030
337031
337032
337033
337036
337037
337038
337039
337040
337041
337042
337043
337044
337045
337046
337047
337049
337538
337539
337542
337543
337544
337545
337547
337549
337550
337551
337552
337553
337554
337555
337556
337557
337558
337559
337560
337561
338066
338067
338068
338069
338070
338071
338072
338073
338074
338077
338078
338079
338080
338081
338082
338083
338084
338085
338086
338087
338088
338089
338090
338091
338092
338093
338094
338095
338608
338609
338610
338611
338612
338613
338614
338615
338616
338617
338618
338620
338621
338622
338623
338624
338625
338626
338627
338629
338630
338631
338632
338633
338634
338635
338636
338637
338638
338639
338641
339139
339140
339141
339142
339143
339144
339145
339146
339147
339148
339149
339150
339151
339152
339153
339155
339157
339158
339159
339162
339163
339164
339165
339166
339167
339168
339169
339170
339171
339172
339173
339174
339175
339176
339659
339664
339665
339666
339667
339668
339669
339670
339671
339672
339673
339674
339675
339676
339677
339678
339680
339682
339683
339684
339687
339688
339689
339690
339691
339692
339693
339694
339695
339696
339697
339698
339699
339700
339701
339702
340184
340190
340191
340192
340193
340194
340195
340196
340197
340198
340199
340200
340201
340202
340203
340204
340206
340207
340208
340209
340210
340211
340213
340214
340215
340216
340217
340218
340219
340220
340221
340222
340223
340224
340225
340226
340227
340228
340229
340231
340232
340724
340725
340726
340729
340730
340731
340732
340733
340734
340735
340736
340737
340738
340739
340740
340741
340742
340743
340744
340745
340746
340750
340752
340753
340754
340755
340756
340757
340758
340759
340760
340761
340762
340763
340764
340765
340766
340767
340768
340769
341276
341277
341278
341279
341281
341282
341283
341284
341285
341286
341287
341288
341289
341290
341291
341297
341298
341299
341300
341301
341302
341303
341304
341305
341306
341307
341308
341309
341310
341311
341312
341313
341314
341315
341787
341788
341790
341791
341794
341795
341796
341797
341798
341799
341800
341807
341808
341809
341810
341811
341812
341813
341814
341815
341816
341817
341818
341819
341820
342316
342317
342318
342319
342320
342323
342324
342325
342326
342327
342328
342339
342340
342341
342342
342343
342344
342347
342348
342349
342350
342852
342853
342854
342855
342856
342857
342861
342862
342863
342864
342865
342866
342867
342879
342880
342881
342882
342883
342884
343412
343413
343414
343415
343416
343417
343418
343419
343423
343424
343425
343426
343427
343428
343441
343442
343974
343975
343976
343977
343978
343979
343980
343981
343982
343983
344002
344003
344531
344532
344533
344534
344535
344536
344537
344538
344539
344559
345064
345066
345067
345071
345072
345073
345635
345636
345637
345638
345639
346178
346179
346719
346720
346721