63003
63004
63570
63571
63572
63573
64162
64163
64164
64165
64166
64745
64746
64747
64748
64749
65332
65333
65898
65899
65901
66449
66450
66451
66980
66981
66982
66983
66984
67528
67529
67530
67531
67532
67533
68094
68095
68096
68097
68098
68632
68633
68634
68635
68636
68637
68638
68641
69155
69156
69157
69158
69159
69160
69161
69163
69164
69165
69166
69167
69168
69709
69710
69711
69712
69713
69714
70248
70249
70250
70251
70252
70255
70256
70794
70795
70796
70797
70798
70799
70800
70801
71351
71352
71353
71354
71355
71356
71911
71912
71913
71914
71915
71916
71917
71918
71919
71920
71921
71922
72474
72475
72476
72477
72478
72479
72480
72481
72482
72483
72484
72485
72486
72487
73029
73030
73031
73032
73033
73034
73035
73036
73037
73038
73039
73040
73041
73042
73043
73046
73597
73598
73599
73600
73601
73602
73603
73604
73605
73606
73607
73608
73609
73610
73611
73613
73614
73616
74168
74169
74170
74171
74172
74173
74174
74175
74176
74177
74178
74179
74182
74718
74719
74720
74721
74722
74723
74724
74725
74726
74727
74729
74730
74732
74733
75295
75299
75300
75301
75302
75303
75304
75305
75306
75307
75896
75903
75904
75905
75906
75907
75908
75909
75910
75911
75912
76480
76481
76482
76483
76484
76485
76486
76487
76488
76489
76490
76491
77053
77054
77055
77056
77057
77058
77059
77060
77061
77062
77611
77612
77613
77614
77615
77616
77617
77618
77619
77620
78181
78182
78183
78184
78185
78186
78187
78767
78768
78769
78770
78771
78772
78773
79354
79356
79357
79358
79359
79360
79361
79362
79363
79937
79938
79939
79940
79941
79942
79943
79944
79945
80522
80523
80524
80525
80526
80527
80528
80529
80530
80531
80532
80533
80534
80536
81110
81111
81112
81113
81114
81115
81116
81117
81118
81119
81120
81121
81122
81123
81124
81125
81654
81655
81656
81657
81658
81659
81660
81661
81662
81663
81664
81665
81666
81667
81668
82245
82246
82247
82248
82249
82250
82251
82252
82253
82254
82255
82256
82257
82258
82846
82847
82848
82849
82850
82851
82852
82853
82854
82855
82856
83426
83427
83428
83429
83430
83431
83432
83433
83434
83435
83436
83437
83438
83442
83992
83993
83994
83995
83996
83997
83998
83999
84552
84553
84554
84555
84556
84557
84558
84559
84560
85125
85126
85127
85128
85129
85130
85131
85132
85133
85134
85135
85136
85137
85708
85709
85710
85711
85712
85713
85714
85715
85716
85717
86262
86263
86264
86265
86266
86267
86268
86270
86271
86272
86820
86821
86822
86823
86824
86825
86826
86827
86828
86829
86830
87366
87367
87368
87369
87370
87371
87372
87373
87374
87375
87376
87377
87380
87381
87883
87884
87885
87886
87887
87888
87889
87890
87891
87892
87893
87894
87895
87896
87897
87898
87901
87902
88398
88399
88400
88401
88402
88403
88404
88405
88406
88407
88408
88409
88410
88411
88412
88413
88414
88415
88416
88417
88418
88419
88925
88926
88927
88928
88929
88930
88931
88932
88933
88934
88935
88936
88937
88938
88939
88940
88941
88942
88943
88944
88945
88946
88947
88948
88949
88950
88951
89433
89434
89435
89436
89437
89438
89439
89440
89441
89442
89443
89444
89445
89446
89447
89448
89450
89451
89452
89971
89972
89973
89974
89975
89976
89977
89978
89979
89980
89981
89982
89983
89984
89985
89986
89987
89988
89989
89990
89991
90496
90497
90498
90499
90500
90501
90502
90503
90504
90505
90506
90507
90508
90509
90510
90511
90512
90513
90514
90515
90516
90517
90518
91047
91048
91049
91050
91051
91052
91053
91054
91055
91056
91057
91058
91059
91060
91061
91062
91063
91064
91065
91066
91067
91068
91069
91616
91617
91618
91619
91620
91621
91622
91623
91624
91625
91626
91627
91628
91629
91630
91631
91632
91633
91634
91635
91636
91637
92184
92185
92186
92187
92188
92189
92190
92191
92192
92193
92194
92195
92196
92197
92198
92199
92200
92201
92202
92203
92204
92205
92206
92207
92208
92209
92770
92771
92772
92773
92774
92775
92776
92777
92778
92779
92780
92781
92783
92784
92785
92786
92788
92789
92790
92791
92792
92793
93355
93356
93357
93358
93359
93360
93361
93362
93363
93364
93365
93366
93367
93368
93369
93370
93373
93374
93375
93376
93379
93380
93381
93382
93383
93384
93984
93985
93986
93987
93988
93989
93990
93991
93992
93993
93994
93995
93996
93997
93998
93999
94000
94001
94002
94003
94004
94005
94006
94007
94008
94009
94010
94011
94012
94013
94014
94015
94016
94017
94587
94588
94589
94590
94591
94592
94593
94594
94595
94596
94597
94598
94599
94600
94601
94602
94603
94604
94605
94606
94607
94608
94609
94610
94611
94612
94613
94614
94615
94616
94617
94618
94619
94620
94621
95213
95214
95215
95216
95217
95218
95219
95220
95221
95222
95223
95224
95225
95226
95227
95228
95229
95230
95231
95232
95233
95234
95235
95236
95237
95238
95239
95240
95241
95242
95243
95244
95245
95246
95247
95880
95881
95882
95887
95888
95889
95890
95891
95892
95893
95894
95895
95896
95897
95898
95899
95900
95901
95902
95903
95904
95905
95906
95907
95908
95910
95911
95912
96528
96529
96530
96531
96532
96533
96534
96535
96536
96537
96538
96539
96540
96541
96542
96543
96544
96545
96546
96547
96548
96549
97185
97186
97187
97188
97189
97190
97191
97192
97193
97194
97195
97196
97197
97198
97199
97200
97201
97202
97203
97204
97205
97206
97207
97208
97209
97807
97808
97809
97810
97811
97812
97813
97814
97815
97816
97817
97818
97819
97820
97821
97822
97823
97824
97825
97826
97827
98420
98421
98422
98423
98424
98425
98426
98427
98428
98429
98430
98431
98432
98433
98434
98435
98436
98437
98438
99046
99047
99048
99049
99050
99051
99052
99053
99054
99055
99056
99057
99058
99059
99060
99061
99690
99691
99692
99693
99694
99695
99696
99697
99698
99699
99700
99701
99702
99703
100342
100343
100344
100345
100346
100347
100348
100349
100350
100351
100352
100353
100354
100355
101010
101011
101012
101013
101014
101015
101016
101017
101018
101019
101020
101021
101022
101023
101690
101691
101692
101693
101694
101695
101696
101697
101698
101699
102329
102330
102331
102332
102333
102334
102941
102942
102943
102944
102945
102946
102947
102948
102949
103554
103555
103556
103557
103558
103559
103560
103561
103562
104186
104187
104188
104189
104190
104191
104192
104193
104822
104823
104824
104825
104826
104827
104828
105430
105431
105432
105433
105434
105435