208063
208064
208565
208566
209060
209061
209066
209538
209539
209540
209541
209544
209545
209546
210034
210035
210036
210037
210040
210041
210043
210507
210508
210509
210510
210511
210512
210519
210520
210521
210522
210523
210524
210525
210526
210527
210528
210530
211016
211017
211018
211019
211020
211021
211022
211023
211030
211031
211032
211033
211034
211036
211037
211038
211039
211040
211041
211042
211043
211044
211531
211532
211533
211534
211535
211536
211537
211538
211542
211543
211544
211545
211546
211548
211549
211550
211551
211552
211553
211555
211556
211557
211558
211559
211560
212052
212053
212054
212055
212056
212057
212058
212059
212060
212061
212062
212063
212064
212065
212066
212067
212068
212069
212070
212071
212073
212074
212075
212076
212078
212079
212080
212081
212082
212083
212567
212568
212569
212570
212571
212572
212573
212574
212575
212576
212577
212578
212579
212580
212581
212582
212583
212584
212585
212587
212588
212589
212590
212591
212592
212593
213089
213090
213091
213092
213093
213094
213095
213096
213097
213098
213099
213100
213101
213102
213103
213104
213105
213106
213107
213108
213109
213110
213111
213112
213113
213114
213115
213116
213117
213118
213119
213120
213121
213626
213627
213628
213629
213630
213631
213632
213633
213634
213635
213636
213637
213638
213639
213640
213641
213642
213643
213644
213645
213646
213647
213648
213649
213650
213651
213652
213653
213654
213655
213656
213657
213658
213659
213660
213661
213667
214184
214185
214186
214187
214188
214189
214190
214191
214192
214193
214194
214195
214196
214197
214198
214199
214200
214201
214202
214203
214204
214205
214206
214207
214208
214209
214210
214211
214212
214213
214214
214215
214216
214217
214218
214219
214224
214763
214764
214765
214766
214767
214768
214769
214770
214771
214772
214773
214774
214775
214776
214777
214778
214779
214780
214781
214782
214783
214784
214785
214786
214787
214788
214789
214790
214791
214792
214793
214794
214795
214796
214797
214798
214799
214801
214803
215346
215347
215348
215349
215350
215351
215352
215353
215354
215355
215356
215357
215358
215359
215360
215361
215362
215363
215364
215365
215366
215367
215368
215369
215370
215371
215372
215373
215374
215375
215376
215377
215378
215379
215380
215381
215382
215907
215908
215911
215912
215913
215914
215915
215916
215917
215918
215919
215920
215921
215922
215923
215924
215925
215926
215927
215928
215929
215930
215931
215932
215933
215934
215935
215936
215937
215938
215939
215940
215941
215942
215943
215944
215945
215946
215948
215949
216476
216479
216480
216481
216482
216483
216484
216485
216486
216487
216488
216489
216490
216491
216492
216493
216494
216495
216496
216497
216498
216499
216500
216501
216502
216503
216504
216505
216506
216507
216508
216509
216510
216511
216512
216513
216514
216515
217047
217048
217049
217050
217051
217052
217053
217054
217055
217056
217057
217058
217059
217060
217061
217062
217063
217064
217065
217066
217067
217068
217069
217070
217071
217072
217073
217074
217075
217076
217077
217078
217079
217080
217081
217082
217083
217084
217085
217086
217618
217619
217620
217621
217622
217623
217624
217625
217626
217627
217628
217629
217630
217631
217632
217633
217634
217635
217636
217637
217638
217639
217640
217641
217642
217643
217644
217645
217646
217647
217648
217649
217650
217651
218167
218168
218169
218170
218171
218172
218173
218174
218175
218176
218177
218178
218179
218180
218181
218182
218183
218184
218185
218186
218187
218188
218189
218190
218191
218192
218193
218194
218195
218196
218197
218198
218199
218200
218201
218202
218721
218722
218723
218724
218725
218726
218727
218728
218729
218730
218731
218732
218733
218734
218735
218736
218737
218738
218739
218740
218741
218742
218743
218744
218745
218746
218747
218748
218749
218750
218751
218752
218753
218754
218755
218756
218757
219249
219250
219251
219252
219253
219254
219255
219256
219257
219258
219259
219260
219261
219262
219263
219264
219265
219266
219267
219268
219269
219270
219271
219272
219273
219274
219275
219276
219277
219278
219279
219280
219281
219282
219283
219284
219285
219286
219782
219783
219784
219785
219786
219787
219788
219789
219790
219791
219792
219793
219794
219795
219796
219797
219798
219799
219800
219801
219802
219803
219804
219805
219806
219807
219808
219809
219810
219811
219812
219813
219814
219815
219816
219817
219818
219823
220332
220333
220334
220335
220336
220337
220338
220339
220340
220341
220342
220343
220344
220345
220346
220347
220348
220349
220350
220351
220352
220353
220354
220355
220356
220357
220358
220359
220360
220361
220362
220363
220364
220365
220366
220367
220368
220372
220373
220374
220375
220376
220920
220921
220922
220923
220924
220925
220926
220927
220928
220929
220930
220931
220932
220933
220934
220935
220936
220937
220938
220939
220940
220941
220942
220943
220944
220945
220946
220947
220948
220949
220950
220951
220952
220953
220954
220955
220956
220957
220958
220959
220960
221485
221486
221487
221488
221489
221490
221491
221492
221493
221494
221495
221496
221497
221498
221499
221500
221501
221502
221503
221504
221505
221506
221507
221508
221509
221510
221511
221512
221513
221514
221515
221516
221517
221518
221519
221520
221521
221522
221523
221524
221525
221526
221527
222027
222028
222029
222030
222031
222032
222033
222034
222035
222036
222037
222038
222039
222040
222041
222042
222043
222044
222045
222046
222047
222048
222049
222050
222051
222052
222053
222054
222055
222056
222057
222058
222059
222060
222061
222062
222063
222064
222553
222554
222555
222556
222557
222558
222559
222560
222561
222562
222563
222564
222565
222566
222567
222568
222569
222570
222571
222572
222573
222574
222575
222576
222577
222578
222579
222580
222581
222582
222583
222584
222585
222586
222587
222588
222589
222590
223074
223075
223076
223077
223078
223079
223080
223081
223082
223083
223084
223085
223086
223087
223088
223089
223090
223091
223092
223093
223094
223095
223096
223097
223098
223099
223100
223101
223102
223587
223588
223589
223590
223591
223592
223593
223594
223595
223596
223597
223598
223599
223600
223601
223602
223603
223604
223605
223606
223607
223608
223609
223610
223611
223612
224121
224122
224123
224124
224125
224126
224127
224129
224130
224131
224132
224133
224134
224135
224136
224137
224138
224139
224140
224141
224647
224648
224649
224650
224651
224652
224653
224654
224655
224656
224657
225160
225161
225162
225163
225164
225165
225166
225167
225168
225169
225170
225171
225681
225682
225683
225684
225685
225686
225687
225688
225689
225690
225691
225692
225693
225694
225695
226197
226198
226199
226200
226201
226202
226203
226204
226205
226206
226207
226208
226209
226210
226715
226716
226717
226718
226719
226720
226721
226722
226723
227215
227216
227217
227218
227219
227220
227221
227719
227720
227721
227722
227723
227724
227725
227726
228245
228246
228247
228778
228779
228780
228781
228782
229302
229303
229304
229305
229306
229835
229836
229837
230380
230381
230382
230911
230912
230913