226347
226348
226863
226864
226865
226866
227351
227352
227353
227354
227355
227356
227357
227358
227359
227360
227861
227862
227863
227864
227865
227866
227867
227868
227869
228378
228379
228380
228381
228382
228383
228384
228385
228386
228387
228388
228898
228899
228900
228901
228902
228903
228904
228905
228906
228907
228908
229407
229408
229409
229412
229413
229414
229415
229416
229419
229420
229421
229422
229423
229424
229939
229940
229941
229942
229943
229944
229945
229946
229947
229948
229952
229953
229954
229955
229956
229957
230476
230477
230478
230479
230480
230481
230482
230483
230484
230485
230486
230493
231016
231017
231018
231019
231020
231021
231022
231023
231024
231025
231026
231027
231566
231567
231568
231569
231570
231571
231572
231573
231574
231575
231576
231577
231578
231579
231580
232131
232132
232133
232134
232135
232136
232139
232140
232141
232142
232143
232693
232694
232695
232699
232701
232702
232703
232704
232705
233288
233289
233293
233294
233295
233296
233297
233298
233299
233876
233877
233878
233879
233880
233881
233882
233883
233884
234432
234433
234434
234437
234438
234439
234440
234441
234442
234443
234993
234994
234995
234996
234997
234998
234999
235000
235001
235002
235003
235548
235553
235554
235555
235556
235557
235558
235559
235560
236133
236134
236135
236136
236137
236138
236741
236742
236743
237362
237363
237364
237973
237974
237975
237976
237977
238582
238583
238584
238585
238586
238587
238588
238589
239201
239202
239203
239204
239205
239206
239207
239208
239209
239819
239820
239821
239822
239823
239824
239825
239826
240430
240431
240432
240433
240434
240435
240436
240437
240438
240439
241010
241011
241012
241013
241014
241015
241016
241017
241018
241019
241020
241573
241574
241585
241586
241587
241588
241589
241590
241591
241592
241593
242156
242157
242158
242171
242172
242173
242174
242175
242176
242177
242178
242179
242750
242751
242761
242762
242763
242764
242765
242766
242767
243351
243357
243364
243365
243366
243367
243368
243369
243370
243371
243372
243956
243957
243961
243962
243963
243964
243965
243966
243967
243969
243970
243971
243972
243973
244539
244540
244541
244542
244543
244544
244545
244546
244547
244548
244550
244552
244553
244554
244555
244556
244557
244558
245147
245148
245149
245150
245151
245152
245153
245154
245155
245156
245157
245158
245159
245160
245161
245162
245163
245164
245165
245750
245751
245752
245753
245754
245755
245756
245757
245758
245759
245760
245761
245762
245763
245764
245765
245766
245767
245768
245769
245770
246329
246330
246331
246332
246333
246334
246335
246336
246337
246338
246339
246340
246341
246342
246343
246344
246345
246346
246347
246348
246924
246925
246926
246927
246928
246929
246930
246931
246932
246933
246934
246935
246936
246937
246938
246939
246940
246941
246942
247511
247512
247513
247514
247515
247516
247517
247518
247519
247520
247521
247522
247523
247524
247525
247526
247527
247528
247529
247530
247531
247532
248071
248072
248073
248074
248075
248076
248077
248078
248079
248080
248081
248082
248083
248084
248085
248086
248087
248088
248089
248090
248091
248092
248093
248641
248642
248643
248644
248645
248646
248647
248648
248649
248650
248651
248652
248653
248654
248655
248656
248657
248658
248659
248660
248661
248662
248663
249201
249202
249203
249206
249207
249212
249213
249214
249215
249216
249217
249218
249219
249220
249221
249222
249223
249224
249753
249757
249758
249764
249765
249766
249767
249768
249769
249770
249771
249772
250305
250306
250313
250314
250315
250316
250317
250318
250319
250320
250321
250322
250323
250324
250325
250845
250846
250852
250853
250854
250855
250856
250857
250858
250859
250860
250861
250862
250863
250864
250865
250866
251395
251396
251403
251404
251405
251406
251407
251408
251409
251410
251411
251412
251413
251964
251972
251973
251974
251975
251976
251977
251978
251979
251980
251981
251982
251983
252570
252571
252572
252573
252574
252575
252576
252577
252578
252579
252580
252581
253150
253151
253152
253153
253154
253155
253156
253157
253728
253729
253730
253731
253732
253733
253734
253735
253736
253737
254302
254307
254308
254309
254310
254311
254312
254313
254928
254929
254930
254931
254932
254933
254934
254935
254936
254937
254938
254939
254940
254941
254942
255549
255550
255551
255552
255553
255554
255555
255556
255557
255558
255559
255560
255561
255562
256151
256152
256153
256154
256155
256156
256157
256160
256161
256162
256163
256164
256165
256166
256769
256770
256771
256772
256773
256774
256775
256776
256777
256778
256779
256780
256781
256782
256783
256784
256785
257387
257388
257389
257390
257391
257392
257393
257394
257395
257396
257397
257398
257399
257400
257401
257402
257403
258008
258010
258011
258012
258013
258014
258015
258016
258017
258018
258019
258020
258021
258022
258023
258636
258637
258638
258639
258640
258641
258642
258643
258644
258645
258646
258647
259271
259272
259273
259274
259275
259276
259277
259278
259279
259280
259281
259282
259283
259284
259285
259921
259922
259923
259924
259925
259926
259927
259928
259929
259930
259931
259932
259933
259934
259935
259936
260564
260565
260566
260567
260568
260569
260570
260571
260572
260573
260574
260575
260576
260577
260578
260579
260580
260581
260582
261188
261189
261190
261191
261192
261193
261194
261195
261196
261197
261198
261199
261200
261201
261202
261203
261204
261205
261206
261207
261208
261209
261800
261801
261802
261803
261804
261805
261806
261807
261808
261809
261810
261811
261812
261813
261814
261815
261816
262408
262409
262410
262411
262412
262413
262414
262415
262416
262417
262418
262419
262420
262421
262422
262423
262424
263012
263013
263014
263015
263016
263017
263018
263019
263020
263021
263022
263023
263024
263025
263026
263027
263028
263029
263030
263613
263614
263615
263616
263617
263618
263619
263620
263621
263622
263623
263624
263625
263626
263627
263628
264209
264210
264211
264212
264213
264214
264215
264216
264217
264218
264219
264220
264221
264222
264223
264844
264845
264846
264847
264848
264849
264850
264851
264852
264853
264854
264858
265470
265471
265472
265473
265474
265475
265476
265477
265478
265479
265480
265484
266097
266098
266099
266100
266101
266102
266103
266104
266105
266106
266107
266109
266692
266693
266694
266695
266696
266697
266698
266699
266700
266701
266702
266703
266704
267301
267302
267303
267304
267305
267306
267307
267308
267309
267310
267311
267312
267313
267314
267926
267927
267928
267929
267930
267931
267932
267933
267934
267935
267936
267937
267938
267939
267940
267941
267942
268554
268555
268556
268557
268558
268559
268560
268561
268562
268563
268564
268565
268566
268567
268568
268569
268570
268571
269185
269186
269187
269188
269189
269190
269191
269192
269193
269194
269195
269196
269197
269198
269199
269200
269201
269202
269203
269824
269825
269826
269827
269828
269829
269830
269831
269832
269833
269834
269835
269836
270472
270473
270474
270475
270476
271119
271120
271121
271122
271778
271779
271780
272422
272423
272424