470236
470237
470475
470476
470477
470478
470479
470480
470481
470482
470729
470730
470731
470732
470733
470734
470735
470736
470737
471004
471005
471006
471007
471008
471009
471010
471011
471282
471283
471284
471285
471286
471287
471288
471289
471559
471560
471561
471562
471563
471564
471819
471820
471821
471822
471823
471824
471825
471826
471827
472087
472088
472089
472090
472091
472092
472093
472094
472095
472096
472097
472098
472099
472100
472101
472378
472379
472380
472381
472382
472383
472384
472385
472386
472387
472388
472389
472390
472391
472392
472393
472394
472395
472396
472681
472682
472683
472684
472685
472686
472687
472688
472689
472690
472691
472692
472693
472694
472695
472696
472697
472698
472699
472700
472701
472702
472703
472704
472980
472981
472982
472983
472984
472985
472986
472987
472988
472989
472990
472991
472992
472993
472994
472995
472996
472997
472998
472999
473000
473001
473002
473282
473283
473284
473285
473286
473287
473288
473289
473290
473291
473292
473293
473294
473295
473296
473297
473298
473299
473300
473301
473302
473303
473304
473305
473306
473307
473308
473585
473586
473587
473588
473589
473590
473591
473592
473593
473594
473595
473596
473597
473598
473599
473600
473601
473602
473603
473604
473605
473606
473607
473608
473609
473610
473611
473612
473613
473614
473914
473915
473916
473917
473918
473919
473920
473921
473922
473923
473924
473925
473926
473927
473928
473929
473930
473931
473932
473933
473934
473935
473936
473937
473938
473939
473940
473941
473942
473943
473944
473945
474239
474240
474241
474242
474243
474244
474245
474246
474247
474248
474249
474250
474251
474252
474253
474254
474255
474256
474257
474258
474259
474260
474261
474262
474263
474264
474265
474266
474267
474268
474269
474270
474557
474558
474559
474560
474561
474562
474563
474564
474565
474566
474567
474568
474569
474570
474571
474572
474573
474574
474575
474576
474577
474578
474579
474580
474581
474582
474583
474584
474585
474586
474587
474588
474880
474881
474882
474883
474884
474885
474886
474887
474888
474889
474890
474891
474892
474893
474894
474895
474896
474897
474898
474899
474900
474901
474902
474903
474904
474905
474906
474907
474908
475207
475208
475209
475210
475211
475212
475213
475214
475215
475216
475217
475218
475219
475220
475221
475222
475223
475224
475225
475226
475227
475228
475229
475230
475231
475232
475233
475234
475235
475236
475552
475553
475554
475555
475556
475557
475558
475559
475560
475561
475562
475563
475564
475565
475566
475567
475568
475569
475570
475571
475572
475573
475574
475575
475576
475577
475578
475882
475883
475884
475885
475886
475887
475888
475889
475890
475891
475892
475893
475894
475895
475896
475897
475898
475899
475900
475901
475902
475903
476219
476220
476221
476222
476223
476224
476225
476226
476227
476228
476229
476230
476231
476232
476233
476234
476235
476236
476237
476238
476239
476240
476241
476242
476564
476565
476566
476567
476568
476569
476570
476571
476572
476573
476574
476575
476576
476577
476578
476579
476580
476581
476582
476583
476584
476585
476586
476587
476928
476929
476930
476931
476932
476933
476934
476935
476936
476937
476938
476939
476940
476941
476942
476943
476944
476945
476946
476947
476948
477286
477287
477288
477289
477290
477291
477292
477293
477294
477295
477296
477297
477298
477299
477300
477301
477302
477303
477304
477305
477306
477659
477660
477661
477662
477663
477664
477665
477666
477667
477668
477669
477670
477671
477672
478036
478037
478038
478039
478040
478041
478042
478043
478044
478045
478046
478047
478048
478049
478050
478051
478404
478405
478406
478407
478408
478409
478410
478411
478412
478413
478414
478415
478416
478417
478753
478754
478755
478756
478757
478758
478759
478760
478761
478762
478763
479098
479099
479100
479101
479102
479103
479104
479105
479106
479107
479108
479109
479110
479111
479112
479421
479422
479423
479424
479425
479426
479427
479428
479429
479430
479431
479432
479433
479434
479435
479436
479744
479745
479746
479747
479748
479749
479750
479751
479752
479753
479754
479755
479756
479757
480063
480064
480065
480066
480067
480068
480069
480070
480071
480072
480073
480074
480075
480076
480077
480381
480382
480383
480384
480385
480386
480387
480388
480389
480390
480391
480392
480393
480394
480691
480692
480693
480694
480695
480696
480697
480698
481003
481004
481005
481006
481007
481008
481009
481010
481011
481303
481304
481305
481306
481307
481308
481309
481310
481311
481632
481633
481634
481635
481636
481637
481638
481639
481640
481641
481642
481643
481644
481645
481646
481979
481980
481981
481982
481983
481984
481985
481986
481987
481988
481989
481990
481991
481992
481993
481994
481995
481996
481997
482315
482316
482317
482318
482319
482320
482321
482322
482323
482324
482325
482326
482327
482328
482329
482330
482331
482332
482333
482334
482335
482336
482337
482338
482339
482340
482341
482638
482639
482640
482641
482642
482643
482644
482645
482646
482647
482648
482649
482650
482651
482652
482653
482654
482655
482656
482657
482658
482659
482660
482661
482662
482663
482976
482977
482978
482979
482980
482981
482982
482983
482984
482985
482986
482987
482988
482989
482990
482991
482992
482993
482994
482995
482996
482997
482998
482999
483330
483331
483332
483333
483334
483335
483336
483337
483338
483339
483340
483341
483342
483343
483344
483346
483347
483348
483349
483350
483351
483352
483353
483354
483355
483356
483357
483358
483359
483682
483683
483684
483685
483686
483687
483688
483689
483690
483691
483692
483693
483694
483695
483697
483698
483699
483700
483701
483702
483703
483704
483705
483706
483707
483708
483709
483710
483711
483712
484023
484024
484025
484026
484027
484028
484029
484030
484032
484033
484034
484035
484036
484037
484038
484039
484040
484041
484042
484043
484044
484045
484046
484047
484048
484049
484050
484358
484359
484360
484361
484362
484363
484364
484366
484367
484368
484369
484370
484371
484372
484373
484374
484375
484376
484377
484378
484379
484380
484381
484382
484688
484689
484690
484694
484695
484696
484697
484698
484699
484700
484701
484702
484703
484704
484705
484706
484707
484708
485014
485015
485016
485017
485018
485019
485020
485021
485022
485023
485024
485025
485026
485342
485343
485344
485345
485346
485347
485348
485349
485350
485351
485352
485353
485676
485677
485678
485679
485680
485681
485682
485683
485684
485685
485686
485687
485688
485689
485690
485691
485692
485693
485985
485986
485987
485988
485989
485990
485991
485992
485993
485994
485995
485996
485997
485998
485999
486000
486001
486002
486003
486296
486297
486298
486299
486300
486301
486302
486303
486304
486305
486306
486307
486308
486309
486310
486311
486312
486313
486314
486617
486618
486619
486620
486621
486622
486623
486624
486625
486626
486627
486628
486629
486630
486631
486632
486633
486634
486973
486974
486975
486976
486977
486978
486979
486982
487342
487343
487344
487345
487346
487347
487348
487349
487726
487727
487728
488101
488102
488498
488499
488909
488910