395137
395138
395685
395686
395687
395688
396243
396244
396245
396246
396247
396248
396249
396773
396774
396775
396776
396777
396778
396779
396780
396781
396782
396783
397295
397296
397297
397298
397299
397300
397301
397302
397303
397304
397305
397823
397824
397825
397826
397827
397828
397829
397830
397831
397832
397833
397834
397835
398361
398362
398363
398364
398365
398366
398367
398368
398369
398370
398371
398372
398928
398929
398930
398931
398932
398933
398934
398935
398936
398937
398938
398942
399477
399478
399479
399480
399481
399482
399483
399484
399485
399486
399490
399491
399492
399493
399494
400003
400004
400005
400006
400007
400008
400009
400010
400011
400012
400013
400014
400015
400016
400017
400018
400019
400020
400021
400497
400498
400499
400500
400501
400502
400503
400504
400505
400506
400507
400508
400509
400510
400511
400512
400513
400514
400515
400516
400984
400985
400986
400987
400988
400989
400990
400991
400992
400993
400994
400995
400996
400997
400998
400999
401000
401001
401002
401003
401004
401485
401486
401487
401488
401489
401490
401491
401492
401493
401494
401495
401496
401497
401498
401499
401500
401501
401502
401503
401504
401505
401506
401507
401508
401976
401977
401978
401979
401980
401981
401982
401983
401984
401985
401986
401987
401988
401989
401990
401991
401992
401993
401994
401995
402479
402480
402481
402482
402483
402484
402485
402486
402487
402488
402489
402490
402491
402492
402493
402494
402495
402496
402497
402498
402499
402500
402501
402974
402975
402976
402977
402978
402979
402980
402981
402982
402983
402984
402985
402986
402987
402988
402989
402990
402991
402992
402993
402994
402995
402996
402997
402998
403456
403457
403458
403459
403460
403461
403462
403463
403464
403465
403466
403467
403468
403469
403470
403471
403472
403473
403474
403475
403476
403477
403478
403935
403936
403937
403938
403939
403940
403941
403942
403943
403944
403945
403946
403947
403948
403949
403950
403951
403952
403953
403954
403955
403956
403957
403958
403959
404400
404401
404402
404403
404404
404405
404406
404407
404408
404409
404410
404411
404412
404413
404414
404415
404416
404417
404418
404419
404420
404421
404422
404423
404424
404425
404426
404427
404428
404429
404861
404862
404863
404864
404865
404866
404867
404868
404869
404870
404871
404872
404873
404874
404875
404876
404877
404878
404879
404880
404881
404882
404883
404884
404885
404886
404887
404888
404889
405316
405318
405319
405320
405321
405322
405323
405324
405325
405326
405327
405328
405329
405330
405331
405332
405333
405334
405335
405336
405337
405338
405339
405340
405341
405342
405343
405344
405772
405774
405775
405776
405777
405778
405779
405780
405781
405782
405783
405784
405785
405786
405787
405788
405789
405790
405791
405792
405793
405794
405795
405796
405797
405798
405799
405800
406235
406236
406237
406238
406239
406240
406241
406242
406243
406244
406245
406246
406247
406248
406249
406250
406251
406252
406253
406254
406255
406256
406257
406258
406259
406260
406261
406687
406688
406689
406690
406691
406692
406693
406694
406695
406696
406697
406698
406699
406700
406701
406702
406703
406704
406705
406706
406707
406708
406709
406710
406711
407131
407132
407133
407134
407135
407136
407137
407138
407139
407140
407141
407142
407143
407144
407145
407146
407147
407148
407149
407150
407151
407152
407153
407154
407155
407156
407157
407158
407567
407568
407569
407570
407571
407572
407573
407574
407575
407576
407577
407578
407579
407580
407581
407582
407583
407584
407585
407586
407587
407588
407589
407590
408005
408006
408007
408008
408009
408010
408011
408012
408013
408014
408015
408016
408017
408018
408019
408020
408021
408022
408023
408024
408025
408026
408027
408451
408452
408453
408454
408455
408456
408457
408458
408459
408460
408461
408462
408463
408464
408465
408466
408467
408468
408469
408470
408471
408472
408473
408474
408883
408884
408885
408886
408887
408888
408889
408890
408891
408892
408893
408894
408895
408896
408897
408898
408899
408900
408901
408902
408903
409341
409342
409343
409344
409345
409346
409347
409348
409349
409350
409351
409352
409353
409354
409355
409356
409357
409358
409359
409809
409810
409811
409812
409813
409814
409815
409816
409817
409818
409819
409820
409821
409822
409823
409824
409825
409826
410268
410269
410270
410271
410272
410273
410274
410275
410276
410277
410278
410279
410280
410281
410282
410283
410284
410285
410286
410287
410718
410719
410720
410721
410722
410723
410724
410725
410726
410727
410728
410729
410730
410731
410732
410733
411169
411170
411171
411172
411173
411174
411175
411176
411177
411178
411179
411180
411181
411182
411183
411184
411185
411632
411633
411634
411635
411636
411637
411638
411639
411640
411641
411642
411643
411644
411645
411646
411647
411648
412100
412101
412103
412104
412105
412106
412107
412108
412109
412110
412111
412112
412113
412114
412115
412116
412117
412118
412582
412583
412584
412585
412586
412587
412588
412589
412590
412591
412592
412593
412594
412595
412596
412597
412598
412599
412600
412601
412602
412603
412604
413074
413075
413076
413077
413078
413079
413080
413081
413082
413083
413084
413085
413086
413087
413088
413089
413090
413091
413573
413574
413575
413576
413577
413578
413579
413580
413581
413582
413583
413584
413585
413586
413587
413588
413589
414056
414057
414058
414059
414060
414061
414063
414064
414065
414066
414067
414068
414069
414070
414536
414537
414538
414539
414540
414542
414543
414544
414545
414546
414547
414548
414549
414550
414551
414552
415066
415067
415068
415069
415070
415071
415072
415073
415074
415075
415076
415077
415078
415079
415601
415602
415603
415604
415605
415606
415607
415608
415609
415610
415611
415612
416133
416134
416135
416136
416137
416138
416139
416140
416141
416142
416143
416144
416145
416146
416653
416654
416655
416656
416657
416658
416659
416660
416661
416662
416663
416664
416665
416666
417132
417133
417134
417135
417136
417137
417138
417139
417140
417141
417142
417143
417144
417145
417146
417147
417148
417155
417598
417599
417600
417601
417602
417603
417604
417605
417606
417607
417608
417609
417610
417611
417612
417613
417614
417615
417616
417617
417618
417621
417622
418084
418085
418087
418088
418089
418090
418091
418092
418093
418094
418095
418096
418097
418098
418099
418100
418101
418102
418103
418104
418105
418106
418572
418573
418575
418576
418578
418579
418580
418581
418582
418583
418584
418585
418586
418587
418588
418589
418590
418591
418592
418593
418594
418595
418596
419074
419075
419076
419077
419079
419080
419081
419082
419083
419084
419085
419086
419087
419088
419089
419090
419091
419092
419093
419094
419095
419096
419097
419569
419571
419572
419573
419574
419575
419576
419577
419578
419579
419580
419581
419582
419583
419584
419585
420066
420067
420068
420069
420070
420071
420072
420073
420074
420075
420076
420077
420078
420079
420080
420081
420082
420557
420558
420559
420560
420561
420562
420563
420564
420565
420566
420567
420568
421062
421529
421530
421531
421996