74664
75232
75233
75234
75235
75236
75237
75238
75239
75240
75241
75831
75832
75833
75834
75835
75836
75837
75838
75839
75840
75841
76409
76411
76414
76415
76416
76417
76418
76419
76959
76960
76984
76985
76986
76989
76990
76991
76992
76993
76994
76995
77515
77516
77517
77518
77540
77541
77545
77546
77547
77548
77549
77550
78093
78094
78095
78098
78100
78116
78117
78118
78120
78121
78122
78123
78124
78125
78672
78673
78674
78675
78676
78677
78678
78679
78680
78695
78696
78697
78698
78699
78700
78701
78702
78703
79266
79267
79268
79269
79270
79271
79272
79273
79274
79288
79289
79290
79291
79292
79293
79294
79295
79296
79297
79298
79853
79854
79855
79856
79857
79858
79859
79860
79861
79862
79863
79864
79871
79872
79875
79876
79877
79878
79879
79880
79881
79883
79884
79885
79886
79887
79888
80447
80448
80449
80450
80451
80452
80453
80454
80456
80457
80462
80463
80464
80465
80466
80467
80468
80469
80470
80472
80473
80474
80475
80476
80481
81032
81033
81034
81035
81036
81037
81038
81039
81040
81046
81047
81048
81049
81050
81051
81052
81053
81054
81055
81057
81058
81059
81060
81061
81062
81063
81066
81068
81070
81588
81589
81590
81591
81592
81593
81594
81595
81596
81597
81598
81599
81600
81601
81602
81603
81604
81605
81608
81609
81612
81613
81614
81615
81616
81617
81618
81633
81634
82175
82176
82177
82178
82179
82180
82181
82182
82183
82184
82185
82186
82187
82188
82189
82190
82191
82192
82193
82197
82198
82199
82200
82201
82202
82203
82204
82211
82221
82222
82771
82772
82773
82774
82775
82776
82777
82778
82779
82780
82781
82782
82783
82784
82785
82786
82787
82788
82789
82790
82791
82797
82798
82799
82800
82801
82802
82803
82804
82811
82814
82816
82817
82818
82819
83359
83360
83361
83362
83363
83364
83365
83366
83367
83368
83369
83370
83371
83372
83373
83374
83375
83376
83377
83378
83383
83384
83385
83386
83387
83388
83389
83390
83391
83392
83396
83399
83400
83401
83402
83403
83404
83405
83406
83407
83408
83928
83929
83930
83933
83934
83935
83936
83937
83938
83939
83940
83941
83942
83943
83944
83945
83946
83947
83948
83949
83950
83951
83952
83953
83954
83955
83956
83957
83958
83959
83966
83968
83969
83970
83971
83972
83973
83974
83975
83976
83977
83981
84494
84496
84499
84500
84501
84502
84503
84504
84505
84506
84507
84508
84509
84510
84511
84512
84513
84514
84515
84516
84517
84518
84519
84520
84521
84522
84523
84524
84532
84533
84534
84535
84536
84537
84538
84539
84540
84541
84542
84544
84545
84546
84547
85065
85069
85070
85071
85072
85073
85074
85075
85076
85077
85078
85079
85080
85081
85082
85083
85084
85085
85086
85087
85088
85089
85090
85091
85092
85093
85094
85095
85105
85106
85108
85109
85110
85111
85112
85113
85114
85115
85116
85117
85118
85119
85120
85646
85649
85650
85651
85652
85653
85654
85655
85656
85657
85658
85659
85660
85661
85662
85663
85664
85665
85666
85667
85668
85669
85670
85681
85682
85683
85684
85685
85686
85687
85688
85689
85690
85695
85696
85697
86203
86204
86205
86206
86207
86209
86210
86211
86212
86213
86214
86215
86216
86217
86218
86219
86220
86221
86222
86223
86224
86225
86226
86227
86228
86239
86240
86241
86242
86243
86244
86245
86246
86247
86248
86249
86255
86256
86763
86764
86768
86769
86770
86771
86772
86773
86774
86775
86776
86777
86778
86779
86780
86781
86782
86783
86784
86785
86793
86797
86798
86799
86800
86801
86802
86803
86812
86813
87308
87319
87321
87322
87329
87330
87331
87337
87338
87339
87340
87342
87343
87344
87345
87346
87347
87348
87349
87350
87358
87359
87831
87832
87833
87834
87844
87845
87851
87856
87857
87858
87859
87860
87861
87862
87863
87864
87865
87866
87867
87868
87869
87875
87876
87877
88347
88348
88350
88360
88361
88366
88367
88368
88369
88370
88371
88372
88373
88374
88376
88377
88378
88379
88380
88382
88383
88390
88867
88868
88869
88871
88872
88885
88886
88894
88895
88896
88898
88899
88900
88901
88902
88904
88905
89372
89373
89374
89375
89376
89377
89391
89392
89393
89398
89399
89400
89402
89403
89404
89405
89408
89409
89410
89411
89905
89906
89907
89908
89909
89910
89911
89912
89913
89914
89924
89932
89933
89934
89938
89939
89940
89941
89944
89945
89946
89947
89948
90438
90439
90441
90442
90443
90454
90460
90461
90462
90468
90469
90470
90474
90475
90989
90990
90991
90992
90993
90994
91002
91008
91009
91010
91016
91019
91020
91021
91024
91025
91026
91027
91028
91029
91030
91031
91555
91557
91558
91559
91572
91579
91580
91581
91584
91585
91588
91589
91593
91594
91595
91596
91597
91598
91599
91600
92124
92125
92126
92144
92145
92147
92148
92149
92150
92151
92152
92153
92154
92155
92160
92161
92162
92163
92164
92165
92166
92702
92703
92719
92720
92721
92722
92723
92724
92727
92728
92729
92734
92735
92736
92737
92738
92739
93303
93304
93305
93306
93307
93308
93309
93310
93311
93312
93313
93314
93316
93317
93318
93319
93320
93321
93322
93323
93933
93934
93935
93936
93937
93938
93939
93940
93941
93942
93943
93944
93945
93946
93947
93948
93949
93950
93951
93952
94537
94538
94539
94540
94543
94544
94545
94546
94547
94548
94549
94550
94551
94552
94553
94554
94555
94556
94557
94558
94559
95160
95161
95162
95164
95165
95166
95167
95168
95169
95170
95171
95172
95173
95174
95175
95176
95177
95178
95179
95180
95181
95828
95829
95831
95832
95833
95836
95837
95838
95839
95840
95841
95842
95843
95844
95845
95846
95847
96465
96466
96467
96473
96474
96475
96477
96478
96480
96481
96482
96483
96484
96485
96486
97115
97116
97123
97124
97125
97126
97128
97129
97130
97131
97132
97133
97134
97135
97136
97137
97741
97748
97749
97750
97751
97752
97753
97754
97755
97756
97757
97758
97759
97760
98362
98363
98364
98365
98366
98367
98368
98369
98370
98371
98993
98994
98995
98996
98997
98998
98999
99637
99638
99639
99640
99641
99642
99643
100286
100287
100288
100289
100290
100291
100953
100954
100955
100956
101631
101632
101633
101634
101635
101636
101637
102278
102279
102280
102281
102282
102283
102284
102881
102882
102883
102884
102885
102886
102887
102888
102889
102890
102891
102892
103509
103510
103511
103512
103513
103514
103515
104144
104146
104147
104148
104149
104772
104773
104774
104775
105384
105385
105988
105989