4956
4957
5379
5380
5381
5382
5383
5818
5819
5820
5821
5822
6271
6272
6743
6744
6745
7232
7233
7234
7235
7236
7733
7734
7735
8241
8242
8245
8247
8248
8249
8732
8733
8734
8735
8736
8737
8738
9238
9239
9240
9241
9242
9243
9244
9245
9764
9765
9766
9767
9768
9769
9770
9771
9772
9773
10308
10309
10310
10311
10312
10313
10314
10315
10316
10317
10318
10319
10320
10859
10860
10861
10862
10863
10864
10865
10866
10867
10868
10869
10870
10871
10872
10873
11416
11417
11418
11419
11420
11421
11422
11423
11424
11425
11426
11427
11428
11429
11430
11431
11432
11989
11990
11991
11992
11993
11994
11995
11996
11997
11998
11999
12000
12001
12002
12003
12004
12005
12006
12007
12564
12565
12566
12567
12568
12569
12570
12571
12572
12573
12574
12575
12576
12577
13152
13153
13156
13157
13158
13159
13160
13161
13162
13163
13164
13165
13166
13744
13745
13746
13747
13748
13749
13750
13751
13752
13753
13754
13755
13756
13757
13758
13759
13760
13761
14341
14342
14343
14344
14345
14346
14347
14348
14349
14350
14351
14352
14353
14354
14355
14356
14357
14358
14359
14360
14361
14362
14930
14931
14932
14933
14934
14935
14936
14937
14938
14939
14940
14941
14942
14943
14944
14945
14946
14947
14948
15516
15517
15518
15519
15520
15521
15522
15523
15524
15525
15526
15527
15528
15529
15530
15531
15532
15533
15534
15535
15536
15537
15538
16086
16087
16088
16089
16090
16091
16092
16093
16094
16096
16097
16098
16099
16100
16101
16102
16103
16104
16105
16106
16107
16108
16109
16110
16111
16669
16672
16673
16674
16675
16676
16677
16678
16679
16680
16681
16683
16684
16685
16686
16687
16688
16689
16690
16691
16693
16694
16695
16696
17242
17243
17244
17245
17249
17250
17251
17252
17253
17254
17255
17256
17257
17258
17262
17263
17264
17266
17267
17268
17269
17270
17271
17274
17275
17276
17826
17827
17829
17830
17831
17832
17833
17834
17835
17836
17837
17841
17842
17843
17844
17845
17846
17847
17848
17849
17850
17853
17854
18366
18367
18368
18369
18370
18371
18372
18373
18374
18375
18376
18377
18378
18379
18382
18383
18384
18385
18386
18389
18390
18391
18392
18913
18915
18916
18917
18918
18919
18920
18921
18922
18923
18924
18925
18926
18927
18928
18929
18930
18935
18936
18937
18938
18939
18940
18941
18942
18943
18944
18945
19457
19458
19459
19460
19461
19462
19463
19464
19465
19466
19467
19468
19469
19470
19471
19472
19473
19474
19475
19477
19478
19479
19480
19481
19482
19483
19484
19485
20001
20002
20003
20004
20005
20006
20007
20008
20009
20010
20011
20012
20013
20014
20015
20016
20017
20019
20020
20022
20023
20024
20025
20026
20027
20028
20029
20030
20031
20032
20033
20034
20567
20568
20569
20570
20571
20572
20573
20574
20575
20576
20577
20578
20584
20585
20586
20587
20588
20589
20590
20591
20592
20593
20594
20595
20596
20597
21127
21129
21130
21131
21132
21133
21134
21135
21136
21143
21144
21145
21146
21147
21148
21149
21150
21151
21152
21153
21154
21155
21156
21662
21664
21665
21666
21667
21668
21669
21670
21671
21672
21673
21683
21685
21686
21687
21688
21689
21690
21691
21693
21694
21695
21696
21697
21698
21699
21703
21704
21705
21706
21707
22194
22195
22196
22197
22198
22199
22200
22201
22202
22203
22204
22205
22206
22207
22208
22218
22219
22220
22221
22222
22223
22224
22225
22226
22227
22228
22229
22230
22231
22232
22233
22238
22239
22240
22241
22242
22243
22244
22717
22718
22719
22720
22721
22722
22723
22724
22725
22726
22727
22728
22729
22730
22731
22742
22743
22744
22745
22746
22747
22748
22749
22750
22751
22752
22753
22758
22759
22760
22761
22762
22763
23244
23245
23246
23247
23248
23249
23250
23251
23252
23253
23254
23255
23256
23257
23258
23259
23270
23271
23272
23273
23274
23276
23277
23278
23279
23280
23281
23282
23285
23286
23287
23288
23289
23290
23291
23773
23774
23775
23776
23777
23778
23779
23780
23781
23782
23783
23784
23785
23786
23797
23798
23799
23801
23802
23803
23804
23805
23806
23807
23818
23819
23820
24290
24291
24292
24293
24294
24295
24296
24297
24298
24299
24300
24301
24302
24303
24313
24314
24315
24316
24317
24321
24322
24323
24324
24325
24326
24335
24336
24337
24338
24339
24787
24788
24789
24790
24791
24792
24793
24794
24795
24796
24797
24798
24799
24808
24809
24810
24811
24815
24816
24817
24818
24819
24820
24821
24828
24829
24830
24831
25275
25276
25277
25278
25279
25280
25296
25297
25298
25299
25301
25302
25303
25304
25305
25306
25316
25317
25318
25319
25320
25321
25323
25780
25781
25782
25783
25784
25785
25798
25799
25800
25801
25802
25803
25804
25805
25806
25807
25808
25809
25810
25811
25812
25813
25818
25821
25822
25823
25824
25825
25826
25827
26280
26281
26283
26284
26285
26301
26302
26303
26304
26305
26306
26307
26308
26309
26310
26312
26313
26314
26315
26316
26317
26318
26319
26320
26321
26322
26323
26324
26325
26326
26328
26329
26330
26331
26332
26801
26802
26803
26804
26805
26806
26807
26808
26809
26810
26811
26812
26813
26814
26815
26816
26817
26818
26819
26820
26821
26822
26823
26824
26825
27293
27294
27295
27296
27297
27298
27299
27300
27301
27302
27303
27304
27305
27306
27307
27308
27309
27310
27311
27312
27313
27314
27315
27316
27788
27791
27792
27793
27794
27795
27796
27797
27798
27799
27800
27803
27804
27805
27806
27807
27808
27809
27810
27811
27812
27813
27814
27815
27816
28300
28301
28302
28303
28304
28305
28306
28307
28308
28309
28310
28311
28313
28314
28315
28316
28317
28318
28319
28320
28321
28770
28771
28772
28773
28774
28775
28776
28777
28778
28779
28780
28781
28782
28783
28785
28786
28788
28789
28790
28791
28792
28793
28794
28795
28796
28797
29233
29234
29235
29236
29237
29238
29239
29240
29241
29242
29243
29244
29250
29251
29252
29253
29254
29255
29256
29257
29710
29711
29712
29713
29714
29718
29727
29728
29729
29730
29731
29732
30181
30182
30183
30184
30185
30197
30198
30199
30200
30201
30202
30203
30204
30692
30693
30694
30695
30696
30697
30698
30699
30700
30701
31195
31196
31197
31198
31199
31200
31201
31202
31691
31692
31693
31694
31695
31696
31697
31698
32215
32216
32217
32218
32219
32220
32221
32222
32223
32224
32749