178067
178068
178069
178070
178071
178718
178719
178720
178721
178722
178723
178724
178725
178726
178727
179344
179345
179346
179347
179348
179349
179350
179351
179352
179353
179354
179355
179356
179357
179358
179969
179970
179971
179972
179973
179974
179975
179976
179977
179978
179979
179980
179981
179982
179983
179984
179985
179986
179987
180612
180613
180614
180615
180616
180617
180618
180619
180620
180621
180622
180623
180624
180625
180626
180627
180628
180629
180630
181283
181284
181285
181286
181287
181288
181289
181290
181291
181292
181293
181294
181295
181296
181297
181298
181301
181302
181947
181948
181949
181950
181951
181952
181953
181954
181955
181956
181957
181958
181959
181963
182594
182595
182596
182597
182598
182599
182600
182601
182602
182603
182604
182605
182606
182607
182608
182609
183226
183227
183228
183229
183230
183231
183232
183233
183234
183235
183236
183237
183238
183239
183240
183241
183830
183831
183832
183833
183834
183835
183836
183837
183838
183839
183840
184408
184409
184410
184411
184412
184413
184414
184415
184416
184417
184418
184419
185013
185014
185015
185016
185017
185018
185019
185020
185021
185022
185023
185024
185025
185026
185027
185028
185029
185030
185647
185648
185649
185650
185651
185652
185653
185654
185655
185656
185657
185658
185659
185660
185661
185662
185663
185664
185665
186299
186300
186301
186302
186303
186304
186305
186306
186307
186308
186309
186310
186311
186312
186313
186314
186315
186316
186937
186938
186939
186940
186941
186942
186943
186944
186945
186946
186947
186948
186949
186950
186951
186952
186953
186954
187554
187555
187556
187557
187558
187559
187560
187561
187562
187563
187564
187565
187566
187567
187568
187569
187570
187571
187572
188161
188162
188163
188164
188165
188166
188167
188169
188170
188171
188172
188173
188174
188175
188176
188177
188180
188181
188777
188778
188779
188780
188781
188782
188783
188784
188787
188788
188789
188790
188791
188792
188793
188796
189380
189381
189382
189383
189384
189385
189386
189387
189390
189391
189392
189393
189394
189395
189396
189397
189398
189399
189977
189978
189979
189983
189984
189985
189987
189988
189989
189990
189991
189992
189993
189994
189995
189996
189997
190570
190571
190575
190576
190577
190578
190579
190580
190581
190582
190583
190584
190585
190586
190587
190588
190589
190590
190591
190592
190593
190594
191131
191132
191143
191148
191149
191150
191151
191152
191153
191154
191155
191156
191157
191158
191159
191160
191161
191162
191163
191164
191165
191166
191167
191697
191698
191699
191707
191708
191713
191714
191715
191716
191717
191718
191719
191720
191721
191722
191723
191724
191725
191726
191727
191728
191729
191730
191731
191732
191733
192260
192261
192262
192263
192267
192268
192270
192271
192276
192277
192278
192279
192280
192281
192282
192283
192284
192285
192286
192287
192288
192290
192291
192292
192293
192294
192295
192811
192812
192813
192814
192815
192816
192817
192818
192819
192820
192821
192822
192829
192830
192831
192832
192833
192834
192835
192836
192837
192838
192840
192841
192842
192843
192844
192845
193366
193367
193368
193369
193370
193372
193373
193374
193375
193376
193377
193378
193379
193384
193385
193386
193387
193388
193389
193390
193391
193392
193393
193394
193395
193396
193397
193398
193399
193400
193401
193907
193908
193909
193910
193912
193913
193914
193915
193917
193918
193919
193922
193923
193924
193925
193926
193927
193928
193929
193930
193931
193932
193934
193935
193936
193937
193938
193939
193940
193941
193942
193943
194472
194473
194474
194475
194476
194477
194478
194479
194480
194481
194482
194483
194484
194485
194486
194487
194491
194492
194493
194494
194495
194496
194497
194498
194499
194500
194501
194503
194504
194505
194506
194507
194508
194509
194510
194511
194512
195040
195041
195042
195043
195044
195045
195046
195047
195048
195049
195050
195051
195052
195053
195054
195055
195056
195059
195060
195061
195062
195063
195064
195065
195066
195067
195068
195069
195070
195071
195072
195073
195074
195075
195076
195077
195570
195571
195572
195573
195574
195575
195576
195577
195578
195579
195580
195581
195582
195583
195584
195585
195586
195587
195588
195589
195590
195591
195592
195593
195594
195595
195596
195597
195598
195599
195600
195601
195602
195603
195604
195605
195606
195607
195608
195609
195610
196111
196112
196113
196114
196115
196116
196117
196118
196119
196120
196124
196125
196126
196127
196128
196129
196130
196131
196132
196133
196134
196135
196136
196137
196138
196139
196140
196141
196142
196143
196144
196145
196146
196147
196148
196149
196150
196633
196634
196635
196636
196637
196638
196639
196640
196641
196642
196643
196644
196645
196646
196647
196648
196649
196650
196651
196652
196653
196654
196656
196657
196658
196659
196660
196661
196662
196663
196664
196665
196666
196667
196668
196669
196670
196671
197154
197155
197156
197157
197158
197159
197160
197161
197162
197163
197164
197165
197166
197167
197168
197169
197173
197174
197175
197176
197177
197178
197179
197180
197181
197182
197183
197673
197674
197675
197676
197679
197680
197681
197682
197683
197684
197685
197686
197687
197688
197689
197690
197691
197692
197693
197696
197697
197698
197699
197700
197701
197702
197703
197704
197705
197706
197707
197708
197709
198233
198234
198238
198239
198240
198241
198242
198243
198244
198245
198246
198247
198248
198249
198250
198251
198255
198256
198257
198258
198259
198260
198261
198262
198263
198264
198265
198266
198803
198804
198805
198809
198810
198811
198812
198813
198814
198815
198816
198817
198818
198819
198820
198821
198822
198823
198824
198827
198828
198829
198830
198831
198832
198833
198834
198835
198836
198837
198838
198839
199390
199391
199392
199394
199396
199397
199398
199399
199400
199401
199402
199403
199404
199405
199406
199407
199408
199409
199413
199414
199415
199416
199418
199419
199420
199421
199422
199986
199987
199988
199989
199990
199991
199992
199994
199995
199997
199998
199999
200000
200001
200002
200003
200012
200013
200014
200576
200577
200579
200580
200581
200582
200583
200585
200586
200587
200588
200589
200590
200591
200592
200601
200602
200603
201131
201132
201133
201134
201135
201136
201137
201138
201139
201140
201141
201142
201143
201144
201145
201146
201147
201154
201155
201698
201699
201700
201701
201702
201703
201704
201705
201706
201707
201708
201709
201710
201711
201712
202266
202267
202268
202269
202270
202271
202272
202273
202274
202275
202276
202277
202278
202279
202280
202281
202282
202283
202284
202852
202853
202854
202855
202856
202857
202858
202859
202860
202861
202862
202863
202864
202865
202866
202867
202868
202869
202870
203434
203435
203436
203437
203438
203439
203440
203441
203442
203443
203444
204004
204005
204006
204007
204008
204009
204010
204011
204012
204556
204557
204558
204559
204560
204561
204562
204563
204564
204565
204566
204567
205101
205102
205103
205104
205105
205107
205108
205109
205110
205111
205112
205113
205660
205661
205662
205671
206212
206768