130914
131423
131424
131940
131941
131942
131943
132465
132466
132467
132468
132469
132470
132471
132472
132996
132997
132998
132999
133000
133001
133002
133552
133553
133554
133555
134121
134122
134127
134128
134129
134130
134132
134133
134711
134712
134713
134714
134715
134716
134717
134722
134723
134724
134725
134726
135323
135324
135325
135326
135327
135328
135329
135330
135331
135332
135333
135334
135335
135336
135928
135929
135930
135931
135932
135933
135935
135936
135937
136533
136534
136535
136536
136537
136538
136541
136542
136543
136544
136545
137131
137132
137133
137134
137136
137137
137138
137139
137705
137706
137707
137710
137711
137712
137713
137714
137715
138285
138286
138287
138288
138289
138290
138292
138293
138294
138295
138296
138297
138873
138874
138875
138876
138877
138878
138879
138880
138881
138882
139480
139481
139482
139483
139484
139485
139486
139487
139488
140085
140086
140087
140088
140089
140090
140091
140092
140093
140689
140690
140691
140692
140693
140694
140695
140696
140697
140698
141283
141284
141285
141286
141287
141288
141289
141290
141291
141864
141865
141866
141867
141868
141869
141870
141871
141872
142438
142439
142440
142441
142999
143000
143001
143002
143535
143558
143559
143560
143561
143562
143563
143564
144082
144100
144101
144102
144103
144104
144105
144106
144107
144108
144628
144629
144630
144651
144652
144653
144654
144655
144656
144658
145188
145189
145190
145191
145192
145193
145213
145214
145215
145218
145752
145753
145754
145755
145756
145757
145758
145779
145781
145782
145783
146313
146314
146315
146316
146317
146318
146319
146320
146321
146341
146343
146344
146345
146346
146347
146877
146878
146879
146880
146881
146882
146883
146884
146885
146904
146905
146906
146908
146910
146911
146913
146914
146915
147415
147416
147417
147418
147419
147420
147422
147442
147443
147444
147445
147446
147447
147448
147449
147450
147451
147452
147453
147454
147455
147961
147962
147963
147964
147965
147966
147967
147969
147989
147990
147991
147992
147993
147994
147995
147996
147998
148510
148511
148513
148514
148515
148516
148517
148518
148519
148522
148539
148540
148541
148542
148543
148544
148545
148546
148547
148549
149053
149054
149055
149056
149057
149058
149059
149060
149071
149072
149073
149074
149075
149076
149077
149078
149079
149080
149591
149592
149593
149597
149598
149599
149600
149611
149612
149613
149614
149615
149616
149617
149618
149619
149620
149621
149622
149623
150124
150125
150126
150127
150128
150131
150132
150133
150134
150135
150136
150142
150143
150144
150145
150146
150147
150148
150149
150150
150151
150663
150664
150665
150668
150669
150670
150671
150672
150674
150675
150676
150677
150678
150679
150680
150681
150682
150683
150684
150685
150686
150687
151214
151215
151216
151217
151218
151219
151220
151221
151222
151223
151224
151225
151226
151227
151228
151229
151230
151231
151232
151233
151755
151756
151757
151758
151759
151760
151761
151762
151763
151764
151765
151766
151767
151768
151769
151770
151771
151772
151773
151774
151775
151776
151777
151778
151779
151780
151781
151782
152312
152313
152314
152315
152316
152317
152318
152319
152320
152321
152322
152323
152324
152325
152326
152327
152328
152329
152330
152331
152332
152335
152336
152337
152338
152339
152861
152862
152863
152864
152865
152866
152867
152868
152869
152870
152871
152872
152873
152874
152875
152876
152877
152878
152879
152880
152881
152882
152883
152888
152889
153393
153394
153395
153396
153397
153398
153399
153400
153401
153402
153403
153404
153405
153406
153407
153408
153409
153410
153411
153412
153413
153414
153415
153416
153417
153418
153419
153420
153421
153422
153423
153424
153907
153908
153909
153910
153911
153912
153913
153914
153915
153916
153917
153918
153919
153920
153921
153922
153923
153924
153926
153927
153930
153931
153932
153933
153936
154425
154426
154427
154428
154429
154430
154431
154432
154433
154435
154436
154437
154446
154447
154448
154449
154450
154451
154452
154453
154929
154930
154931
154932
154933
154934
154935
154936
154937
154945
154946
154947
154948
154949
155405
155406
155407
155408
155409
155410
155411
155412
155413
155420
155422
155423
155424
155425
155426
155427
155428
155429
155857
155858
155859
155860
155861
155862
155863
155864
155872
155873
155874
155875
155876
155877
155878
156313
156314
156315
156316
156317
156318
156319
156320
156321
156322
156329
156330
156331
156332
156333
156334
156335
156336
156337
156338
156339
156340
156812
156813
156814
156815
156816
156817
156818
156819
156820
156825
156826
156827
156828
156829
156830
156831
156832
156833
156834
156835
157308
157309
157310
157311
157312
157313
157314
157315
157316
157317
157322
157323
157324
157325
157326
157327
157328
157329
157330
157331
157332
157784
157785
157786
157787
157788
157789
157790
157792
157795
157796
157797
157801
157802
157803
157804
157805
157806
157807
157808
157809
157810
157811
158270
158271
158272
158273
158274
158275
158276
158277
158278
158279
158280
158281
158282
158283
158284
158285
158288
158289
158290
158293
158294
158295
158296
158297
158298
158299
158300
158301
158302
158303
158304
158727
158728
158729
158730
158731
158732
158733
158734
158735
158736
158737
158738
158739
158741
158742
158743
158744
158745
158746
158747
158748
158749
158750
158751
158752
158753
158754
158755
159184
159185
159186
159187
159188
159189
159190
159191
159192
159193
159194
159195
159196
159197
159198
159199
159200
159201
159202
159203
159204
159205
159206
159207
159208
159209
159210
159619
159620
159621
159622
159623
159624
159625
159626
159627
159628
159629
159630
159631
159632
159633
159635
159636
159637
159638
159639
159640
159641
159642
159643
159645
159646
159647
159648
159649
160057
160058
160059
160060
160061
160062
160063
160064
160065
160066
160067
160068
160069
160073
160074
160075
160076
160077
160078
160079
160080
160081
160082
160083
160084
160085
160086
160087
160088
160089
160491
160492
160493
160494
160495
160496
160497
160498
160499
160500
160501
160502
160504
160505
160506
160507
160508
160509
160510
160511
160512
160514
160515
160516
160517
160518
160519
160520
160521
160522
160523
160921
160922
160923
160924
160925
160926
160927
160928
160929
160930
160931
160932
160933
160934
160935
160938
160939
160941
160942
160943
160944
160945
160946
160947
160948
160949
160950
160951
161380
161381
161382
161383
161384
161385
161386
161387
161390
161391
161392
161393
161394
161396
161397
161398
161399
161400
161401
161402
161403
161404
161405
161406
161407
161408
161409
161853
161854
161855
161856
161857
161858
161859
161863
161864
161869
161870
161871
161872
161873
161874
161875
161876
161877
161878
161879
162349
162350
162351
162352
162353
162357
162358
162359
162360
162361
162362
162366
162367
162368
162369
162370
162373
162374
162375
162832
162838
162839
162840
162841
162842
162843
162844
162851
162852
162853
163284
163285
163286
163287
163288
163298
163299
163300
163731
163732
163733
163734
163735
164166
164167
164621
165093