429429
429430
429431
429432
429990
429991
429992
429993
429994
429995
429996
430535
430536
430537
430538
430539
430540
430541
431060
431061
431062
431063
431064
431067
431576
431577
431578
431579
431580
431581
432074
432075
432076
432077
432078
432594
432595
432596
432597
432598
432599
432600
432601
432602
432603
432604
432605
433111
433112
433113
433114
433115
433116
433117
433118
433119
433624
433625
433626
433627
433628
433629
433630
433631
433632
434126
434127
434128
434129
434130
434131
434132
434133
434617
434618
434619
434620
434621
434622
434623
434624
434625
435110
435111
435112
435113
435114
435115
435116
435117
435118
435607
435608
435609
435610
435611
435612
435613
435614
435615
435616
435617
435618
436086
436087
436088
436089
436090
436091
436092
436093
436094
436095
436096
436097
436098
436099
436543
436544
436545
436546
436547
436548
436549
436550
436551
436552
436979
436980
436981
436982
436983
436984
436985
436986
436987
436988
436989
436990
436991
436992
436993
437439
437440
437441
437442
437443
437444
437445
437446
437447
437448
437449
437450
437451
437452
437453
437887
437888
437889
437890
437891
437892
437893
437894
437895
437896
437897
437898
437899
437900
438341
438342
438343
438344
438345
438346
438786
438787
438788
438789
439232
439237
439238
439239
439240
439655
439659
439660
439661
439662
439663
439664
440057
440060
440061
440062
440063
440064
440065
440443
440444
440445
440446
440447
440448
440449
440450
440451
440834
440835
440836
440837
440838
441211
441212
441213
441214
441215
441216
441217
441599
441600
441601
441602
441603
441608
441609
441610
441958
441959
441964
441965
441967
442307
442308
442309
442310
442318
442319
442320
442321
442322
442323
442667
442668
442669
442679
442680
442681
442682
442683
442684
442685
442686
442691
442692
443032
443034
443043
443044
443045
443046
443047
443048
443049
443050
443051
443052
443053
443054
443057
443058
443402
443403
443404
443405
443406
443407
443414
443415
443416
443417
443418
443419
443420
443421
443422
443423
443428
443777
443778
443779
443780
443781
443782
443783
443788
443789
443790
443791
443792
443793
443794
443795
443799
443800
443801
443802
443803
443804
443805
444150
444151
444152
444153
444154
444155
444160
444161
444162
444163
444164
444166
444167
444170
444171
444172
444516
444517
444518
444519
444520
444521
444522
444529
444530
444531
444532
444533
444534
444536
444537
444538
444539
444540
444541
444542
444543
444544
444877
444878
444879
444880
444881
444882
444883
444889
444890
444891
444892
444893
444894
444895
444896
444897
444898
444899
444900
444901
444902
444903
445251
445252
445253
445254
445255
445256
445257
445258
445260
445261
445262
445263
445264
445265
445266
445267
445268
445269
445270
445271
445272
445273
445274
445275
445613
445614
445615
445616
445617
445618
445619
445622
445623
445624
445625
445626
445627
445628
445629
445630
445631
445632
445633
445634
445635
445636
445637
445638
445639
445640
445978
445979
445980
445981
445982
445983
445984
445986
445987
445988
445989
445990
445991
445992
445993
445994
445995
445996
445997
445998
445999
446000
446001
446002
446003
446004
446005
446343
446344
446345
446346
446347
446348
446349
446350
446351
446352
446353
446354
446355
446356
446357
446358
446359
446360
446361
446362
446363
446364
446365
446366
446367
446368
446369
446370
446371
446690
446691
446692
446693
446694
446695
446696
446697
446698
446699
446700
446701
446702
446703
446704
446705
446706
446707
446708
446709
446710
446711
446712
446713
446714
446715
447018
447019
447020
447021
447022
447023
447024
447025
447026
447027
447028
447029
447030
447031
447032
447033
447034
447035
447036
447037
447336
447337
447338
447339
447340
447341
447342
447343
447344
447345
447346
447347
447348
447349
447350
447351
447352
447353
447354
447641
447642
447643
447644
447645
447646
447647
447648
447649
447650
447651
447652
447653
447657
447658
447659
447660
447661
447662
447663
447664
447665
447666
447667
447962
447963
447964
447965
447966
447967
447968
447969
447970
447971
447972
447973
447974
447975
447976
447977
447978
447979
447980
447981
447982
447983
447984
447985
447986
447987
447988
447989
447990
447991
447992
447993
448294
448295
448296
448297
448298
448299
448300
448301
448302
448303
448304
448305
448306
448309
448310
448311
448312
448313
448314
448315
448316
448317
448318
448319
448320
448321
448322
448323
448324
448325
448326
448619
448620
448621
448622
448623
448624
448628
448629
448630
448631
448632
448635
448637
448638
448639
448640
448641
448642
448643
448644
448645
448646
448647
448648
448649
448650
448651
448652
448653
448654
448655
448940
448941
448942
448943
448944
448945
448946
448947
448950
448951
448952
448953
448954
448957
448958
448959
448960
448961
448962
448963
448964
448965
448966
448967
448968
448969
448970
448971
448972
448973
448974
448975
448976
448977
448978
449259
449260
449261
449262
449263
449264
449265
449266
449267
449268
449270
449271
449272
449273
449276
449277
449278
449279
449280
449281
449282
449283
449284
449285
449286
449287
449288
449289
449290
449291
449292
449293
449294
449295
449296
449587
449588
449589
449590
449591
449592
449595
449596
449597
449598
449600
449601
449602
449603
449604
449605
449606
449607
449608
449609
449610
449611
449612
449613
449614
449615
449616
449617
449618
449619
449914
449915
449918
449919
449920
449921
449922
449923
449924
449925
449926
449927
449928
449929
449931
449932
449933
449934
449935
449936
449937
449938
449939
449940
449941
449942
449943
449944
449945
449946
450251
450254
450255
450256
450257
450258
450260
450261
450262
450263
450264
450265
450266
450267
450268
450269
450270
450271
450272
450273
450274
450275
450276
450277
450278
450279
450598
450599
450600
450601
450602
450603
450604
450605
450606
450607
450608
450609
450610
450611
450612
450613
450614
450616
450617
450618
450619
450921
450924
450925
450926
450927
450928
450929
450930
450931
450932
450933
450935
450936
450937
450938
450939
450940
450941
450942
450943
450944
451249
451252
451253
451254
451255
451256
451257
451258
451260
451261
451262
451263
451264
451265
451574
451575
451576
451579
451580
451581
451582
451583
451584
451585
451586
451587
451882
451883
451884
451885
451886
451887
451888
451889
451891
451892
451893
451894
451895
451896
451897
451898
451899
451900
451901
451902
452211
452212
452213
452214
452215
452216
452217
452218
452220
452221
452222
452223
452224
452225
452226
452227
452228
452534
452535
452536
452537
452538
452539
452540
452541
452542
452543
452544
452545
452546
452547
452548
452549
452550
452551
452552
452553
452554
452555
452556
452872
452875
452876
452877
452878
452881
452882
452883
452884
452885
452886
452887
452888
452889
452890
452891
452892
453221
453222
453227
453228
453229
453230
453231
453232
453233
453234
453235
453236
453237
453238
453551
453552
453553
453554
453555
453556
453557
453558
453559
453560
453561
453562
453563
453867
453868
453869
453870
453871
453872
453873
453874
453875
454178
454179