5772
6225
6226
6697
7187
7188
7189
7190
7683
7684
7685
7686
7687
7688
8203
8204
8205
8206
8207
8208
8209
8210
8211
8212
8213
8214
8694
8695
8696
8697
8698
8699
8700
8701
8702
8703
8704
8705
9202
9203
9204
9205
9206
9207
9208
9209
9210
9211
9212
9213
9218
9219
9220
9221
9728
9729
9730
9731
9732
9733
9734
9735
9736
9737
9738
9743
9744
9745
9746
9747
10272
10273
10274
10275
10276
10277
10279
10280
10281
10282
10283
10285
10286
10287
10288
10289
10825
10826
10827
10828
10829
10830
10831
10832
10833
10834
10835
10836
10837
10838
11382
11383
11384
11385
11386
11387
11388
11389
11390
11391
11393
11394
11395
11952
11953
11954
11955
11956
11957
11958
11959
11960
11961
11962
11963
11964
11966
11967
12529
12530
12531
12532
12533
12534
12535
12536
12537
12538
12539
12540
12541
12542
12543
12544
12545
12546
12547
12548
13113
13118
13119
13120
13121
13122
13123
13124
13125
13126
13127
13128
13129
13130
13131
13132
13133
13134
13135
13704
13715
13716
13717
13718
13719
13720
13721
13722
13723
13724
13725
13726
13727
13728
13729
14303
14304
14305
14316
14318
14319
14320
14321
14322
14323
14324
14325
14326
14327
14328
14329
14330
14331
14332
14893
14894
14895
14896
14897
14898
14899
14900
14914
14915
14917
14918
14919
14920
14921
14922
14923
14924
14925
14926
14927
15483
15484
15485
15486
15487
15488
15490
15503
15504
15505
15506
15507
15508
15509
15510
15511
15512
15513
15514
15515
16045
16046
16047
16048
16049
16053
16054
16055
16056
16057
16067
16071
16072
16073
16074
16075
16076
16077
16078
16079
16080
16081
16082
16083
16084
16085
16628
16629
16630
16636
16639
16640
16641
16652
16653
16654
16655
16656
16657
16658
16659
16660
16661
16662
16664
16665
16666
16667
16668
16669
16670
16671
16672
16673
16674
17208
17209
17210
17217
17218
17219
17229
17230
17231
17232
17233
17234
17235
17236
17237
17238
17239
17240
17241
17242
17243
17244
17245
17246
17248
17249
17250
17251
17252
17253
17254
17790
17792
17799
17800
17801
17810
17811
17812
17813
17814
17815
17816
17817
17818
17820
17821
17822
17823
17824
17825
17826
17827
17828
17829
17830
17831
17832
17833
17834
17835
17836
18333
18335
18341
18342
18343
18344
18345
18346
18352
18353
18354
18355
18356
18357
18358
18359
18361
18362
18363
18364
18365
18366
18367
18368
18369
18370
18371
18372
18373
18374
18375
18376
18377
18378
18379
18878
18884
18885
18886
18887
18888
18889
18890
18891
18892
18893
18894
18895
18896
18897
18898
18899
18900
18901
18902
18903
18904
18905
18906
18907
18910
18911
18912
18913
18914
18915
18916
18917
18918
18919
18920
18921
18922
18923
18924
18925
18926
18927
18928
18929
18930
19424
19425
19426
19432
19433
19434
19435
19436
19437
19438
19439
19440
19443
19444
19445
19446
19447
19448
19449
19450
19451
19452
19453
19454
19455
19456
19457
19458
19459
19460
19461
19462
19463
19464
19465
19466
19467
19468
19469
19470
19471
19472
19473
19474
19475
19960
19961
19962
19963
19969
19970
19971
19976
19977
19978
19979
19980
19981
19982
19983
19984
19985
19989
19990
19991
19992
19993
19994
19995
19996
19997
19998
19999
20000
20001
20002
20003
20004
20005
20006
20007
20008
20009
20010
20011
20012
20013
20014
20015
20016
20017
20018
20019
20020
20527
20528
20535
20536
20537
20538
20541
20542
20543
20544
20545
20546
20547
20548
20549
20550
20551
20552
20553
20554
20555
20556
20557
20558
20559
20560
20561
20562
20563
20564
20566
20567
20568
20569
20570
20571
20572
20573
20574
20575
20576
20577
20578
20579
20580
20581
20582
21087
21094
21095
21097
21100
21101
21102
21103
21104
21107
21108
21109
21110
21111
21112
21113
21114
21115
21116
21117
21118
21119
21120
21121
21122
21123
21124
21125
21126
21127
21128
21129
21130
21131
21132
21133
21134
21135
21136
21137
21138
21139
21140
21630
21633
21634
21635
21637
21639
21640
21641
21642
21643
21647
21650
21651
21652
21653
21654
21655
21656
21657
21662
21663
21664
21665
21666
21667
21668
21669
21670
21671
21672
21673
21674
21675
21676
21677
21678
21679
22154
22155
22156
22157
22158
22159
22160
22164
22165
22167
22168
22169
22170
22171
22172
22178
22179
22180
22181
22182
22183
22184
22185
22186
22187
22194
22195
22196
22197
22198
22199
22200
22201
22202
22203
22204
22205
22206
22207
22208
22209
22210
22211
22212
22213
22214
22676
22677
22678
22679
22680
22681
22682
22683
22686
22687
22688
22689
22690
22691
22692
22693
22694
22695
22696
22701
22702
22703
22706
22707
22708
22717
22718
22719
22720
22721
22722
22723
22724
22725
22726
22727
22728
22729
22730
22732
22733
22734
22735
22736
23200
23201
23202
23203
23204
23205
23206
23207
23208
23209
23210
23211
23212
23213
23214
23215
23216
23217
23218
23219
23230
23231
23232
23244
23245
23246
23247
23248
23249
23250
23251
23252
23253
23254
23255
23256
23257
23260
23261
23262
23263
23727
23728
23729
23730
23731
23732
23733
23734
23735
23736
23737
23738
23739
23740
23741
23742
23743
23744
23745
23746
23759
23773
23774
23776
23777
23778
23779
23780
23781
23782
23783
23784
23787
24247
24248
24249
24250
24251
24252
24253
24254
24255
24256
24257
24258
24259
24260
24261
24262
24263
24264
24265
24266
24276
24293
24294
24295
24296
24297
24298
24299
24300
24301
24744
24745
24746
24747
24748
24749
24751
24752
24753
24754
24755
24756
24757
24758
24759
24760
24761
24762
24791
24792
24793
24794
24795
24796
24797
24798
25242
25243
25244
25245
25247
25248
25249
25250
25251
25252
25253
25254
25255
25256
25257
25258
25259
25277
25278
25279
25280
25745
25746
25747
25751
25752
25753
25754
25755
25756
25757
25758
25780
25781
25782
25783
25784
25785
26245
26246
26247
26248
26249
26250
26280
26281
26283
26284
26285
26742
26743
26744
26745
26746
26747
27228
27229
27230
27231
27232
27233
27235
27728
27729
27730
27732
27734
27735
27736
28241
28242
28243
28244
28245
28247
28248
28249
28250
28251
28723
28724
28725
28726
28727
28728
28729
28730
29183
29184
29185
29186
29187
29651
29652
29653
29654
29655
29656
29657
29658
29659
29660
29661
29662
29663
30120
30121
30122
30123
30124
30125
30126
30127
30128
30129
30130
30131
30616