403733
403737
403738
404205
404206
404207
404208
404209
404210
404663
404664
404665
404666
404667
404668
404669
404671
405124
405125
405126
405127
405128
405129
405130
405131
405132
405133
405134
405135
405574
405575
405576
405577
405578
405579
405580
405581
405582
405583
405584
406032
406033
406034
406035
406036
406037
406038
406039
406040
406041
406043
406044
406045
406486
406487
406489
406490
406491
406492
406493
406494
406495
406498
406499
406500
406501
406929
406930
406932
406933
406934
406935
406939
406940
406941
406942
406943
407365
407366
407371
407375
407376
407377
407378
407379
407380
407801
407802
407803
407808
407815
407816
407817
407818
407819
407820
408258
408259
408260
408261
408262
408263
408265
408272
408273
408276
408277
408278
408279
408707
408708
408709
408710
408711
408712
408713
408714
408721
408722
408723
408724
408725
408726
409138
409139
409140
409141
409142
409143
409144
409145
409146
409147
409153
409154
409155
409156
409157
409158
409159
409605
409606
409607
409608
409609
409610
409611
409612
409613
409614
409615
409620
409621
409622
409623
409624
409625
409626
410079
410080
410081
410082
410083
410084
410085
410086
410087
410088
410089
410095
410096
410097
410098
410099
410530
410531
410532
410533
410534
410535
410536
410537
410538
410539
410542
410543
410544
410545
410546
410983
410984
410985
410986
410987
410988
410989
410990
410991
410994
410995
410996
410997
410998
410999
411000
411445
411446
411447
411448
411449
411450
411451
411452
411453
411454
411455
411456
411457
411458
411459
411460
411461
411462
411463
411903
411904
411905
411906
411907
411908
411909
411910
411911
411912
411913
411914
411915
411916
411917
411918
411919
411920
411921
411922
411925
411926
411927
411929
411930
411931
412397
412398
412399
412400
412401
412402
412403
412404
412405
412406
412407
412408
412409
412410
412411
412412
412413
412414
412415
412416
412417
412418
412419
412420
412421
412422
412423
412881
412882
412883
412884
412885
412886
412887
412888
412889
412890
412891
412894
412895
412896
412897
412898
412899
412900
412901
412902
412904
412905
412906
412907
412908
412909
412910
413366
413367
413368
413369
413370
413371
413372
413373
413374
413375
413376
413377
413380
413381
413382
413383
413384
413386
413387
413388
413389
413390
413391
413392
413393
413394
413395
413396
413397
413398
413399
413856
413858
413862
413863
413864
413865
413866
413867
413868
413869
413870
413871
413872
413873
413874
413875
413876
413877
413878
413879
414359
414365
414366
414367
414368
414369
414370
414371
414372
414373
414374
414375
414376
414377
414378
414858
414859
414860
414861
414868
414869
414870
414871
414872
414873
414874
414875
414876
414879
414880
414881
415385
415386
415387
415388
415397
415398
415400
415401
415402
415403
415404
415405
415409
415410
415911
415912
415913
415914
415915
415924
415925
415926
415927
415928
415929
415930
415931
415932
415937
415938
415939
415940
415941
416434
416435
416436
416437
416443
416444
416445
416446
416447
416448
416449
416450
416451
416453
416454
416455
416456
416457
416458
416459
416940
416941
416942
416943
416948
416949
416950
416951
416955
416956
416959
416960
416961
416962
416963
416964
417408
417409
417410
417411
417421
417422
417425
417426
417427
417428
417429
417430
417883
417884
417885
417886
417887
417888
417889
417890
417891
417892
417893
417894
417895
417902
417903
417904
417906
417907
417908
417909
417910
417911
417912
417913
417914
418362
418363
418364
418365
418366
418367
418368
418369
418370
418371
418372
418373
418374
418375
418383
418384
418385
418386
418387
418388
418389
418390
418393
418862
418863
418864
418865
418866
418867
418868
418869
418870
418871
418872
418873
418874
418875
418877
418881
418882
418883
418884
418885
418886
418887
418888
418889
418890
418891
419362
419363
419364
419365
419366
419367
419368
419369
419370
419371
419372
419373
419374
419375
419376
419377
419378
419379
419380
419382
419383
419384
419385
419386
419387
419388
419389
419390
419391
419846
419847
419848
419849
419850
419851
419852
419853
419854
419855
419856
419857
419858
419859
419860
419861
419862
419866
419867
419868
419869
419870
419871
419872
419873
420347
420348
420349
420350
420351
420352
420353
420354
420355
420356
420357
420358
420359
420360
420361
420362
420367
420369
420370
420371
420372
420373
420374
420375
420376
420836
420837
420838
420839
420840
420841
420842
420843
420844
420845
420846
420847
420848
420849
420850
420851
420852
420853
420854
420856
420857
420858
420859
420860
420861
420862
420863
420864
421307
421308
421309
421310
421311
421312
421313
421314
421315
421316
421317
421318
421319
421320
421321
421322
421323
421324
421325
421326
421327
421328
421329
421330
421331
421332
421333
421334
421335
421780
421781
421782
421783
421784
421785
421786
421787
421788
421789
421790
421791
421792
421793
421794
421795
421796
421797
421798
421799
421800
421801
421802
421803
421805
421806
421807
421808
422248
422249
422250
422251
422252
422255
422256
422257
422258
422259
422260
422261
422262
422263
422264
422265
422266
422267
422268
422270
422271
422272
422273
422700
422701
422702
422703
422704
422705
422706
422707
422708
422709
422710
422711
422712
422713
422714
422715
422716
422718
422719
422720
422721
422722
422723
422724
423173
423174
423175
423176
423177
423178
423179
423180
423181
423182
423183
423184
423185
423186
423187
423188
423189
423190
423191
423192
423193
423194
423195
423196
423197
423649
423650
423651
423652
423653
423654
423655
423656
423657
423659
423660
423661
423664
423665
423666
423667
423668
423669
423670
423671
423672
423673
423674
423675
424125
424127
424128
424129
424130
424131
424132
424133
424134
424136
424137
424138
424139
424140
424141
424142
424143
424144
424145
424146
424147
424625
424626
424627
424628
424629
424630
424631
424632
424633
424634
424635
424636
424637
424638
424639
424640
424641
424642
424643
425116
425117
425118
425119
425120
425121
425122
425123
425124
425125
425126
425127
425128
425129
425130
425131
425132
425133
425596
425597
425598
425599
425600
425601
425602
425603
425604
425605
425606
426081
426082
426083
426084
426085
426086
426087
426088
426089
426090
426091
426586
426587
426588
426589
426591
426592
426593
426594
427118
427119
427120
427121
427122
427123
427125
427126
427640
427641
427642
427643
427644
427645
427646
427648
427649
427650
427651
427652
428145
428146
428147
428148
428149
428150
428151
428152
428154
428155
428156
428157
428158
428159
428673
428674
428675
428676
428677
428678
428679
428680
428681
428682
428683
428684
428685
428686
428687
429199
429200
429201
429202
429203
429204
429205
429206
429207
429208
429209
429210
429743
429744
429745
429746
429747
429748
429749
429750
429751
430292
430293
430294
430295
430296
430811
430812
430813
430814
430815
430816
430817
430818
430819
431349
431350
431351
431352
431353
431354
431355
431356
431357
431358
431864
431865
431866
431867
431868
431869
431870
432375
432376
432377
432378
432379
432380
432902
432903
432905
432906