361574
361575
361576
361577
361578
362105
362106
362107
362108
362109
362110
362111
362625
362626
362627
362628
362629
362630
362631
362632
363143
363144
363145
363146
363147
363148
363149
363151
363661
363662
363663
363664
363665
363666
363667
363668
363669
363670
364175
364176
364177
364178
364179
364180
364181
364182
364183
364690
364691
364692
364693
364694
364695
364696
365196
365197
365198
365199
365200
365673
365674
365675
365676
365677
365678
365679
365680
365681
366145
366146
366147
366148
366149
366150
366151
366152
366613
366614
366615
366616
366617
366618
366619
366620
366621
367093
367099
367100
367101
367102
367103
367104
367105
367106
367107
367108
367605
367606
367607
367609
367610
367611
367612
367613
367614
367615
367616
367617
367618
367619
367620
367621
367622
367623
367624
368100
368101
368102
368103
368104
368105
368106
368109
368110
368111
368112
368114
368115
368116
368117
368118
368119
368120
368121
368122
368123
368124
368125
368126
368606
368607
368608
368609
368610
368611
368612
368614
368615
368616
368617
368618
368619
368620
368621
368622
368623
368624
368625
368626
368627
368628
368629
368630
368631
368632
368633
368634
368635
369108
369109
369110
369111
369112
369113
369114
369116
369117
369118
369119
369120
369121
369122
369123
369124
369125
369126
369127
369128
369129
369130
369131
369132
369133
369134
369135
369136
369137
369583
369584
369585
369586
369587
369588
369589
369590
369591
369592
369593
369594
369595
369596
369597
369598
369599
369600
369601
369602
369603
369604
369605
369606
369607
370057
370060
370061
370062
370063
370064
370065
370066
370067
370068
370069
370070
370071
370072
370073
370074
370075
370076
370077
370078
370079
370080
370081
370082
370083
370084
370085
370086
370546
370547
370548
370549
370550
370551
370552
370553
370554
370556
370557
370558
370559
370560
370561
370562
370563
370564
370565
370566
370567
370568
370569
370570
370571
370572
370573
370574
370575
370576
370577
370578
370579
371043
371044
371045
371046
371047
371048
371049
371051
371052
371053
371054
371058
371059
371060
371061
371062
371063
371064
371065
371066
371067
371068
371069
371070
371071
371072
371073
371074
371075
371555
371556
371557
371558
371559
371560
371561
371562
371563
371564
371565
371570
371571
371572
371573
371574
371575
371576
371577
371578
371579
371580
371581
371582
371583
371584
371585
371586
372068
372069
372070
372071
372072
372073
372074
372075
372076
372077
372078
372079
372082
372083
372084
372085
372086
372087
372088
372089
372090
372091
372092
372093
372094
372095
372096
372097
372098
372099
372100
372572
372573
372574
372575
372576
372577
372578
372579
372580
372581
372582
372583
372584
372585
372586
372587
372588
372589
372590
372591
372592
372593
372594
372595
372596
372597
372598
372599
372600
372601
372602
372603
372604
372605
372606
372607
373082
373083
373084
373085
373086
373087
373088
373089
373090
373091
373092
373093
373094
373095
373096
373097
373098
373099
373100
373101
373102
373103
373104
373105
373106
373108
373109
373110
373111
373112
373113
373114
373115
373116
373117
373118
373119
373120
373625
373626
373627
373628
373629
373630
373631
373632
373633
373634
373635
373636
373637
373638
373639
373640
373641
373642
373643
373644
373645
373646
373647
373648
373649
373650
373651
373652
373653
373654
373655
373656
373657
373658
373659
373660
373661
373662
373663
373664
374176
374177
374178
374179
374180
374181
374182
374183
374184
374185
374186
374187
374188
374189
374190
374191
374192
374193
374194
374199
374200
374201
374202
374203
374204
374205
374206
374207
374208
374209
374210
374211
374212
374752
374753
374754
374755
374756
374757
374758
374759
374760
374761
374762
374763
374764
374765
374766
374767
374768
374769
374770
374771
374772
374773
374779
374780
374781
374782
374783
374784
374785
374786
374787
374788
374792
374793
374794
374795
374796
375331
375332
375333
375334
375335
375336
375337
375338
375339
375340
375341
375342
375343
375344
375345
375346
375347
375348
375349
375350
375351
375352
375353
375354
375355
375356
375364
375365
375366
375367
375368
375369
375370
375371
375373
375375
375376
375377
375378
375918
375919
375920
375921
375922
375923
375924
375925
375926
375927
375928
375929
375930
375931
375932
375933
375934
375935
375936
375937
375938
375939
375940
375941
375942
375943
375944
375945
375953
375954
375955
375956
375957
375958
375959
375967
375968
375969
376524
376525
376526
376527
376528
376529
376530
376531
376532
376533
376534
376535
376536
376537
376538
376539
376540
376541
376542
376543
376544
376545
376546
376547
376558
376559
376560
376561
376562
376563
376564
376565
376566
376567
376576
376577
377125
377126
377127
377128
377129
377130
377131
377132
377133
377134
377135
377136
377137
377138
377139
377140
377141
377142
377143
377144
377145
377150
377151
377152
377153
377154
377155
377156
377157
377158
377159
377160
377161
377162
377163
377164
377165
377176
377177
377178
377719
377720
377721
377722
377723
377724
377725
377726
377727
377728
377729
377730
377731
377732
377736
377737
377738
377739
377740
377741
377742
377743
377744
377746
377747
377759
377760
378269
378270
378273
378274
378275
378276
378277
378278
378279
378280
378281
378282
378288
378289
378290
378291
378292
378293
378294
378295
378296
378297
378299
378808
378809
378810
378811
378812
378813
378814
378815
378816
378817
378818
378822
378824
378825
378826
378827
378828
378829
378830
378831
378832
378833
378834
378835
378836
378837
378838
379356
379357
379358
379359
379360
379361
379362
379363
379364
379365
379366
379367
379368
379369
379370
379371
379372
379373
379374
379375
379376
379377
379378
379379
379380
379381
379382
379383
379384
379923
379924
379925
379926
379927
379928
379929
379930
379931
379932
379933
379934
379935
379936
379937
379938
379939
379940
379941
379942
379943
379944
379945
379946
379947
379948
379949
380496
380497
380498
380499
380500
380501
380502
380503
380504
380505
380506
380507
380508
380509
380510
380511
380513
380514
380515
380517
380518
380519
380520
380521
380522
380523
381063
381064
381065
381066
381067
381068
381069
381070
381071
381074
381075
381076
381077
381078
381079
381080
381081
381082
381083
381084
381085
381086
381087
381643
381644
381645
381646
381647
381648
381649
381650
381651
381652
381653
381654
381657
381658
381659
381664
381665
381666
381667
381668
381669
382202
382203
382204
382205
382206
382207
382208
382209
382210
382211
382212
382213
382214
382215
382218
382219
382220
382221
382222
382223
382224
382740
382741
382742
382743
382744
382745
382746
382747
382748
382749
382751
382752
382753
382754
382755
382756
383319
383320
383321
383322
383323
383324
383325
383326
383327
383328
383329
383330
383331
383332
383333
383891
383892
383893
383894
383895
383896
383897
383898
383899
383900
383901
383902
384463
384464
384465
384466
384467
384468
384469
384470
384471
384472
384475
384476
385029
385030
385031
385032
385033
385034
385037
385580
385581
386144
386145
386146
386691