381251
381817
381818
381819
381820
381821
382360
382361
382362
382367
382368
382369
382370
382371
382372
382899
382900
382901
382902
382903
382904
382905
382906
382907
382908
382909
382910
382911
382915
382916
382917
382919
382920
383465
383466
383467
383468
383469
383470
383471
383472
383473
383474
383475
383476
383477
383478
383479
383481
383482
383483
383484
383485
383486
384048
384051
384052
384053
384054
384055
384056
384057
384058
384059
384060
384061
384062
384065
384066
384067
384631
384632
384633
384634
384635
384636
384637
384638
384639
384644
385188
385189
385190
385191
385192
385193
385194
385195
385196
385197
385198
385200
385201
385202
385203
385736
385737
385738
385739
385740
385741
385742
385743
385744
385745
385746
385747
385748
386292
386293
386296
386297
386298
386299
386300
386301
386302
386303
386304
386306
386832
386833
386834
386835
386836
386837
386838
386839
386840
386841
386842
386843
386844
386848
387369
387370
387371
387372
387373
387374
387375
387376
387377
387378
387379
387380
387381
387382
387383
387384
387385
387386
387390
387391
387392
387924
387925
387926
387927
387928
387929
387930
387931
387932
387933
387934
387935
387936
387937
387938
387939
387940
387946
387947
388486
388487
388488
388489
388490
388491
388492
388493
388494
388495
388496
388497
388498
388499
388500
388505
389031
389032
389033
389034
389035
389036
389037
389038
389039
389040
389041
389042
389043
389047
389048
389049
389050
389572
389573
389574
389575
389576
389577
389578
389579
389580
389581
389582
389583
389584
389587
389588
390113
390114
390115
390116
390117
390118
390119
390120
390121
390122
390123
390124
390126
390128
390129
390673
390674
390675
390676
390677
390678
390679
390680
390681
390682
390683
390684
390685
390686
390687
390690
390691
390692
391222
391223
391224
391225
391226
391227
391228
391229
391230
391231
391232
391233
391235
391236
391237
391238
391781
391782
391783
391784
391785
391786
391787
391788
391789
391790
391791
391792
391793
391794
391795
391797
392328
392329
392330
392331
392332
392333
392334
392335
392336
392337
392338
392339
392340
392342
392875
392876
392877
392878
392879
392880
392881
392882
392883
392884
392885
392886
392887
392888
393408
393409
393410
393411
393412
393413
393414
393415
393416
393942
393943
393944
393945
393946
393947
393949
393950
394466
394467
394468
394469
394470
394471
394472
394473
394474
394475
394998
394999
395000
395001
395002
395003
395004
395005
395006
395545
395546
395547
395548
395549
395550
395551
396102
396103
396104
396105
396106
396107
396108
396109
396636
396637
396638
396639
396640
396641
396642
396643
396644
396645
396646
396647
396648
396649
396650
396651
396652
396653
396654
397162
397163
397164
397165
397166
397170
397171
397172
397173
397174
397175
397176
397177
397178
397680
397681
397682
397683
397684
397685
397688
397689
397690
397691
397692
397693
397694
397695
398219
398220
398221
398222
398223
398224
398225
398229
398230
398231
398232
398233
398234
398235
398236
398237
398238
398774
398775
398776
398777
398778
398779
398781
398782
398783
398784
398785
398786
398787
398788
398789
398790
398791
398792
399326
399327
399328
399329
399330
399331
399335
399336
399337
399338
399339
399340
399341
399342
399343
399856
399857
399858
399859
399860
399866
399867
399868
399869
399871
399872
399873
399874
399875
400360
400361
400362
400363
400370
400371
400372
400375
400376
400377
400858
400859
400860
400862
400865
400866
400867
400869
400870
400871
400872
400873
401358
401359
401360
401361
401362
401363
401364
401366
401367
401368
401369
401370
401371
401372
401373
401374
401375
401376
401377
401378
401856
401857
401858
401859
401860
401861
401862
401863
401864
401865
401866
401867
401868
401869
401870
401871
401872
401873
401874
401875
401876
401877
401878
401879
401880
401881
401882
402357
402358
402359
402360
402361
402362
402363
402364
402365
402366
402367
402368
402369
402370
402371
402372
402373
402374
402375
402376
402377
402379
402380
402381
402382
402383
402384
402385
402386
402869
402870
402871
402872
402873
402874
402875
402877
402878
402879
402882
402883
402884
402885
402886
402887
402888
402894
402895
402896
402897
403352
403354
403355
403356
403357
403358
403359
403360
403361
403362
403365
403366
403367
403368
403374
403375
403832
403834
403835
403836
403838
403839
403840
403842
403843
403844
403845
403846
403847
403853
403854
403855
404305
404306
404309
404310
404311
404312
404313
404314
404315
404316
404318
404319
404320
404321
404322
404763
404764
404766
404767
404768
404769
404770
404771
404772
404773
404774
404775
404777
404778
404779
404780
404781
405226
405227
405228
405229
405230
405231
405232
405233
405235
405236
405237
405238
405676
405677
405678
405679
405680
405681
405682
405683
405684
405685
405686
405687
406135
406136
406137
406138
406139
406140
406141
406142
406143
406144
406145
406146
406586
406587
406588
406589
406590
406591
406592
406593
406594
406595
406596
406597
406598
406599
406600
407028
407029
407030
407031
407032
407033
407034
407035
407036
407037
407038
407039
407040
407041
407042
407043
407044
407045
407468
407469
407470
407471
407472
407473
407474
407475
407476
407477
407478
407479
407480
407481
407482
407483
407484
407485
407901
407902
407903
407904
407905
407906
407907
407908
407909
407910
407911
407912
407913
407914
407915
407916
407917
407918
407919
408357
408358
408359
408360
408361
408362
408363
408364
408365
408366
408367
408368
408369
408370
408371
408372
408373
408374
408806
408807
408808
408809
408810
408811
408812
408813
408814
408815
408816
408817
408818
408819
408820
409250
409251
409252
409253
409254
409255
409256
409257
409258
409259
409260
409261
409262
409263
409264
409265
409266
409716
409717
409718
409719
409720
409721
409722
409723
409724
409725
409726
409727
409728
409729
409730
409731
410182
410183
410184
410185
410186
410187
410188
410189
410190
410191
410192
410193
410194
410631
410632
410633
410634
410635
410636
410637
411081
411082
411083
411084
411085
411086
411087
411088
411549
411550
411551
411552
411553
411554
412014
412015
412016
412017
412018
412019
412020
412502
412503
412504
412505
412506
412507
412508
412991
412992
412993
412994
412995
412996
412997
412998
412999
413000
413484
413485
413486
413487
413488
413489
413490
413491
413492
413493
413494
413495
413963
413964
413965
413966
413967
413968
413969
413970
413971
413972
413973
414451
414452
414453
414454
414455
414456
414457
414458
414459
414460
414461
414462
414463
414464
414959
414960
414961
414962
414963
414964
414965
414966
414967
414968
414969
414970
414971
414972
415490
415491
415495
415496
415497
415498
415499
415500
415501
415502
415503
416019
416023
416024
416025
416026
416027
416028
416029
416030
416538
416539
416540
416541
416542
416543
416544
416545
417034
417035
417036
417037
417038
417497
417498
417499
417986
417987
417988
417989
418472
418473
418474
418971
418972
418973
418974
419474
419475
419957
419958
419959
419960
420458
420459
420946
420947
421419
421420