302952
302953
303494
303495
304038
304039
304586
304587
304588
304589
304590
304591
305132
305133
305134
305135
305136
305137
305138
305139
305140
305680
305681
305682
305683
305684
305685
305686
305687
305688
305689
306244
306245
306246
306247
306248
306249
306250
306251
306252
306253
306254
306255
306256
306787
306788
306789
306790
306791
306792
306793
306794
306795
306796
306797
306798
306799
306800
307342
307343
307344
307345
307346
307347
307348
307349
307350
307351
307352
307353
307354
307355
307356
307357
307358
307877
307878
307879
307880
307881
307882
307883
307884
307885
307886
307887
307888
307889
307890
307891
307892
307894
307895
308426
308427
308428
308429
308430
308431
308432
308433
308434
308435
308436
308437
308438
308439
308440
308441
308442
308443
308444
308445
308975
308976
308977
308978
308979
308980
308981
308982
308983
308984
308985
308986
308987
308988
308989
308990
308991
308992
308993
308994
308996
308997
309512
309513
309514
309515
309516
309517
309518
309519
309520
309521
309522
309523
309524
309525
309526
309527
309528
309529
309530
309531
309532
309533
309534
309535
309536
310045
310046
310047
310048
310049
310050
310051
310052
310053
310054
310055
310056
310057
310058
310059
310060
310061
310062
310063
310064
310065
310066
310067
310068
310069
310070
310071
310072
310074
310075
310600
310601
310602
310603
310604
310605
310606
310607
310608
310609
310610
310611
310612
310613
310614
310615
310616
310617
310618
310619
310620
310621
310622
310623
310624
310625
310626
311133
311134
311135
311136
311137
311138
311139
311140
311141
311142
311143
311144
311145
311146
311147
311148
311149
311150
311151
311152
311153
311154
311155
311156
311157
311158
311159
311160
311161
311162
311163
311164
311165
311177
311671
311672
311673
311674
311675
311676
311677
311678
311679
311680
311681
311682
311683
311684
311685
311686
311687
311688
311689
311690
311691
311692
311693
311694
311695
311696
311697
311698
311700
311702
311703
311704
311705
311706
311707
311708
311709
311713
311715
311716
311721
311722
311723
312197
312198
312199
312200
312201
312204
312205
312206
312207
312208
312209
312210
312211
312212
312213
312214
312215
312216
312217
312218
312219
312220
312221
312222
312223
312224
312225
312227
312228
312229
312230
312231
312232
312233
312234
312235
312238
312239
312240
312241
312242
312245
312247
312248
312705
312706
312710
312711
312712
312713
312714
312715
312716
312717
312718
312719
312720
312721
312722
312723
312724
312725
312726
312727
312728
312731
312732
312733
312734
312735
312736
312737
312738
312739
312741
312743
312744
312745
312746
312747
313172
313173
313174
313175
313176
313177
313178
313179
313180
313181
313182
313183
313184
313185
313186
313187
313188
313189
313190
313191
313192
313193
313194
313195
313196
313197
313199
313200
313201
313202
313203
313205
313206
313207
313208
313209
313210
313212
313213
313214
313215
313216
313217
313218
313648
313649
313650
313651
313652
313653
313654
313655
313656
313657
313658
313659
313660
313661
313662
313663
313664
313665
313666
313667
313668
313669
313670
313671
313672
313673
313674
313675
313676
313677
313678
313679
313680
313681
313682
313683
313684
313685
313686
313687
313689
313690
313691
313692
313693
313694
313695
314111
314112
314113
314114
314115
314116
314117
314118
314119
314121
314122
314123
314124
314125
314126
314127
314128
314129
314130
314131
314132
314133
314134
314135
314136
314137
314138
314139
314140
314141
314142
314143
314144
314145
314146
314148
314149
314151
314152
314153
314154
314155
314156
314576
314577
314578
314581
314582
314583
314584
314585
314586
314587
314588
314589
314590
314591
314592
314593
314594
314595
314596
314597
314598
314599
314600
314601
314602
314603
314604
314605
314606
314607
314608
314609
314610
314611
314612
314613
314614
314615
314616
315026
315027
315028
315029
315030
315031
315032
315033
315034
315035
315036
315037
315038
315039
315040
315041
315042
315043
315044
315045
315046
315047
315048
315049
315050
315051
315052
315053
315054
315055
315056
315057
315058
315472
315473
315474
315475
315476
315477
315478
315479
315480
315481
315482
315483
315484
315485
315486
315487
315488
315489
315490
315491
315492
315493
315494
315495
315496
315497
315498
315499
315500
315501
315502
315503
315936
315937
315938
315939
315940
315941
315942
315943
315944
315945
315946
315947
315948
315949
315950
315953
315954
315955
315956
315957
315958
315959
315960
315961
315962
315963
315964
315965
315966
315967
315968
315969
316398
316399
316400
316401
316402
316403
316404
316405
316406
316407
316408
316411
316412
316413
316414
316415
316416
316417
316418
316419
316420
316421
316422
316423
316424
316425
316426
316427
316428
316429
316430
316857
316858
316859
316860
316861
316862
316863
316864
316866
316867
316868
316869
316871
316872
316873
316874
316875
316876
316877
316878
316879
316880
316881
316882
316883
316884
316885
316886
316887
316888
317338
317339
317340
317342
317343
317344
317345
317346
317347
317348
317349
317350
317353
317354
317355
317356
317357
317358
317359
317360
317361
317362
317363
317364
317365
317366
317367
317369
317370
317371
317373
317374
317834
317835
317836
317837
317842
317843
317844
317845
317846
317847
317848
317849
317850
317851
317852
317853
317854
317855
317856
317857
317858
317859
317860
317861
318336
318337
318338
318339
318340
318341
318349
318350
318351
318352
318353
318354
318355
318356
318357
318358
318359
318360
318361
318362
318363
318364
318365
318366
318854
318855
318856
318858
318871
318872
318873
318874
318875
318876
318877
318878
318879
318880
318881
318882
318883
319343
319345
319346
319359
319360
319361
319362
319363
319364
319365
319366
319367
319368
319369
319370
319371
319372
319373
319854
319855
319856
319857
319858
319859
319860
319861
319862
320338
320344
320345
320346
320347
320348
320349
320350
320351
320810
320811
320815
320816
320817
320818
320819
320820
320821
320822
320823
320824
320825
320826
320827
321274
321275
321276
321277
321278
321279
321280
321281
321282
321283
321284
321285
321286
321287
321288
321289
321290
321291
321739
321740
321741
321742
321743
321744
321745
321746
321747
321748
321749
321750
321751
321752
321753
321754
321755
322205
322206
322207
322208
322209
322210
322211
322212
322213
322214
322215
322216
322684
322685
322686
322687
322688
322689
322690
322691
322692
322693
323181
323182
323183
323184
323185
323186
323187
323188
323189
323190
323191
323192
323193
323194
323656
323657
323658
323659
323660
323661
323662
323663
323664
323665
323666
323667
324150
324151
324152
324153
324154
324155
324156
324666
324667
324668
324669
324670
324671
324672
324673
325185
325186
325187
325190
325191
325192
325193
325194
325713
325716
325717
325718
325719
325720
325721
325722
326230
326231
326232
326234
326235
326734
326735
326736
326737
326738
326739
326740
326741
327248
327249
327250
327251
327252
327791
327792
328312
328313
328314
328315
328812
328813
328814
329295
329296
329297
329744
329745
329746