248476
249028
249029
249030
249031
249581
249582
249583
249584
249585
249586
249587
249588
250127
250128
250129
250130
250132
250133
250134
250135
250668
250669
250670
250671
250672
250673
250674
250675
251213
251214
251215
251216
251217
251219
251220
251221
251222
251223
251224
251225
251226
251227
251228
251229
251773
251774
251775
251776
251777
251778
251779
251780
251781
251782
251783
251784
251785
251786
252351
252352
252353
252354
252355
252356
252357
252358
252359
252360
252361
252362
252363
252364
252365
252366
252367
252368
252369
252370
252371
252931
252932
252933
252934
252935
252936
252937
252938
252939
252940
252941
252942
252943
252944
252945
252946
252947
252948
252949
252950
252951
252952
252953
252954
252955
253507
253508
253509
253510
253511
253512
253513
253514
253515
253516
253517
253518
253519
253520
253521
253522
253523
253524
253525
253526
253527
253528
253529
253530
253531
253532
253533
253534
253535
254078
254079
254080
254081
254082
254083
254084
254085
254086
254087
254088
254089
254090
254091
254092
254093
254094
254095
254096
254097
254098
254099
254100
254101
254102
254103
254104
254105
254106
254107
254108
254679
254680
254681
254682
254683
254684
254685
254686
254687
254688
254689
254690
254691
254692
254693
254694
254695
254696
254697
254698
254699
254700
254701
254702
254703
254704
254705
254706
254707
254708
254709
254710
254711
254712
254713
254714
254715
255292
255293
255294
255295
255296
255297
255298
255299
255300
255301
255302
255303
255304
255305
255306
255307
255308
255309
255310
255311
255312
255313
255314
255315
255316
255317
255318
255319
255320
255321
255322
255323
255324
255325
255326
255327
255328
255896
255897
255898
255899
255900
255901
255902
255903
255904
255905
255906
255907
255908
255909
255910
255911
255912
255913
255914
255915
255916
255917
255918
255919
255920
255921
255922
255923
255924
255925
255926
255927
255928
255929
255930
255931
255932
256520
256521
256522
256523
256524
256525
256526
256527
256528
256529
256530
256531
256532
256533
256534
256535
256536
256537
256538
256539
256540
256541
256542
256543
256544
256545
256546
256547
256548
256549
256550
256551
256552
256553
256554
257138
257139
257140
257141
257142
257143
257144
257145
257146
257147
257148
257149
257150
257151
257152
257153
257154
257155
257156
257157
257158
257159
257160
257161
257162
257163
257164
257165
257166
257167
257168
257169
257170
257171
257172
257173
257174
257175
257176
257763
257764
257765
257766
257767
257768
257769
257770
257771
257772
257773
257774
257775
257776
257777
257780
257781
257782
257783
257784
257785
257786
257787
257788
257789
257791
257792
257793
257794
257795
257796
257797
258369
258370
258371
258372
258373
258374
258375
258376
258377
258378
258379
258380
258381
258382
258383
258387
258388
258389
258390
258391
258392
258393
258394
258395
258396
258398
258399
258401
258402
258403
258404
258990
258991
258992
258993
258994
258995
258996
258997
258998
258999
259000
259001
259002
259003
259004
259005
259006
259007
259008
259009
259013
259014
259015
259016
259017
259018
259019
259020
259022
259023
259024
259025
259026
259027
259028
259636
259637
259638
259639
259640
259641
259642
259643
259644
259645
259646
259647
259648
259649
259650
259651
259652
259653
259654
259660
259661
259662
259663
259664
259665
259666
259667
259668
259671
259672
259673
260275
260276
260277
260278
260279
260280
260281
260282
260283
260284
260285
260286
260287
260288
260289
260290
260291
260292
260293
260294
260299
260300
260301
260302
260303
260304
260305
260306
260307
260308
260309
260310
260311
260312
260313
260904
260905
260906
260907
260908
260909
260910
260911
260912
260913
260914
260915
260916
260917
260918
260919
260920
260921
260922
260923
260924
260929
260930
260931
260932
260933
260934
260935
260936
260937
260938
260939
260940
260941
260942
260943
260944
260945
261522
261523
261524
261525
261526
261527
261528
261529
261530
261531
261532
261533
261534
261535
261536
261537
261538
261539
261540
261541
261542
261543
261544
261549
261550
261551
261552
261553
261554
261555
261556
261557
261558
261559
261560
261561
261562
262135
262136
262137
262138
262139
262140
262141
262142
262143
262144
262145
262146
262147
262148
262149
262150
262151
262152
262153
262154
262155
262160
262161
262162
262163
262164
262165
262166
262167
262168
262169
262170
262171
262172
262173
262174
262175
262747
262748
262749
262750
262751
262752
262753
262754
262755
262756
262757
262758
262759
262769
262770
262771
262772
262773
262774
262775
262776
262777
262778
262779
262780
262781
262782
263350
263351
263352
263353
263354
263355
263356
263357
263358
263359
263370
263371
263372
263373
263374
263375
263376
263377
263378
263379
263380
263381
263382
263383
263384
263385
263949
263950
263952
263966
263967
263968
263969
263970
263971
263972
263973
263974
263975
263976
263977
263978
263979
264570
264571
264572
264573
264590
264591
264592
264593
264594
264595
264596
264597
264598
264599
264600
264601
265196
265197
265218
265219
265220
265221
265222
265223
265224
265225
265226
265227
265228
265231
265847
265848
265849
265850
265851
265852
265853
265855
266472
266473
266474
266475
266476
266477
266478
267075
267076
267077
267078
267079
267080
267081
267082
267083
267688
267689
267690
267691
267692
267693
267694
267695
267696
267697
268320
268321
268322
268323
268324
268325
268326
268327
268328
268950
268951
268954
268955
268956
269568
269569
269570
269572
269573
270208
270211
270212
270213
270214
270215
270856
270857
270858
270859
270861
271505
271506
271507
271508
271509
271510
271511
271512
272155
272156
272157
272158
272159
272160
272161
272796
272797
272798
272799
272801
273451
273452
273453
273454
273455
273456
273457
273458
273466
274110
274111
274112
274113
274116
274117
274118
274125
274126
274127
274742
274743
274744
274745
274746
274747
274748
274749
274753
274754
275366
275367
275368
275369
275370
275374
275375
275376
275994
275995
275997
275998
275999
276000
276001
276002
276003
276005
276006
276007
276008
276009
276010
276631
276632
276633
276634
276635
276636
276637
276638
276639
276640
276641
276642
276643
276644
276645
276646
276647
276648
276649
276650
276651
277238
277239
277240
277241
277242
277243
277244
277245
277246
277247
277248
277249
277251
277252
277253
277254
277255
277256
277257
277850
277851
277852
277853
277854
277855
277856
277857
277860
277862
277863
277864
277865
277866
277867
278454
278455
278456
278457
278458
278459
278460
278461
278468
278469
278470
278471
278472
278473
278474
278475
278476
278477
279055
279056
279057
279065
279066
279067
279068
279070
279071
279072
279073
279669
279670
279671
279672
279673
279674
279679
279680
279681
279682
279683
279684
279685
279686
279687
280269
280270
280271
280272
280277
280278
280279
280280
280281
280282
280283
280284
280285
280286
280287
280288
280289
280865
280866
280867
280869
280875
280876
280877
280878
280879
280880
280881
280882
280883
280884
280885
280886
281456
281473
281475
281476
281477
282076