141
142
143
144
145
146
147
148
149
150
151
152
153
154
155
156
157
158
604
605
606
607
610
611
612
613
614
615
616
617
618
619
1049
1050
1051
1052
1053
1054
1055
1056
1057
1058
1059
1060
1061
1482
1483
1484
1485
1486
1487
1488
1489
1490
1897
1898
1899
1900
1901
1902
2309
2310
2311
2312
2313
2314
2719
2720
2721
2722
2723
3147
3148
3530
3531
3532
3533
3906
3907
3908
3909
4274
4275
4276
4277
4278
4693
4694
4695
4696
5110
5111
5112
5113
5114
5536
5537
5538
5539
5973
5975
5976
6429
6432
6900
6901
6902
6903
6904
7404
7405
7907
7908
8401
8402
8882
8883
8884
8887
8888
9406
9407
9408
9409
9410
9411
9413
9414
9922
9923
9924
9926
9932
9933
9934
9935
9936
9937
9938
9939
9940
10475
10476
10477
10478
10482
10483
10484
10485
10486
10487
10488
10490
11027
11028
11029
11030
11031
11035
11036
11037
11038
11039
11040
11041
11590
11591
11592
11593
11594
11596
11597
11598
11599
11600
11601
11602
12175
12176
12177
12178
12179
12180
12181
12182
12183
12184
12185
12186
12187
12188
12189
12190
12191
12192
12193
12757
12758
12759
12760
12761
12762
12763
12764
12765
12766
12767
12768
12769
12770
12771
12772
13351
13352
13353
13354
13355
13356
13357
13358
13359
13360
13361
13362
13364
13365
13366
13367
13369
13941
13942
13943
13944
13945
13946
13947
13948
13949
13950
13955
13956
13957
13958
13959
13960
14535
14536
14537
14538
14539
14540
14541
14542
14543
14545
14546
14548
14549
14550
14551
15128
15129
15130
15131
15132
15133
15134
15135
15136
15137
15138
15139
15140
15141
15142
15143
15144
15709
15710
15711
15712
15713
15714
15715
15716
15717
15718
15719
15720
15721
15722
15723
15724
15725
15726
15727
15728
16290
16291
16292
16293
16294
16295
16296
16297
16298
16299
16300
16301
16302
16303
16304
16305
16861
16862
16863
16864
16865
16866
16867
16868
16869
16870
16871
16873
16874
16875
17443
17444
17445
17446
17447
17448
17451
17452
17453
17454
17455
17456
17457
17458
17459
18004
18005
18013
18014
18015
18016
18017
18018
18547
18548
18549
19089
19090
19626
19627
489533
489534
489535
489536
489539
489961
489962
489963
489964
489965
490376
490377
490378
490379
490380
490381
490384
490385
490782
490783
490784
490785
490786
490787
490788
490789
490790
490791
490792
490793
491177
491178
491179
491180
491181
491182
491183
491184
491185
491186
491187
491587
491588
491589
491590
491591
491592
491593
491594
491595
491596
492005
492006
492007
492008
492009
492010
492011
492012
492013
492014
492426
492427
492428
492429
492430
492431
492432
492433
492434
492435
492436
492446
492847
492848
492849
492850
492851
492852
492853
492854
492855
492856
492857
492858
492863
492864
492865
493282
493283
493284
493285
493288
493289
493290
493291
493292
493299
493300
493301
493302
493303
493304
493305
493709
493710
493711
493712
493713
493714
493716
493722
493723
493725
493726
493727
493728
493729
493730
493731
493732
494141
494142
494143
494144
494145
494146
494149
494150
494155
494156
494157
494158
494159
494160
494161
494162
494163
494164
494165
494166
494167
494594
494595
494596
494597
494598
494599
494600
494601
494602
494604
494605
494607
494608
494609
494610
494611
494612
494613
494614
494615
494616
494617
494618
494619
494620
494621
495050
495051
495052
495053
495054
495055
495056
495057
495058
495059
495060
495061
495062
495063
495064
495065
495066
495067
495068
495069
495070
495071
495072
495073
495074
495075
495078
495079
495080
495081
495082
495500
495501
495502
495503
495504
495505
495506
495507
495508
495509
495510
495511
495512
495513
495514
495515
495516
495517
495518
495519
495520
495521
495522
495525
495526
495527
495531
495532
495533
495534
495535
495536
495537
495539
495540
495956
495957
495958
495959
495960
495961
495962
495963
495964
495965
495966
495968
495969
495970
495971
495972
495973
495974
495975
495976
495977
495979
495980
495981
495983
495984
495986
495987
495988
496389
496390
496399
496400
496401
496402
496403
496404
496405
496406
496411
496413
496414
496415
496416
496417
496418
496419
496420
496421
496422
496424
496425
496426
496427
496428
496429
496430
496431
496432
496433
496434
496842
496846
496847
496848
496850
496851
496852
496853
496854
496855
496856
496857
496858
496859
496864
496865
496866
496867
496868
496869
496870
496871
496872
496873
496874
496876
496877
496878
496880
496881
496882
496883
496884
496885
497325
497326
497327
497328
497329
497330
497331
497332
497333
497334
497335
497336
497337
497338
497339
497340
497341
497342
497343
497344
497345
497349
497350
497351
497352
497353
497354
497355
497356
497357
497359
497360
497361
497362
497363
497364
497810
497811
497812
497813
497814
497815
497816
497817
497818
497819
497820
497821
497822
497823
497824
497825
497826
497827
497828
497832
497833
497834
497835
497836
497837
497838
497839
497840
497842
497843
497844
497845
497846
497847
498301
498302
498303
498304
498305
498306
498307
498308
498309
498310
498311
498312
498313
498314
498315
498316
498317
498318
498319
498320
498328
498329
498330
498331
498332
498333
498334
498336
498337
498338
498811
498812
498813
498814
498815
498816
498817
498818
498819
498820
498821
498822
498823
498824
498825
498826
498827
498828
498829
498830
498831
498832
498842
498843
498844
498845
498846
498847
499331
499332
499333
499334
499335
499336
499337
499338
499339
499340
499341
499342
499343
499344
499345
499346
499347
499348
499349
499350
499351
499352
499353
499364
499365
499366
499859
499860
499861
499862
499863
499864
499865
499866
499867
499868
499869
499870
499871
499872
499873
499874
499875
499876
499877
499878
499879
499880
499881
499897
500397
500398
500399
500400
500401
500402
500403
500404
500405
500406
500407
500408
500409
500410
500411
500412
500413
500414
500415
500416
500417
500418
500419
500933
500934
500935
500936
500937
500938
500939
500940
500941
500942
500943
500944
500945
500946
500947
500948
500949
500950
500951
500952
500953
500954
500955
501454
501455
501456
501457
501458
501459
501460
501461
501462
501463
501464
501465
501466
501467
501468
501469
501470
501471
501472
501473
501474
501475
501476
501477
501970
501971
501972
501973
501974
501975
501976
501977
501978
501979
501980
501981
501982
501983
501984
501985
501986
501987
502433
502434
502435
502436
502437
502438
502439
502440
502441
502442
502443
502444
502445
502446
502447
502887
502888
502889
502890
502891
502892
502893
502894
502895
502896
502897
502898
502899
502901
502902
502904
503350
503351
503352
503353
503354
503355
503356
503357
503358
503359
503360
503361
503362
503363
503364
503365
503369