420110
420111
420114
420115
420595
420596
420597
420598
420599
420600
420601
420602
421089
421090
421092
421093
421094
421095
421096
421097
421108
421109
421110
421111
421112
421554
421555
421556
421557
421558
421559
421560
421561
421562
421563
421564
421565
421572
421573
421574
421575
421576
422024
422025
422026
422027
422028
422029
422030
422031
422032
422033
422037
422038
422039
422040
422041
422042
422043
422044
422045
422046
422476
422477
422478
422479
422480
422481
422482
422483
422491
422492
422493
422494
422495
422496
422497
422498
422499
422500
422943
422944
422945
422946
422947
422948
422949
422950
422951
422959
422960
422961
422962
422963
422964
422965
422966
422967
423416
423417
423418
423419
423420
423421
423422
423423
423424
423432
423433
423434
423435
423436
423437
423438
423439
423895
423896
423897
423898
423899
423900
423902
423903
423904
423905
423906
423907
423917
423918
423919
423920
423921
424385
424386
424387
424388
424389
424390
424391
424392
424393
424394
424395
424396
424397
424398
424399
424400
424401
424409
424410
424411
424412
424413
424414
424867
424868
424869
424870
424871
424872
424873
424874
424875
424876
424877
424878
424879
424880
424881
424886
424887
424888
424889
424890
424891
425351
425352
425353
425354
425355
425356
425357
425358
425359
425360
425361
425369
425370
425371
425372
425373
425374
425375
425376
425377
425378
425379
425827
425828
425829
425831
425832
425833
425834
425835
425836
425837
425838
425839
425840
425842
425843
425849
425850
425851
425852
425853
425854
425855
425856
425857
425858
426321
426322
426323
426324
426325
426326
426327
426328
426329
426330
426331
426332
426333
426334
426335
426336
426337
426340
426341
426342
426343
426344
426345
426346
426347
426348
426349
426350
426835
426836
426837
426838
426839
426840
426841
426842
426843
426844
426845
426846
426847
426848
426849
426850
426851
426852
426853
426854
426855
426856
426857
426858
426859
426860
426861
426864
426865
426866
426867
426868
426869
426870
427380
427381
427382
427383
427384
427385
427386
427387
427388
427389
427390
427391
427392
427393
427394
427395
427396
427397
427398
427399
427400
427401
427402
427403
427404
427407
427408
427409
427410
427411
427412
427413
427904
427905
427906
427907
427908
427909
427910
427911
427912
427913
427914
427915
427916
427917
427918
427919
427920
427921
427922
427923
427924
427925
427926
427927
427928
427929
427930
427931
427932
427933
428427
428428
428429
428430
428431
428432
428433
428434
428435
428436
428437
428438
428439
428440
428441
428442
428443
428444
428445
428446
428447
428448
428449
428450
428451
428452
428453
428932
428933
428934
428935
428936
428937
428938
428939
428940
428941
428942
428943
428944
428945
428946
428947
428948
428949
428950
428951
428952
428953
428954
428955
428956
428957
428958
429469
429470
429471
429472
429473
429474
429475
429476
429477
429478
429479
429480
429481
429482
429483
429484
429485
429486
429487
429488
429489
429490
429491
429492
429493
429494
429495
430031
430032
430033
430034
430035
430036
430037
430038
430039
430040
430041
430042
430043
430044
430045
430046
430047
430048
430049
430050
430051
430052
430569
430570
430571
430572
430573
430574
430575
430576
430577
430578
430579
430580
430581
430582
430583
430584
430585
430586
430587
430588
430589
431103
431104
431105
431106
431107
431108
431109
431110
431111
431112
431113
431114
431115
431116
431117
431118
431119
431120
431121
431122
431123
431124
431125
431126
431625
431626
431627
431628
431629
431630
431631
431632
431633
431634
431635
431636
431637
431638
431639
431640
431641
431642
431643
431644
431645
431646
431647
431648
431649
431650
431651
431652
431653
432119
432120
432121
432122
432123
432124
432125
432126
432127
432128
432129
432130
432131
432132
432133
432134
432135
432136
432137
432138
432139
432140
432141
432142
432143
432144
432145
432146
432147
432148
432149
432150
432151
432152
432153
432635
432636
432637
432638
432639
432640
432641
432642
432643
432645
432646
432647
432648
432649
432650
432651
432652
432653
432654
432655
432656
432657
432658
432659
432660
432661
432662
432663
432664
432666
432667
433157
433158
433159
433160
433161
433162
433163
433164
433165
433166
433167
433168
433169
433170
433171
433172
433173
433174
433175
433176
433177
433178
433179
433180
433181
433182
433183
433184
433185
433186
433187
433665
433668
433669
433670
433671
433672
433673
433674
433675
433676
433677
433678
433679
433680
433681
433682
433683
433684
433685
433686
433687
433688
433689
433690
433691
433692
433693
433694
433695
433696
433697
433698
434168
434169
434170
434171
434172
434173
434174
434175
434176
434177
434178
434179
434180
434181
434182
434183
434184
434185
434186
434187
434188
434189
434190
434191
434192
434193
434194
434195
434196
434197
434198
434199
434200
434669
434670
434671
434672
434673
434674
434675
434676
434677
434678
434679
434680
434681
434682
434683
434684
434685
434686
434687
434688
434689
434690
434691
434692
434693
434694
435164
435165
435166
435167
435168
435169
435170
435171
435172
435173
435174
435175
435176
435177
435178
435179
435180
435181
435182
435183
435184
435660
435661
435662
435663
435664
435665
435666
435667
435668
435669
435670
435671
435672
435673
435674
435675
435676
435677
435678
435679
435680
436135
436136
436137
436138
436139
436140
436141
436142
436143
436144
436145
436146
436147
436148
436149
436153
436154
436591
436592
436593
436594
436595
436596
436597
436598
436599
436600
436601
436602
436603
436604
436605
436606
436607
436611
436612
437027
437028
437029
437030
437031
437032
437033
437034
437035
437036
437037
437038
437039
437040
437041
437042
437043
437050
437051
437488
437489
437490
437491
437492
437493
437494
437495
437496
437497
437498
437499
437500
437501
437502
437509
437936
437937
437938
437939
437940
437941
437942
437943
437944
437945
437946
438391
438392
438393
438394
438395
438396
438397
438398
438399
438400
438401
438832
438833
438834
438835
438836
438837
438838
438839
438840
438841
438842
438843
438844
438845
438846
438847
439279
439280
439281
439282
439283
439284
439285
439286
439287
439288
439289
439290
439291
439292
439293
439695
439696
439697
439698
439699
439700
439701
439702
439703
439704
439705
439706
439707
439708
439709
440095
440096
440097
440098
440099
440100
440101
440102
440103
440104
440479
440480
440481
440482
440483
440484
440485
440486
440487
440868
440869
440870
440871
440872
440873
440874
440875
441248
441249
441250
441251
441252
441253
441254
441256
441257
441258
441632
441633
441634
441635
441636
441637
441638
441639
441984
441985
441986
441987
441988
442340
442341
442342
442343
442344
442348
442702
442703
442704
442705
442706
442707
443066
443067
443068
443069
443070
443071
443072
443433
443434
443435
443436
443437
443438
443439
443806
443807
443808
443809
443810
443811
444176
444177
444178
444179
444180
444550
444551
444552
444909
444910
444911
445281
445282
445283
445284
445655
445656
445657
446019
446020
446021
446022
446023
446024
446391