32238
32239
32240
32241
32242
32244
32245
32765
32766
32767
32768
32769
32770
32771
32772
33260
33262
33263
33264
33265
33266
33267
33268
33269
33270
33771
33773
33774
33775
33776
34282
34283
34803
34804
34810
34811
35325
35326
35332
35333
35335
35336
35834
35835
35842
35845
36334
36335
36339
36340
36341
36342
36343
36344
36350
36817
36818
36819
36820
36821
36822
36823
36824
36829
36830
37290
37292
37293
37294
37295
37296
37297
37300
37301
37302
37766
37767
37768
37769
37770
37771
37772
37773
37774
37775
37776
37777
37778
37779
37780
37781
38249
38250
38251
38252
38253
38254
38255
38256
38257
38258
38259
38260
38261
38262
38263
38264
38265
38266
38761
38762
38763
38764
38765
38766
38767
38768
38769
38770
38771
38772
38773
38774
38775
38776
38777
38778
38779
38780
39284
39285
39286
39287
39288
39289
39290
39291
39292
39293
39294
39295
39296
39297
39298
39300
39301
39302
39303
39304
39817
39818
39819
39820
39821
39822
39823
39824
39825
39826
39827
39828
39829
39830
39832
39833
39834
39835
39836
39837
39838
40346
40347
40348
40349
40350
40351
40352
40353
40354
40355
40356
40357
40358
40359
40360
40361
40362
40363
40364
40872
40877
40878
40879
40880
40881
40882
40883
40884
40885
40889
40890
40891
40892
40893
40894
40895
41415
41416
41417
41418
41419
41420
41421
41422
41423
41424
41426
41427
41431
41432
41433
41434
41435
41436
41983
41984
41985
41986
41987
41988
41989
41990
41991
41992
41993
41994
41995
41996
41999
42000
42001
42002
42003
42004
42005
42006
42007
42565
42566
42567
42568
42569
42570
42572
42573
42574
42575
42576
42577
42578
42579
42582
42583
42584
42585
42586
42587
42588
42589
42590
42591
43140
43141
43145
43148
43149
43150
43151
43152
43153
43154
43155
43156
43157
43158
43159
43160
43161
43162
43691
43692
43693
43694
43695
43696
43697
43698
43699
43700
43701
43702
43703
43704
43705
43706
43707
43708
43709
43710
43711
43717
43718
43720
43721
44242
44243
44244
44245
44246
44247
44248
44249
44250
44251
44252
44253
44254
44255
44256
44264
44265
44266
44267
44268
44269
44270
44271
44272
44775
44776
44777
44778
44779
44780
44781
44782
44783
44784
44785
44786
44790
44791
44792
44793
44798
44799
44800
44801
44802
44803
44804
44805
45300
45301
45302
45303
45304
45305
45306
45307
45308
45309
45310
45311
45312
45313
45314
45315
45316
45317
45318
45319
45320
45321
45322
45325
45326
45327
45328
45329
45330
45331
45332
45333
45818
45819
45820
45821
45822
45823
45824
45825
45826
45827
45828
45829
45830
45831
45832
45833
45834
45835
45836
45842
45843
45844
45845
45846
45847
45848
45849
46323
46324
46325
46326
46327
46328
46329
46330
46331
46332
46333
46334
46335
46336
46337
46338
46339
46340
46341
46342
46347
46348
46349
46350
46351
46352
46353
46354
46355
46801
46802
46803
46804
46805
46806
46807
46808
46809
46810
46811
46812
46813
46814
46815
46816
46817
46818
46819
46820
46821
46826
46827
46828
46829
46830
46831
46832
46833
46834
46835
47274
47275
47276
47277
47278
47279
47280
47281
47282
47283
47284
47285
47286
47287
47288
47289
47290
47291
47292
47293
47298
47299
47300
47301
47302
47303
47304
47305
47720
47721
47722
47723
47724
47725
47726
47727
47728
47729
47730
47731
47732
47733
47734
47735
47741
47742
47744
47745
47746
47747
48174
48175
48176
48177
48178
48179
48180
48181
48182
48183
48184
48185
48186
48187
48188
48189
48190
48191
48192
48193
48194
48195
48196
48197
48198
48199
48200
48201
48202
48648
48649
48650
48651
48652
48653
48654
48655
48656
48657
48658
48659
48660
48661
48662
48663
48664
48665
48666
48667
48668
48669
48670
48671
48672
48673
48674
49115
49116
49117
49118
49119
49120
49121
49122
49123
49124
49125
49126
49127
49128
49129
49130
49131
49132
49133
49134
49135
49587
49588
49589
49590
49591
49592
49593
49594
49595
49596
49597
49598
49599
49600
49601
49602
49603
49604
49605
49606
49607
49608
49609
49610
49611
49612
49613
50070
50071
50072
50073
50074
50075
50076
50079
50080
50081
50082
50083
50084
50085
50086
50087
50088
50089
50090
50091
50092
50093
50094
50095
50096
50097
50098
50099
50100
50101
50537
50538
50539
50540
50541
50542
50543
50544
50545
50546
50547
50548
50549
50550
50551
50552
50553
50554
50555
50556
50557
50558
50559
50560
50561
50562
50563
50564
50565
50566
50567
50568
50569
51010
51011
51012
51013
51014
51015
51016
51017
51018
51019
51020
51021
51022
51023
51024
51025
51026
51027
51028
51029
51030
51031
51032
51033
51034
51035
51036
51037
51038
51039
51472
51473
51474
51476
51477
51478
51479
51480
51481
51482
51483
51484
51485
51486
51487
51488
51489
51490
51491
51492
51493
51494
51495
51496
51497
51498
51499
51500
51501
51502
51503
51504
51937
51938
51942
51943
51944
51945
51946
51948
51950
51951
51952
51953
51954
51955
51956
51957
51958
51959
51960
51961
51962
51963
51964
51965
52403
52404
52407
52408
52409
52415
52416
52417
52418
52419
52420
52421
52422
52423
52424
52425
52426
52427
52428
52429
52430
52431
52432
52868
52869
52876
52884
52885
52886
52887
52888
52889
52890
52891
52892
52893
52894
52895
52896
53319
53320
53321
53335
53336
53337
53338
53339
53340
53347
53348
53349
53350
53351
53792
53793
53794
53795
53796
53801
53802
53803
53804
53805
54256
54258
54259
54260
54261
54262
54263
54264
54267
54268
54269
54270
54271
54272
54273
54274
54275
54276
54277
54278
54733
54734
54735
54736
54737
54738
54739
54740
54743
54744
54748
54749
54750
54751
54752
54753
54754
55203
55204
55205
55206
55207
55208
55209
55210
55211
55212
55213
55214
55215
55224
55225
55701
55702
55703
55704
55705
55706
55707
55709
55710
56184
56185
56186
56187
56188
56189
56190
56192
56193
56687
56688
56689
56690
56691
56692
56693
56694
56696
57198
57199
57200
57201
57202
57203
57204
57205
57209
57210
57211
57759
57760
57761
57762
57763
57764
57765
57766
57767
57768
57769
57770
57771
58301
58302
58303
58304
58305
58306
58309
58310
58311
58312
58313
58314
58315
58856
58857
58858
58859
58860
58861
58862
58863
58864
58865
58866
58867
58868
58869
59438
59439
59440
59441
59442
59444
59445
59447
59448
59449
59450
60032
60033
60037
60038
60039
60653
60654
60655
61255
61256
61846
62428