479533
479534
479535
479536
479538
479539
479540
479846
479847
479848
479849
479850
479851
479852
479853
479854
479855
480158
480159
480160
480161
480162
480163
480165
480478
480479
480480
480481
480482
480483
480787
480788
480789
480790
480791
480792
481098
481099
481100
481101
481102
481103
481104
481105
481106
481413
481414
481415
481416
481417
481418
481419
481420
481421
481754
481755
481756
481757
481758
481759
481760
481761
481762
482096
482097
482098
482099
482100
482101
482431
482432
482433
482434
482435
482436
482437
482762
482763
482764
482765
482766
482767
482768
482769
482780
482781
482782
483113
483114
483115
483116
483117
483118
483119
483120
483133
483134
483135
483136
483138
483139
483474
483476
483477
483478
483479
483491
483492
483493
483494
483495
483828
483829
483830
483831
483832
483833
483834
483836
483837
483843
483844
483845
483846
483847
483848
484162
484163
484164
484165
484166
484167
484168
484169
484170
484171
484172
484173
484174
484180
484181
484182
484183
484184
484490
484491
484492
484493
484494
484495
484496
484497
484498
484499
484500
484501
484502
484509
484510
484511
484512
484513
484816
484817
484818
484819
484820
484821
484822
484823
484824
484825
484826
484827
484828
484829
484830
484831
484833
484834
484835
484836
484837
484838
484839
484840
484841
485145
485146
485147
485148
485149
485150
485151
485152
485153
485154
485155
485156
485158
485159
485160
485161
485162
485163
485164
485165
485166
485167
485168
485169
485490
485491
485492
485493
485494
485495
485496
485497
485498
485499
485500
485501
485502
485503
485504
485505
485506
485507
485508
485509
485510
485511
485512
485513
485828
485829
485830
485831
485832
485833
485834
485835
485836
485837
485838
485839
485840
485841
486140
486141
486142
486143
486144
486145
486146
486147
486148
486149
486150
486151
486152
486456
486457
486458
486459
486460
486461
486462
486463
486464
486465
486466
486467
486468
486469
486788
486789
486790
486791
486792
486793
486794
486795
486796
486797
486798
486799
486800
486805
486806
486807
486808
486809
487155
487156
487157
487158
487159
487160
487161
487162
487163
487164
487165
487166
487167
487168
487169
487170
487171
487172
487173
487174
487175
487517
487518
487519
487520
487521
487522
487523
487524
487525
487526
487527
487528
487529
487530
487531
487532
487533
487534
487535
487536
487537
487538
487539
487540
487541
487542
487543
487904
487905
487906
487907
487908
487909
487910
487911
487912
487913
487914
487915
487916
487917
487918
487919
487920
487921
487922
487923
487924
487925
487926
487927
488281
488282
488283
488284
488285
488286
488287
488288
488289
488290
488291
488292
488293
488294
488295
488296
488297
488298
488299
488300
488301
488302
488303
488304
488305
488306
488307
488308
488309
488685
488686
488687
488688
488689
488690
488691
488692
488693
488694
488695
488696
488697
488698
488699
488700
488701
488702
488703
488704
488705
488706
488707
488708
488709
488710
488711
488712
489081
489082
489083
489084
489085
489086
489087
489088
489089
489090
489091
489092
489093
489094
489095
489096
489097
489098
489099
489100
489101
489102
489103
489104
489105
489106
489107
489501
489502
489503
489504
489505
489506
489507
489508
489509
489510
489511
489512
489513
489514
489515
489516
489517
489518
489519
489520
489521
489522
489523
489524
489525
489526
489527
489528
489529
489530
489531
489930
489931
489932
489933
489934
489935
489936
489937
489938
489939
489940
489941
489942
489943
489944
489945
489946
489947
489948
489949
489950
489951
489952
489953
489954
489955
489956
489957
490343
490344
490345
490346
490347
490348
490349
490350
490351
490352
490353
490354
490355
490356
490357
490358
490359
490360
490361
490362
490363
490364
490365
490366
490367
490368
490369
490370
490371
490372
490373
490748
490749
490750
490751
490752
490753
490754
490755
490756
490757
490758
490759
490760
490761
490762
490763
490764
490765
490766
490767
490768
490769
490770
490771
490772
490773
490774
491141
491142
491143
491144
491145
491146
491147
491148
491149
491150
491151
491152
491153
491154
491155
491156
491157
491158
491159
491160
491161
491162
491163
491164
491165
491166
491167
491168
491169
491170
491550
491551
491552
491553
491554
491555
491556
491557
491558
491559
491560
491561
491562
491563
491564
491565
491566
491567
491568
491569
491570
491571
491572
491573
491574
491575
491576
491577
491578
491579
491580
491581
491582
491583
491584
491965
491966
491967
491968
491969
491970
491971
491972
491973
491974
491975
491976
491977
491978
491979
491980
491981
491982
491983
491984
491985
491986
491987
491988
491989
491990
491991
491992
491993
491994
491995
491996
491997
491998
491999
492000
492001
492002
492003
492004
492384
492385
492386
492387
492388
492389
492390
492391
492392
492393
492394
492395
492396
492397
492398
492399
492400
492401
492402
492403
492404
492405
492406
492407
492408
492409
492410
492411
492412
492413
492414
492415
492416
492417
492418
492419
492420
492421
492422
492423
492424
492425
492809
492810
492811
492812
492813
492814
492815
492816
492817
492818
492819
492820
492821
492822
492823
492824
492825
492826
492827
492828
492829
492830
492831
492832
492833
492834
492835
492836
492837
492838
492839
492840
492841
492842
492843
492844
492845
492846
493251
493252
493253
493254
493255
493256
493257
493258
493259
493260
493261
493262
493263
493264
493265
493266
493267
493268
493269
493270
493271
493272
493273
493274
493275
493276
493277
493278
493279
493280
493281
493681
493682
493683
493684
493685
493686
493687
493688
493689
493690
493691
493692
493693
493694
493695
493696
493697
493698
493699
493700
493701
493702
493703
493704
493705
493706
493707
493708
494114
494115
494116
494117
494118
494119
494120
494121
494122
494123
494124
494125
494126
494127
494128
494129
494130
494131
494132
494133
494134
494135
494136
494137
494138
494139
494140
494567
494568
494569
494570
494571
494572
494573
494574
494575
494576
494577
494578
494579
494580
494581
494582
494583
494584
494585
494586
494587
494588
494589
494590
495020
495021
495022
495023
495024
495025
495026
495027
495028
495029
495030
495031
495032
495033
495034
495035
495036
495037
495038
495039
495040
495041
495042
495043
495468
495469
495470
495471
495472
495473
495474
495475
495476
495477
495478
495479
495480
495481
495483
495484
495485
495486
495487
495488
495489
495490
495491
495492
495929
495930
495931
495932
495934
495935
495936
495937
495938
495939
495940
495941
495942
495943
495944
495945
495946
495947
495948
496371
496372
496373
496374
496375
496376
496377
496378
496379
496380
496381
496382
496383
496386
496387
496388
496826
496827
496828
496829
496830
496831
496832
496833
496834
496835
496840
496841
497311
497312
497313
497314
497315
497317
497318
497319
497320
497324
497798
497799
497800
497802
497803
497804
497805
497806
497807
497808
497809
498290
498291
498292
498293
498294
498296
498297
498298
498299
498300
498801
498802
498803
498806
498807
498808
498809
498810
499326
499327
499853
500390