274867
275493
275494
275495
276114
276115
276116
276119
276120
276125
276126
276127
276128
276129
276130
276131
276748
276749
276750
276751
276752
276753
276754
276758
276759
276760
276763
276764
277361
277362
277363
277364
277365
277366
277368
277370
277371
277373
277374
277375
277376
277377
277378
277379
277380
277979
277980
277981
277982
277983
277984
277985
277986
277988
277989
277990
277992
277993
277994
277995
277996
277997
278001
278002
278003
278586
278587
278588
278589
278590
278591
278592
278593
278594
278595
278596
278597
278598
278599
278602
278603
278604
278605
278606
278608
278609
278610
278611
278612
278613
278614
278615
278616
278617
278618
279185
279186
279187
279188
279189
279190
279191
279192
279193
279194
279195
279196
279197
279198
279199
279203
279206
279207
279209
279210
279211
279212
279213
279214
279215
279216
279217
279218
279219
279220
279796
279797
279798
279799
279800
279801
279802
279803
279804
279805
279806
279809
279810
279811
279812
279813
279814
279815
279816
279817
279818
279819
279820
279821
279822
279823
279824
279825
279826
279827
280397
280398
280399
280400
280401
280402
280403
280404
280405
280406
280407
280408
280409
280410
280411
280412
280413
280414
280415
280416
280417
280418
280419
280420
280421
280422
280423
280424
280425
280992
280993
280994
280995
280996
280997
280998
280999
281000
281001
281002
281003
281004
281005
281006
281007
281008
281009
281010
281011
281012
281013
281560
281561
281562
281592
281593
281594
281595
281596
281597
281598
281599
281600
281601
281602
281603
281604
281605
281606
281607
281608
281609
281610
281611
282160
282161
282162
282163
282164
282189
282190
282191
282193
282195
282196
282197
282198
282200
282201
282202
282203
282204
282205
282206
282207
282208
282209
282210
282722
282723
282724
282725
282742
282743
282744
282745
282746
282771
282772
282773
282775
282776
282777
282778
282779
282780
282781
282785
282786
282787
282788
282789
282790
282791
282792
283338
283339
283340
283352
283353
283354
283355
283356
283357
283358
283363
283365
283366
283382
283383
283384
283388
283389
283398
283399
283400
283401
283402
283403
283404
283405
283943
283957
283958
283959
283960
283961
283966
283967
283968
283969
283970
283971
283983
283984
283989
283999
284000
284001
284002
284003
284004
284005
284006
284007
284558
284571
284572
284573
284577
284578
284579
284580
284581
284582
284583
284584
284585
284586
284590
284597
284598
284611
284612
284613
284614
284615
284616
284617
284618
285157
285171
285172
285173
285174
285175
285176
285177
285178
285182
285183
285184
285185
285186
285187
285188
285189
285190
285191
285192
285193
285198
285199
285200
285214
285215
285216
285217
285218
285219
285220
285221
285729
285730
285731
285746
285747
285748
285749
285750
285751
285752
285753
285756
285757
285758
285759
285760
285761
285762
285763
285764
285765
285766
285767
285774
285775
285776
285777
285778
285786
285787
285788
285789
285790
285791
285792
285793
286265
286266
286267
286268
286279
286280
286281
286282
286283
286284
286285
286286
286287
286288
286289
286290
286291
286292
286293
286294
286295
286296
286297
286298
286299
286300
286301
286302
286303
286304
286305
286309
286310
286311
286312
286319
286320
286321
286322
286323
286793
286794
286801
286802
286803
286804
286805
286806
286807
286808
286809
286810
286811
286812
286813
286814
286815
286816
286817
286818
286819
286820
286821
286822
286823
286824
286825
286826
286827
286828
286829
286830
286831
286834
286835
286836
286837
286846
286847
286848
287315
287316
287317
287318
287323
287324
287325
287326
287327
287328
287329
287330
287331
287332
287333
287334
287335
287336
287337
287338
287339
287340
287341
287342
287343
287344
287345
287346
287347
287348
287349
287350
287351
287352
287355
287356
287357
287358
287359
287361
287369
287370
287371
287823
287824
287825
287829
287830
287831
287832
287833
287834
287835
287836
287837
287838
287839
287842
287843
287844
287845
287846
287847
287848
287849
287850
287851
287852
287853
287854
287855
287856
287857
287858
287859
287867
287868
287869
287871
288351
288352
288354
288355
288357
288358
288359
288360
288361
288362
288363
288364
288365
288366
288368
288369
288370
288371
288372
288373
288374
288375
288376
288379
288380
288381
288382
288383
288384
288385
288386
288387
288388
288390
288393
288394
288395
288396
288397
288398
288875
288876
288877
288878
288879
288880
288881
288882
288883
288884
288885
288886
288887
288888
288889
288890
288896
288897
288898
288899
288900
288901
288902
288903
288904
288905
288906
288907
288910
288911
288912
288913
288914
288915
288916
288917
288918
288919
288920
288921
288922
288923
289367
289368
289369
289370
289371
289372
289373
289375
289376
289379
289380
289381
289382
289383
289384
289390
289391
289392
289393
289394
289395
289396
289397
289398
289399
289400
289401
289402
289404
289406
289407
289408
289409
289410
289411
289866
289867
289868
289869
289870
289872
289873
289882
289883
289884
289885
289886
289887
289888
289889
289894
289895
289896
289897
289898
289899
289900
289901
289902
289903
289904
289905
289906
289907
289908
289909
289910
289911
289912
289913
289914
290358
290359
290360
290361
290362
290363
290372
290373
290374
290375
290376
290377
290378
290385
290386
290387
290388
290389
290390
290391
290392
290393
290394
290395
290396
290397
290398
290399
290400
290402
290403
290404
290850
290851
290852
290853
290854
290855
290856
290857
290864
290865
290866
290867
290868
290869
290870
290872
290876
290877
290878
290879
290880
290881
290882
290883
290884
290885
290886
290887
290888
290889
290890
290891
290894
290895
291307
291308
291309
291310
291311
291312
291313
291314
291321
291322
291323
291324
291326
291327
291329
291330
291331
291332
291333
291334
291335
291336
291337
291338
291339
291340
291341
291342
291343
291345
291346
291774
291775
291776
291777
291778
291779
291780
291781
291789
291790
291791
291792
291793
291794
291795
291796
291797
291798
291799
291800
291801
291802
291803
291804
291805
291806
291807
291808
291809
291810
291811
291812
291813
292263
292264
292265
292266
292267
292269
292282
292283
292284
292285
292286
292287
292288
292289
292290
292291
292292
292293
292294
292295
292296
292297
292298
292299
292300
292301
292302
292303
292304
292761
292762
292763
292764
292765
292780
292781
292782
292783
292784
292785
292786
292787
292788
292789
292790
292791
292792
292793
292794
292795
292796
292797
292798
293268
293269
293270
293271
293272
293273
293288
293289
293290
293291
293292
293293
293294
293295
293296
293297
293298
293299
293300
293301
293302
293303
293304
293305
293306
293772
293773
293774
293775
293776
293777
293791
293792
293793
293794
293795
293796
293797
293798
293799
293800
293801
293802
293803
293804
293805
294268
294269
294270
294288
294289
294290
294291
294292
294293
294294
294295
294296
294297
294298
294299
294761
294762
294780
294782
294783
294784
294785
295272
295273
295274
295275
295276
295765
295766
295767
295768
295769
296229
296230
296718
296719