417310
417311
417312
417783
417784
417785
418249
418253
418254
418255
418256
418257
418258
418259
418742
418747
418748
418749
418750
418751
418752
418753
418754
418755
419251
419252
419255
419256
419258
419259
419260
419262
419263
419264
419728
419731
419732
419733
419734
419735
419736
419737
419738
419739
419740
419741
419742
420225
420226
420227
420230
420231
420232
420233
420234
420237
420238
420239
420240
420241
420242
420712
420713
420714
420715
420716
420717
420718
420719
420720
420721
420724
420725
420726
420727
420728
420731
420732
420733
420734
420735
420762
420763
420764
420766
421200
421201
421202
421203
421204
421205
421206
421207
421209
421210
421211
421212
421215
421216
421217
421218
421219
421237
421238
421239
421240
421241
421242
421243
421665
421666
421667
421668
421669
421670
421673
421674
421675
421676
421677
421678
421679
421680
421685
421686
421706
421707
421708
421709
421710
421711
422132
422133
422134
422135
422136
422138
422139
422140
422141
422142
422143
422144
422145
422146
422147
422177
422178
422180
422181
422182
422583
422584
422585
422586
422587
422588
422589
422590
422591
422592
422593
422594
422595
422596
422597
422598
422599
422600
422624
422625
422626
422629
422630
422631
422632
422633
423055
423056
423057
423058
423059
423060
423061
423062
423063
423064
423065
423066
423067
423068
423069
423070
423071
423072
423073
423074
423075
423076
423078
423079
423100
423101
423102
423105
423529
423530
423531
423532
423533
423534
423535
423536
423537
423538
423539
423540
423541
423542
423543
423544
423545
423546
423547
423548
423550
423551
423552
423553
423554
423555
423574
423575
423576
423577
423578
423579
423580
423581
423582
423997
423998
423999
424000
424001
424002
424003
424004
424005
424006
424008
424009
424010
424011
424012
424013
424014
424015
424016
424017
424018
424019
424020
424021
424022
424023
424025
424026
424027
424028
424029
424046
424047
424048
424049
424050
424051
424052
424053
424054
424055
424479
424480
424481
424482
424483
424484
424485
424486
424487
424488
424489
424490
424491
424492
424493
424494
424495
424496
424497
424498
424499
424500
424501
424502
424503
424507
424508
424509
424510
424529
424530
424531
424532
424533
424534
424535
424536
424537
424955
424956
424957
424958
424959
424960
424961
424962
424963
424964
424965
424966
424967
424968
424969
424970
424971
424972
424973
424974
424975
424976
424977
424978
424979
424980
424981
424984
424985
425003
425004
425005
425006
425007
425008
425009
425010
425437
425438
425439
425440
425441
425442
425443
425444
425445
425446
425447
425448
425449
425450
425451
425452
425453
425454
425456
425457
425458
425459
425460
425461
425462
425463
425464
425465
425466
425467
425469
425470
425471
425486
425487
425488
425489
425490
425491
425492
425918
425919
425920
425921
425922
425923
425924
425925
425926
425927
425928
425929
425931
425932
425933
425934
425935
425936
425937
425938
425939
425940
425941
425942
425943
425945
425946
425948
425949
425966
425967
425968
425969
425970
425971
426419
426420
426421
426422
426423
426424
426425
426426
426427
426428
426429
426430
426431
426433
426434
426435
426436
426437
426438
426439
426440
426441
426445
426446
426447
426463
426464
426465
426466
426467
426468
426469
426470
426946
426947
426948
426949
426950
426951
426952
426953
426956
426957
426960
426961
426967
426968
426969
426970
426971
426972
426973
426974
426975
426992
426993
426994
426995
426996
426997
426998
426999
427000
427001
427002
427003
427485
427486
427487
427488
427489
427490
427491
427492
427493
427504
427505
427506
427507
427508
427509
427510
427511
427512
427513
427521
427522
427523
427526
427527
427528
427529
427530
427531
427532
427533
427534
428006
428007
428008
428009
428010
428011
428012
428022
428023
428024
428025
428026
428027
428028
428036
428037
428038
428039
428040
428041
428042
428043
428044
428045
428046
428047
428048
428525
428526
428527
428528
428529
428530
428531
428542
428543
428544
428545
428546
428547
428548
428549
428550
428551
428561
428562
428563
428564
428565
428566
428567
428568
428569
428570
428571
429037
429038
429039
429040
429041
429061
429062
429063
429064
429065
429066
429067
429068
429069
429070
429082
429083
429084
429085
429086
429087
429088
429089
429090
429091
429092
429573
429574
429596
429597
429598
429599
429600
429601
429602
429603
429604
429605
429606
429607
429608
429609
429617
429618
429619
429620
429621
429622
429623
429624
429625
429626
429627
430135
430136
430137
430159
430160
430161
430162
430163
430164
430165
430167
430168
430169
430170
430171
430176
430177
430178
430179
430180
430181
430182
430657
430658
430660
430661
430662
430663
430664
430681
430682
430683
430684
430685
430686
430687
430688
430689
430690
430691
430692
430693
430694
430696
430700
430701
430702
430703
430704
431191
431192
431193
431194
431195
431196
431197
431198
431217
431218
431219
431220
431221
431222
431223
431224
431225
431228
431230
431231
431234
431235
431236
431237
431238
431239
431712
431713
431714
431715
431716
431717
431718
431719
431720
431721
431739
431740
431741
431742
431743
431746
431747
431748
431749
431750
431752
431753
431754
431755
431756
432204
432205
432206
432207
432208
432209
432210
432211
432212
432213
432214
432215
432216
432217
432218
432242
432243
432247
432248
432249
432250
432251
432252
432253
432254
432255
432256
432257
432258
432259
432724
432725
432726
432727
432728
432729
432730
432731
432732
432733
432734
432735
432736
432737
432738
432739
432740
432767
432768
432771
432772
432773
432774
432775
432776
432777
432778
432779
432780
432781
432782
432783
433250
433251
433252
433253
433254
433255
433256
433257
433258
433261
433262
433263
433264
433265
433266
433267
433268
433293
433294
433295
433296
433297
433298
433299
433300
433301
433302
433303
433304
433762
433763
433764
433765
433766
433767
433771
433772
433773
433774
433775
433776
433808
433809
433810
433811
433814
433815
434265
434266
434267
434268
434269
434270
434271
434272
434273
434301
434302
434303
434304
434755
434756
434757
434758
434759
434760
434761
434762
434763
434764
434765
434791
434792
434793
434794
434795
434796
435256
435257
435258
435259
435260
435261
435262
435263
435264
435265
435266
435267
435268
435269
435300
435301
435302
435303
435304
435742
435743
435744
435745
435746
435747
435748
435749
435750
435751
435752
435753
435786
435787
435788
435789
436212
436213
436214
436215
436216
436217
436218
436219
436220
436221
436248
436250
436251
436252
436253
436254
436668
436669
436670
436671
436672
436673
436674
436675
436676
436701
436702
436703
436704
436705
436706
437098
437099
437100
437101
437104
437136
437137
437138
437139
437561
437562
437563
437564
437565
437566
437599
437600
437601
437602
438006
438007
438008
438009
438010
438011
438012
438013
438014
438015
438048
438049
438050
438051
438459
438460
438461
438464
438465
438466
438467
438468
438502
438503
438504
438505
438905
438906
438907
438941
438942
438943
439341
439342
439381
439382
439750
439751
439794
439795