430660
430661
430662
430663
431195
431196
431197
431198
431718
431719
431720
432214
432215
432216
432735
432736
432737
432750
433260
433261
433262
433263
433273
433274
433277
433765
433766
433767
433769
433770
433771
433772
433777
433778
433779
433780
433781
433782
433783
433784
433785
433786
433787
433788
434268
434269
434270
434271
434272
434274
434275
434276
434277
434278
434279
434280
434281
434282
434283
434759
434760
434761
434762
434763
434765
434766
434768
434769
434770
434771
434772
434773
434774
434775
434776
435264
435267
435268
435269
435270
435271
435272
435273
435274
435275
435276
435277
435278
435279
435287
435288
435289
435748
435749
435750
435751
435752
435753
435754
435755
435756
435757
435758
435759
435760
435761
435762
435763
435771
435772
436217
436218
436219
436220
436221
436222
436223
436224
436225
436226
436227
436228
436229
436233
436234
436235
436236
436674
436675
436676
436677
436678
436679
436680
436681
436688
436689
436690
436691
436692
436693
437103
437104
437105
437106
437107
437108
437109
437110
437111
437112
437113
437114
437115
437116
437119
437120
437121
437122
437123
437124
437125
437569
437570
437571
437572
437573
437574
437575
437576
437577
437578
437579
437580
437581
437585
437586
437587
437588
437589
438016
438017
438018
438019
438020
438021
438022
438023
438024
438025
438026
438027
438028
438033
438034
438035
438036
438037
438038
438039
438040
438462
438463
438470
438471
438472
438473
438474
438475
438476
438477
438478
438479
438480
438481
438482
438486
438487
438488
438489
438490
438491
438492
438493
438494
438908
438909
438910
438911
438912
438913
438914
438915
438916
438917
438918
438919
438920
438921
438922
438923
438924
438925
438926
438927
438928
438929
438930
438931
438932
438933
439343
439344
439345
439346
439347
439348
439349
439350
439351
439352
439353
439354
439355
439356
439357
439358
439359
439360
439361
439362
439363
439364
439365
439366
439367
439368
439369
439370
439371
439372
439373
439374
439752
439753
439754
439755
439756
439757
439758
439759
439760
439761
439762
439763
439764
439765
439766
439767
439768
439769
439770
439771
439772
439773
439774
439775
439776
439777
439778
439779
439780
439781
439782
439783
439784
439785
439786
439787
440143
440144
440145
440146
440147
440148
440149
440150
440151
440152
440153
440154
440155
440156
440157
440158
440159
440160
440161
440162
440163
440164
440165
440166
440167
440168
440169
440170
440171
440172
440173
440174
440175
440528
440529
440530
440531
440532
440533
440534
440535
440536
440537
440538
440539
440540
440541
440542
440543
440544
440545
440546
440547
440548
440549
440550
440551
440552
440553
440554
440555
440556
440557
440558
440559
440560
440562
440912
440913
440914
440915
440916
440917
440918
440919
440920
440921
440922
440923
440924
440925
440926
440927
440928
440929
440930
440931
440932
440933
440934
440935
440936
440937
440938
440939
440940
440941
440942
440943
440944
440946
440948
441306
441307
441308
441309
441310
441311
441312
441313
441314
441315
441316
441317
441318
441319
441320
441321
441322
441323
441324
441325
441326
441327
441328
441329
441330
441331
441332
441333
441334
441335
441336
441338
441339
441340
441686
441687
441688
441689
441690
441691
441692
441693
441694
441695
441696
441697
441698
441699
441700
441701
441702
441703
441704
441705
441706
441707
441708
441709
441710
441711
441712
441713
441714
442040
442041
442042
442043
442044
442045
442046
442048
442049
442050
442051
442052
442053
442054
442055
442056
442057
442058
442059
442060
442061
442062
442404
442405
442406
442407
442408
442409
442410
442411
442413
442414
442415
442416
442417
442418
442419
442420
442421
442422
442423
442424
442425
442426
442760
442761
442762
442763
442764
442765
442766
442767
442768
442769
442770
442771
442772
442773
442774
442775
442776
442777
442778
442779
442780
442781
442782
442783
442784
442785
442786
442787
443133
443134
443135
443136
443137
443138
443139
443140
443141
443142
443143
443144
443145
443146
443147
443148
443149
443150
443151
443152
443153
443154
443155
443156
443157
443159
443160
443495
443496
443497
443498
443499
443500
443501
443502
443503
443504
443505
443506
443507
443508
443509
443510
443511
443512
443513
443514
443515
443516
443517
443518
443519
443520
443521
443872
443873
443874
443875
443876
443877
443878
443879
443880
443881
443882
443883
443884
443885
443886
443887
443888
443889
443890
443891
443892
443893
443894
443895
443896
443897
444238
444239
444240
444241
444242
444243
444244
444245
444246
444247
444248
444249
444250
444251
444252
444253
444254
444255
444256
444257
444258
444259
444260
444261
444262
444263
444264
444604
444605
444606
444607
444608
444609
444610
444611
444612
444613
444614
444615
444616
444617
444618
444619
444620
444621
444622
444623
444624
444625
444626
444627
444628
444629
444630
444953
444954
444955
444956
444959
444960
444961
444962
444963
444964
444965
444966
444967
444968
444969
444970
444971
444972
444973
444974
444975
444976
444977
444978
444979
444980
444981
444982
444983
444984
444985
444986
444987
444988
445326
445327
445328
445329
445330
445331
445332
445333
445334
445335
445336
445337
445338
445339
445340
445341
445342
445343
445344
445345
445346
445347
445348
445349
445350
445351
445352
445353
445354
445355
445698
445699
445700
445701
445702
445703
445704
445705
445706
445707
445708
445709
445710
445711
445712
445713
445714
445715
445716
445717
445718
445721
445722
446064
446065
446066
446067
446068
446069
446070
446071
446072
446073
446074
446075
446076
446077
446078
446079
446080
446081
446082
446083
446084
446085
446086
446087
446090
446091
446430
446431
446432
446433
446434
446435
446436
446437
446438
446439
446440
446441
446442
446443
446444
446445
446446
446448
446449
446450
446451
446452
446453
446454
446455
446456
446457
446458
446460
446461
446772
446773
446774
446775
446776
446777
446778
446779
446780
446781
446782
446783
446784
446785
446786
446787
446788
446791
446792
446793
446795
446796
446799
446800
447078
447088
447091
447092
447093
447094
447095
447096
447097
447098
447099
447100
447101
447102
447103
447108
447109
447110
447112
447113
447114
447115
447116
447117
447118
447390
447391
447392
447393
447394
447395
447398
447399
447400
447401
447402
447403
447404
447405
447406
447407
447408
447409
447410
447411
447412
447417
447419
447420
447421
447422
447423
447424
447425
447701
447702
447703
447704
447705
447706
447707
447708
447709
447710
447711
447712
447713
447714
447715
447716
447717
447722
447723
447724
447725
447726
447727
447728
448026
448027
448028
448029
448030
448031
448032
448033
448034
448035
448036
448037
448038
448039
448040
448041
448044
448045
448046
448047
448055
448056
448057
448353
448354
448355
448356
448357
448358
448359
448360
448361
448362
448363
448364
448365
448366
448368
448369
448370
448371
448678
448679
448680
448681
448682
448683
448684
448685
448686
448688
448691
448692
449005
449006
449007
449008
449009
449010
449011
449334
449335
449337
449338
449339