203959
203960
204511
204512
204513
204514
204515
204516
204517
204518
205056
205057
205058
205059
205060
205061
205062
205063
205064
205065
205066
205067
205607
205608
205609
205610
205611
205612
205613
205614
205615
205616
205617
205618
205619
205620
205621
206158
206159
206160
206161
206162
206163
206164
206165
206166
206167
206168
206169
206170
206171
206172
206724
206725
206726
206727
206728
206729
206730
206731
206732
206733
206734
206735
207268
207269
207270
207271
207273
207274
207275
207276
207801
207802
207803
207804
207805
207808
207809
207810
207811
208307
208308
208309
208313
208314
208315
208316
208317
208320
208321
208322
208817
208818
208819
208820
208824
208825
208826
208827
208828
208829
208830
208831
208832
208835
208836
209310
209311
209312
209313
209316
209317
209318
209319
209320
209321
209322
209323
209324
209325
209326
209327
209328
209796
209797
209798
209799
209800
209801
209802
209803
209804
209805
209806
209807
209808
209809
209810
209811
209812
209813
209814
209815
209816
209817
209818
209819
209820
210284
210285
210286
210287
210288
210289
210290
210291
210292
210293
210294
210295
210296
210297
210298
210299
210300
210301
210302
210303
210304
210305
210306
210307
210308
210781
210782
210783
210784
210785
210786
210787
210788
210789
210790
210791
210792
210793
210794
210795
210796
210797
210798
210799
210800
210801
210802
211319
211320
211321
211322
211323
211324
211325
211326
211327
211328
211329
211330
211331
211842
211843
211844
211845
211846
211847
211848
211849
211850
211851
211852
211853
211854
211855
211856
212358
212359
212360
212361
212362
212363
212364
212365
212366
212367
212368
212369
212370
212371
212372
212373
212374
212375
212376
212377
212378
212379
212380
212865
212866
212867
212868
212869
212870
212871
212872
212873
212874
212875
212876
212877
212878
212879
212880
212881
212882
212883
212884
212885
212886
212887
212888
213386
213387
213388
213389
213390
213391
213392
213393
213394
213395
213396
213397
213398
213399
213400
213401
213402
213403
213404
213405
213406
213407
213915
213916
213917
213918
213919
213920
213921
213922
213923
213924
213925
213926
213927
213928
213929
213930
213931
213932
213933
213934
213935
214478
214480
214481
214482
214483
214484
214485
214486
214487
214488
214489
214490
214491
214492
214493
214494
214495
214496
214497
214498
214499
214500
215052
215053
215054
215055
215056
215057
215058
215059
215060
215061
215062
215063
215064
215065
215066
215067
215068
215069
215070
215071
215072
215073
215074
215610
215611
215612
215613
215614
215615
215616
215617
215618
215619
215620
215621
215622
215623
215624
215625
215626
215627
215628
215629
215630
215631
215632
215633
215634
216180
216181
216182
216183
216184
216185
216186
216187
216188
216189
216190
216191
216192
216193
216194
216195
216196
216197
216198
216199
216200
216201
216743
216744
216745
216746
216747
216748
216749
216750
216751
216752
216753
216754
216755
216756
216757
216758
216759
216760
216761
216762
216763
216764
216765
217301
217302
217309
217310
217311
217312
217313
217314
217315
217316
217317
217318
217319
217320
217321
217322
217323
217324
217325
217326
217327
217328
217329
217330
217331
217332
217333
217334
217335
217862
217863
217864
217865
217866
217867
217868
217870
217871
217872
217873
217874
217875
217876
217877
217878
217879
217880
217881
217882
217883
217884
217885
217886
217887
217888
217889
217890
217891
217892
217893
217894
217895
217896
218417
218418
218419
218420
218421
218422
218423
218424
218425
218426
218427
218428
218429
218430
218431
218432
218433
218434
218435
218436
218437
218438
218439
218440
218441
218442
218443
218444
218445
218446
218447
218448
218449
218450
218451
218972
218973
218974
218975
218976
218977
218978
218979
218980
218981
218982
218983
218984
218985
218986
218987
218988
218989
218990
218991
218992
218993
218994
218995
218996
218997
218998
218999
219000
219001
219002
219003
219004
219005
219006
219007
219485
219486
219487
219488
219489
219490
219491
219492
219493
219494
219495
219496
219497
219498
219499
219500
219501
219502
219503
219504
219505
219506
219507
219508
219509
219510
219511
219512
219513
219514
219515
219516
220021
220022
220023
220024
220025
220026
220027
220028
220029
220030
220031
220032
220033
220034
220035
220036
220037
220038
220039
220040
220041
220042
220043
220044
220045
220046
220047
220048
220049
220050
220051
220589
220590
220591
220592
220593
220594
220595
220596
220597
220598
220599
220600
220601
220602
220603
220604
220605
220606
220607
220608
220609
220610
220611
220612
220613
220614
220615
221152
221153
221154
221155
221156
221157
221158
221159
221160
221161
221162
221163
221164
221165
221166
221167
221168
221169
221170
221171
221172
221173
221174
221175
221176
221177
221178
221179
221180
221181
221182
221183
221709
221710
221711
221712
221713
221714
221715
221716
221717
221718
221719
221720
221721
221722
221723
221724
221725
221726
221727
221728
221729
221730
221731
221732
221733
221734
221735
221736
221737
221738
222239
222240
222241
222242
222243
222244
222245
222246
222247
222248
222249
222250
222251
222252
222253
222254
222255
222256
222257
222258
222259
222260
222261
222262
222263
222264
222265
222266
222267
222268
222269
222270
222762
222763
222764
222765
222766
222767
222768
222769
222770
222771
222772
222773
222774
222775
222776
222777
222778
222779
222780
222781
222782
222783
222784
222785
222786
222787
222788
222789
222790
222791
222792
222793
223280
223281
223282
223283
223284
223285
223286
223287
223288
223289
223290
223291
223292
223293
223294
223295
223296
223297
223298
223299
223300
223301
223302
223303
223304
223305
223306
223307
223308
223309
223310
223313
223314
223315
223316
223816
223817
223818
223819
223820
223821
223822
223823
223824
223825
223826
223827
223828
223829
223830
223831
223832
223833
223834
223835
223836
223837
223838
223839
223840
223841
223842
223843
223844
223846
223847
223848
223849
223850
224348
224349
224350
224351
224352
224353
224354
224355
224356
224358
224359
224360
224361
224362
224363
224364
224365
224366
224368
224369
224370
224371
224372
224373
224374
224375
224856
224857
224858
224859
224860
224862
224863
224864
224865
224866
224867
224868
224869
224870
224871
224872
224874
224875
224877
224878
224879
224880
224881
225366
225367
225368
225369
225370
225371
225372
225373
225374
225375
225376
225377
225378
225379
225380
225381
225382
225383
225384
225385
225386
225387
225388
225391
225392
225393
225880
225881
225882
225883
225884
225885
225886
225887
225888
225889
226386
226387
226388
226389
226390
226391
226392
226393
226394
226395
226396
226397
226896
226897
226898
226899
226900
226901
226902
226903
226904
226905
226906
227396
227397
227398
227399
227401
227402
227403
227404
227405
227406
227407
227408
227409
227914
227915
227916
227917
227918
227919
227920
227921
227922
227923
228444
228445
228446
228448
228449
228450
228965
228966
228967
228968
229479
229480
229481
229482
229483
230014
230015
230016
230553
230554
230555