275920
275921
276571
276572
277179
277184
277185
277794
277795
277800
277801
278405
278406
278407
278408
278410
278411
278412
278413
278414
278415
278416
278417
279002
279003
279004
279005
279006
279007
279008
279009
279010
279011
279012
279014
279015
279617
279618
279621
279622
279623
279624
279625
279626
279627
279628
279629
279630
279631
280220
280221
280222
280223
280224
280225
280226
280227
280228
280229
280230
280231
280232
280233
280234
280815
280816
280817
280818
280819
280820
280821
280822
280823
280824
280825
280826
280827
280828
280829
281402
281403
281404
281405
281406
281407
281408
281409
281410
281411
281412
281413
281414
282003
282004
282005
282006
282007
282008
282009
282010
282011
282012
282013
282014
282015
282016
282017
282018
282019
282589
282590
282591
282592
282593
282594
282595
282596
282597
282598
282599
282600
282601
282602
282603
282604
282605
282606
283185
283186
283187
283188
283189
283190
283191
283192
283193
283194
283195
283196
283197
283198
283199
283200
283201
283202
283203
283204
283205
283793
283794
283795
283796
283797
283798
283799
283800
283801
283802
283803
283804
283805
283806
283807
283808
283809
283810
283811
283812
283813
283814
284412
284413
284414
284415
284416
284417
284418
284419
284420
284421
284422
284423
284424
284425
284426
284427
284428
284429
284430
284431
285025
285026
285027
285028
285029
285030
285031
285032
285033
285034
285035
285036
285037
285038
285039
285040
285041
285042
285043
285044
285045
285605
285606
285607
285608
285609
285610
285611
285612
285613
285614
285615
285616
285617
285618
285619
285620
285621
285622
285623
285624
285625
285626
285627
286150
286151
286152
286153
286154
286155
286156
286157
286158
286159
286160
286161
286162
286163
286164
286165
286166
286167
286168
286674
286675
286676
286677
286678
286679
286680
286681
286682
286683
286684
286685
286686
286687
286688
286689
286690
287190
287191
287192
287193
287194
287195
287196
287197
287198
287199
287702
287703
287704
287705
287706
287707
287708
287709
287710
287711
287712
287713
287714
288229
288230
288231
288232
288233
288234
288235
288236
288237
288238
288239
288754
288755
288756
288757
288758
288759
288760
288761
288762
288763
288779
289242
289243
289244
289245
289246
289247
289248
289249
289250
289251
289252
289253
289254
289255
289256
289257
289264
289265
289267
289268
289269
289270
289271
289272
289273
289274
289715
289716
289717
289718
289719
289720
289721
289722
289723
289724
289725
289726
289727
289739
289740
289741
289742
289743
289744
289745
289746
289747
289748
289749
290221
290222
290223
290226
290227
290228
290238
290239
290240
290241
290242
290243
290244
290720
290721
290722
290729
290730
290731
290732
290733
290734
290735
290736
290737
290738
290739
290740
290741
291188
291189
291196
291197
291198
291199
291200
291201
291202
291203
291204
291205
291655
291656
291657
291663
291664
291665
291666
291667
291668
291669
291670
291671
292141
292142
292143
292144
292149
292150
292151
292152
292153
292154
292155
292156
292157
292158
292159
292641
292642
292650
292651
292652
292653
292654
292655
292656
292657
292658
292659
293147
293148
293149
293150
293151
293158
293159
293160
293161
293162
293163
293164
293165
293166
293167
293168
293169
293170
293649
293650
293651
293652
293653
293654
293655
293656
293657
293658
293662
293663
293664
293665
293666
293667
293668
293669
293670
293671
293672
294153
294154
294155
294156
294157
294158
294159
294160
294161
294162
294163
294166
294167
294168
294169
294170
294171
294172
294173
294174
294175
294176
294177
294178
294179
294641
294642
294643
294644
294645
294646
294647
294648
294649
294650
294651
294654
294655
294656
294657
294658
294659
294660
294661
294662
294663
294664
294665
294666
294667
295117
295118
295119
295120
295121
295122
295123
295124
295125
295126
295127
295128
295129
295130
295131
295132
295133
295134
295135
295136
295137
295138
295139
295140
295141
295604
295605
295606
295607
295608
295609
295610
295613
295614
295615
295616
295617
295618
295619
295620
295621
295622
295623
295624
295625
295626
296081
296082
296083
296084
296085
296086
296087
296088
296089
296090
296091
296092
296093
296094
296095
296096
296097
296098
296099
296100
296101
296102
296103
296104
296561
296562
296563
296564
296565
296566
296567
296568
296569
296570
296571
296572
296573
296574
296575
296576
296577
296578
296579
296580
296581
296582
297051
297052
297053
297054
297055
297056
297057
297058
297059
297060
297061
297062
297063
297064
297065
297066
297067
297068
297069
297070
297557
297558
297559
297560
297561
297562
297563
297564
297565
297566
297567
297568
297569
297570
297571
297572
297573
297574
297575
297576
298067
298068
298069
298070
298071
298072
298073
298074
298075
298076
298077
298078
298079
298080
298081
298082
298083
298084
298085
298086
298087
298088
298089
298587
298588
298589
298590
298591
298592
298593
298594
298595
298596
298597
298598
298599
298600
298601
298602
298603
298604
298605
298606
298607
298608
298609
298610
299095
299096
299097
299098
299099
299100
299101
299102
299103
299104
299105
299106
299107
299108
299109
299110
299111
299112
299113
299114
299115
299116
299620
299621
299622
299623
299624
299625
299626
299627
299628
299629
299630
299631
299632
299633
299634
299635
299636
299637
299638
300127
300128
300129
300130
300131
300132
300133
300134
300135
300136
300137
300138
300139
300140
300141
300142
300143
300144
300667
300668
300669
300670
300671
300672
300673
300674
300675
300676
300677
300678
300679
300680
300681
300682
300683
300684
300685
301205
301206
301207
301208
301209
301210
301211
301212
301213
301214
301215
301216
301217
301218
301219
301220
301221
301222
301223
301761
301762
301763
301764
301765
301766
301767
301768
301769
301770
301771
301772
302283
302284
302285
302286
302287
302288
302289
302290
302291
302292
302293
302824
302825
302826
302827
302828
302829
302830
302831
302832
302833
303362
303363
303364
303365
303366
303367
303368
303369
303370
303371
303372
303909
303911
303912
303913
303914
303917
303918
303919
303920
303921
304451
304454
304455
304460
304461
304462
304463
304464
305015
305016
305017
305019
305020
305021
305022
305023
305024
305025
305026
305027
305028
305029
305559
305560
305562
305563
305564
305565
305566
305567
305568
305569
305570
305571
305572
305573
305574
306117
306118
306119
306120
306121
306122
306123
306124
306125
306126
306127
306128
306129
306130
306131
306132
306667
306668
306669
306670
306671
306672
306673
306674
306675
306676
306677
306678
306679
306680
306681
306682
307222
307223
307224
307225
307226
307227
307228
307229
307230
307231
307232
307233
307234
307235
307236
307237
307764
307765
307766
307767
307768
307769
307770
307771
307772
307773
307774
307775
307776
307777
307778
307779
307780
308319
308320
308321
308322
308323
308324
308325
308326
308327
308328
308329
308330
308331
308868
308869
308870
308871
308872
308873
308874
308875
308876
309411
309412
309413
309414
309415
309416
309417
309418
309948
309949
310495
310496