18295
18296
18823
18839
18840
19371
19372
19382
19383
19919
19920
19921
19924
19931
19932
20475
20476
20477
20478
20480
20481
20489
20490
20491
20492
20493
21033
21034
21035
21036
21037
21038
21046
21047
21048
21049
21050
21051
21577
21578
21579
21580
21589
21590
21591
21592
21593
21594
21595
22109
22110
22111
22112
22121
22122
22123
22124
22125
22642
22643
22644
22645
22646
22647
22648
22649
22651
22652
22653
22654
22655
22656
22657
22658
22659
22660
22661
23170
23171
23172
23173
23174
23175
23177
23178
23179
23182
23183
23184
23185
23701
23702
23703
23704
23711
23712
23713
23714
24221
24222
24223
24224
24225
24226
24228
24232
24233
24234
24235
24236
24708
24709
24710
24711
24712
24713
24714
24715
24716
24717
24721
24722
24723
24724
24725
24726
25196
25197
25198
25199
25200
25201
25202
25203
25204
25205
25206
25207
25208
25209
25210
25213
25214
25215
25216
25217
25218
25219
25700
25701
25702
25703
25704
25705
25706
25707
25708
25709
25710
25711
25712
25714
25715
25716
25717
25719
25720
25721
25722
26188
26189
26190
26191
26192
26193
26194
26195
26196
26197
26198
26199
26203
26204
26205
26206
26207
26208
26209
26210
26211
26212
26691
26692
26693
26694
26695
26696
26697
26698
26699
26700
26701
26702
26703
26707
26708
26709
26710
26711
26712
26713
26714
26715
27170
27171
27172
27173
27174
27175
27176
27177
27178
27179
27180
27181
27182
27183
27184
27185
27186
27189
27190
27191
27192
27193
27194
27195
27673
27674
27675
27676
27677
27678
27679
27680
27681
27682
27683
27684
27685
27686
27687
27688
27689
27691
27692
27693
27694
27695
27696
27697
27698
28188
28189
28190
28191
28192
28193
28194
28195
28196
28197
28198
28199
28200
28201
28204
28206
28207
28208
28209
28210
28211
28212
28213
28665
28666
28667
28668
28669
28670
28671
28672
28673
28674
28675
28676
28677
28681
28683
28684
28685
28686
28687
28688
28689
28690
28691
28692
29136
29137
29138
29139
29140
29141
29142
29144
29145
29146
29149
29150
29151
29152
29153
29154
29155
29156
29157
29158
29159
29160
29612
29613
29614
29615
29616
29617
29618
29621
29622
29626
29627
29628
29629
29630
29631
29632
29633
29634
29638
29639
30083
30084
30085
30087
30088
30089
30090
30092
30093
30094
30095
30096
30097
30098
30099
30100
30101
30102
30103
30104
30105
30106
30107
30108
30574
30575
30576
30577
30578
30579
30580
30581
30582
30583
30584
30585
30586
30587
30588
30589
30590
30591
30592
30593
30594
30595
30596
30597
30598
30599
30600
30601
30602
31072
31073
31074
31075
31076
31077
31078
31079
31080
31081
31082
31083
31084
31085
31086
31087
31088
31089
31090
31091
31092
31093
31094
31095
31096
31097
31098
31099
31100
31101
31102
31103
31575
31576
31577
31578
31579
31580
31581
31582
31583
31584
31586
31587
31588
31589
31590
31591
31592
31593
31594
31595
31596
31597
31598
31599
31600
31601
31602
31603
31604
31605
31606
31607
31608
31609
31610
31611
32098
32099
32100
32101
32102
32103
32104
32105
32106
32108
32109
32110
32111
32112
32113
32114
32115
32116
32117
32118
32119
32120
32121
32122
32123
32124
32125
32126
32127
32128
32129
32626
32627
32628
32629
32630
32631
32632
32633
32634
32635
32637
32638
32640
32641
32642
32643
32644
32645
32646
32647
32648
32649
32650
32651
32652
32653
32654
32655
32656
32657
33122
33123
33124
33125
33126
33127
33128
33129
33130
33131
33132
33134
33135
33137
33138
33139
33140
33141
33142
33143
33144
33145
33146
33147
33148
33149
33150
33151
33152
33153
33630
33631
33632
33633
33634
33635
33636
33637
33638
33639
33640
33641
33642
33643
33644
33645
33646
33647
33648
33649
33650
33651
33652
33653
33654
33655
33656
33657
33658
33659
33660
33661
34134
34135
34136
34137
34138
34139
34140
34141
34142
34143
34144
34145
34146
34147
34148
34149
34150
34151
34152
34153
34154
34155
34156
34158
34159
34160
34161
34162
34163
34164
34165
34166
34652
34653
34654
34655
34656
34657
34658
34659
34660
34661
34662
34663
34664
34665
34666
34667
34668
34669
34670
34671
34672
34673
34674
34675
34676
34677
34678
34679
34680
34681
35179
35180
35181
35182
35183
35184
35185
35186
35187
35188
35189
35190
35191
35192
35193
35194
35195
35196
35197
35198
35199
35200
35201
35202
35203
35204
35205
35206
35207
35208
35696
35697
35698
35699
35700
35701
35702
35703
35704
35705
35706
35707
35708
35709
35710
35711
35712
35713
35714
35715
35716
35717
35718
35719
35720
35721
35722
35723
35724
35725
35726
35727
35728
35729
36194
36196
36197
36198
36199
36200
36201
36202
36203
36204
36205
36206
36207
36208
36209
36210
36211
36212
36213
36214
36215
36216
36217
36218
36219
36220
36221
36222
36223
36224
36225
36226
36227
36228
36674
36675
36676
36677
36678
36679
36680
36681
36682
36683
36684
36685
36686
36687
36690
36693
36694
36695
36696
36697
36698
36699
36700
36701
36702
36704
36705
36706
36707
37140
37141
37142
37143
37144
37145
37146
37147
37148
37149
37150
37151
37152
37153
37161
37162
37163
37164
37165
37166
37167
37168
37169
37170
37171
37173
37174
37175
37176
37613
37614
37615
37616
37617
37618
37619
37620
37621
37622
37623
37624
37625
37635
37636
37637
37638
37639
37640
37641
37642
37643
37644
37645
37646
37647
37648
37649
38090
38091
38092
38093
38094
38095
38096
38097
38098
38099
38109
38110
38111
38112
38113
38114
38115
38116
38117
38118
38119
38120
38121
38602
38603
38604
38605
38606
38607
38608
38609
38621
38622
38623
38624
38625
38626
38627
38628
38629
38632
38633
38634
38635
39109
39110
39111
39112
39113
39114
39115
39116
39117
39126
39127
39128
39129
39130
39131
39132
39133
39134
39135
39137
39138
39139
39140
39141
39634
39635
39636
39637
39638
39639
39640
39641
39642
39655
39656
39657
39659
39660
39661
39662
39663
39664
39665
40168
40169
40170
40171
40172
40173
40174
40175
40176
40177
40178
40188
40189
40190
40191
40192
40193
40194
40707
40708
40709
40710
40711
40712
40713
40714
40715
40722
40723
40724
41242
41243
41244
41245
41246
41247
41248
41249
41250
41251
41264
41265
41807
41808
41809
41810
41811
41812
41813
41814
41815
41816
41817
42382
42383
42384
42385
42386
42387
42388
42389
42390
42956
42957
42958
42959
42960
42961
43504
43505
44068
44069