244208
244209
244210
244219
244220
244804
244805
244806
244807
244808
244809
244810
244811
244817
244818
245414
245415
245416
245417
245418
245419
245420
245421
245422
245426
245427
245428
245998
245999
246000
246001
246002
246003
246004
246005
246006
246007
246008
246009
246012
246013
246014
246015
246016
246017
246579
246580
246581
246582
246583
246584
246585
246586
246587
246588
246589
246590
246591
246592
246593
246594
246595
246596
246597
246598
247167
247168
247169
247170
247171
247172
247173
247174
247175
247176
247177
247178
247179
247180
247181
247182
247183
247732
247733
247734
247735
247736
247737
247738
247739
247740
247743
247745
247746
247747
247748
247749
247750
247751
247752
247753
247754
247755
248286
248287
248288
248289
248290
248291
248292
248293
248294
248295
248299
248301
248302
248303
248304
248305
248306
248307
248308
248309
248310
248311
248847
248848
248849
248850
248851
248852
248853
248854
248856
248857
248858
248860
248861
248862
248863
248864
248865
248866
248867
248868
248869
249398
249399
249400
249401
249402
249403
249404
249405
249406
249407
249408
249409
249411
249412
249413
249414
249415
249416
249417
249947
249948
249949
249950
249951
249952
249953
249954
249956
249957
249958
249959
249960
249961
249962
249963
249964
249965
249966
250490
250491
250492
250493
250494
250495
250496
250497
250498
250499
250500
250501
250502
250503
250504
250505
250506
250507
250508
250509
250510
250511
251029
251030
251031
251032
251033
251034
251035
251036
251037
251038
251039
251040
251041
251042
251043
251044
251045
251046
251047
251048
251049
251576
251577
251578
251579
251580
251581
251582
251583
251584
251585
251587
251588
251589
251590
251591
251592
251593
251594
251595
251596
251597
251598
251599
251600
251601
252157
252158
252159
252161
252162
252163
252164
252165
252166
252167
252168
252169
252170
252171
252172
252173
252174
252175
252177
252178
252179
252750
252751
252752
252753
252754
252755
252756
252757
252758
252759
252760
252761
252762
252763
252764
252765
252766
252767
252768
252769
252770
252771
252772
252773
252774
252775
252776
252777
253330
253331
253332
253333
253334
253335
253336
253337
253338
253339
253340
253341
253342
253343
253344
253345
253346
253347
253348
253349
253350
253351
253352
253353
253354
253355
253356
253357
253358
253359
253910
253911
253912
253913
253914
253915
253916
253917
253918
253919
253920
253921
253922
253923
253924
253925
253926
253927
253928
253929
253930
253931
253932
253933
253934
253935
253936
253937
253938
253939
253940
254491
254492
254493
254494
254495
254496
254497
254498
254499
254500
254501
254502
254503
254504
254505
254506
254507
254508
254509
254510
254511
254512
254513
254514
254515
254516
254517
254518
254519
254520
254521
254522
254523
254524
255113
255114
255115
255116
255117
255118
255119
255120
255121
255122
255123
255124
255125
255126
255127
255128
255129
255130
255131
255132
255133
255134
255135
255136
255137
255138
255139
255140
255141
255142
255143
255144
255724
255725
255726
255727
255728
255729
255730
255731
255732
255733
255734
255735
255736
255737
255738
255739
255740
255741
255742
255743
255744
255745
255746
255747
255748
255749
255750
255751
255752
255753
255754
256325
256326
256336
256337
256338
256339
256340
256341
256342
256343
256344
256345
256346
256347
256348
256349
256350
256351
256352
256353
256354
256355
256356
256357
256358
256359
256360
256361
256362
256363
256364
256365
256369
256370
256933
256944
256945
256946
256947
256948
256949
256950
256951
256952
256953
256954
256955
256956
256957
256958
256959
256960
256961
256962
256963
256964
256965
256966
256967
256968
256969
256970
256971
256972
256973
257549
257550
257551
257556
257557
257558
257559
257560
257561
257562
257563
257564
257565
257566
257567
257568
257569
257570
257571
257572
257573
257574
257575
257577
257578
257579
257580
257581
257582
257583
257584
257585
257586
257587
258160
258161
258162
258163
258164
258165
258171
258172
258173
258174
258175
258176
258177
258178
258179
258180
258181
258182
258183
258184
258185
258199
258200
258781
258782
258783
258784
258785
258790
258791
258792
258793
258794
258795
258796
258797
258798
258799
258800
258801
258802
258803
258804
259424
259425
259426
259427
259428
259429
259431
259433
259434
259435
259436
259437
259438
259439
259440
259442
259443
259444
259445
259446
259447
259448
259449
260078
260079
260080
260081
260082
260083
260084
260085
260086
260087
260088
260089
260090
260091
260092
260093
260094
260095
260723
260724
260725
260726
260727
260728
260729
260730
260731
260732
260733
260734
260735
260736
260737
260738
260739
260740
260741
260742
260743
261347
261348
261349
261350
261351
261352
261353
261354
261355
261356
261357
261359
261360
261361
261362
261363
261364
261365
261366
261963
261964
261965
261966
261967
261968
261969
261970
261971
261972
261973
261974
261975
261976
261977
261979
262574
262575
262576
262577
262578
262579
262580
262581
262582
262583
262584
262585
262586
262587
262588
263177
263178
263179
263180
263181
263182
263183
263184
263185
263186
263187
263188
263189
263190
263191
263193
263194
263195
263200
263201
263777
263778
263779
263780
263781
263782
263783
263785
263786
263787
263788
263789
263790
263791
263792
263793
263794
263795
263798
263800
263801
264387
264388
264389
264390
264391
264392
264393
264395
264396
264397
264398
264399
264400
264401
264402
264403
264404
264405
264406
264407
264408
264409
264410
264411
264412
264413
264414
264415
264416
264417
265013
265016
265017
265018
265019
265020
265021
265022
265023
265024
265025
265026
265027
265028
265029
265030
265031
265032
265033
265034
265035
265036
265037
265038
265039
265040
265041
265042
265043
265044
265045
265649
265654
265655
265656
265657
265658
265659
265660
265661
265662
265663
265664
265665
265666
265667
265668
265669
265670
265671
265672
265673
265674
265675
265676
265677
265678
265679
266283
266284
266285
266286
266287
266288
266289
266290
266292
266293
266294
266295
266296
266297
266298
266299
266300
266301
266302
266303
266304
266305
266306
266307
266308
266309
266881
266882
266883
266884
266885
266886
266887
266888
266889
266890
266891
266892
266893
266894
266895
266896
266897
266898
266899
266900
266901
266902
266903
266904
266905
266906
266907
266909
267495
267496
267497
267498
267499
267500
267501
267502
267503
267504
267505
267506
267507
267508
267509
267510
267511
267512
267513
267514
267515
267516
267517
267518
267520
268124
268125
268127
268128
268129
268130
268131
268132
268133
268134
268135
268136
268137
268138
268139
268140
268141
268142
268143
268144
268145
268146
268147
268150
268151
268741
268742
268743
268744
268746
268747
268748
268749
268750
268751
268752
268753
268754
268755
268756
268757
268758
268759
268760
268761
268762
268763
268764
268765
268766
268767
269374
269375
269376
269378
269379
269380
269381
269382
269383
269384
269385
269386
269387
269388
269389
269390
269391
269392
269393
269394
269395
270020
270021
270025
270026
270029
270031
270032