97636
97637
98240
98241
98242
98854
98855
98856
98857
98858
98859
98860
98861
98862
98863
98864
98865
98866
98867
98868
98869
99473
99475
99476
99477
99478
99479
99480
99481
99482
99483
99484
99485
99486
99487
99488
99489
100124
100125
100126
100127
100128
100129
100130
100131
100132
100133
100134
100135
100136
100776
100777
100778
100779
100780
100781
100782
100783
100784
100785
100786
100787
100788
100789
100790
100791
100792
100793
101455
101456
101457
101458
101459
101460
101461
101462
101463
101464
101466
101468
101469
102121
102122
102123
102124
102125
102126
102127
102128
102129
102130
102131
102132
102133
102134
102727
102728
102729
102730
102731
102732
102733
102734
102735
102736
102737
102738
102739
102740
103352
103353
103354
103355
103356
103357
103358
103359
103360
103361
103362
103363
103978
103979
103980
103981
103982
103983
103984
103985
103986
103987
103988
103989
103990
103991
104605
104606
104607
104608
104609
104610
104611
104612
104613
104614
104615
105234
105235
105236
105237
105238
105239
105240
105241
105242
105243
105244
105245
105246
105247
105249
105250
105252
105253
105254
105838
105839
105840
105841
105842
105843
105844
105845
105846
105847
105848
105849
105850
105851
105852
105853
105855
105856
105857
105858
105859
106450
106451
106452
106453
106454
106455
106456
106457
106458
106459
106460
106461
106462
106463
106464
106465
106466
106467
106468
106469
106470
107055
107056
107057
107058
107059
107060
107061
107062
107063
107064
107065
107066
107067
107068
107069
107070
107071
107072
107073
107074
107075
107076
107077
107078
107651
107652
107653
107654
107655
107656
107657
107658
107659
107660
107661
107662
107663
107664
107665
107668
107669
107670
107671
107672
107673
107674
108256
108257
108258
108259
108260
108261
108262
108263
108264
108265
108266
108267
108268
108269
108270
108271
108272
108273
108274
108275
108276
108277
108278
108279
108280
108884
108885
108886
108887
108888
108889
108890
108891
108892
108893
108894
108895
108896
108897
108898
108899
108900
108901
108903
108904
108905
108907
108908
109533
109537
109538
109539
109540
109541
109542
109543
109544
109545
109546
109547
109548
109549
109550
109551
109552
109553
109554
109555
109556
109557
109558
110170
110173
110174
110175
110176
110177
110178
110179
110180
110181
110182
110183
110184
110185
110186
110187
110188
110189
110190
110191
110787
110788
110791
110792
110793
110794
110795
110796
110797
110798
110799
110800
110801
110804
110805
110806
111433
111434
111435
111436
111437
111438
111439
111440
111441
111442
111443
111444
111445
111446
112023
112024
112025
112026
112027
112028
112029
112030
112031
112032
112033
112034
112036
112628
112629
112630
112631
112632
112633
112634
112637
112638
112639
112641
113218
113219
113220
113221
113222
113226
113227
113228
113229
113230
113233
113234
113235
113791
113792
113800
113801
113802
113803
113804
113805
113806
113807
113808
113809
113810
113811
114356
114357
114358
114359
114365
114366
114367
114368
114369
114370
114371
114372
114373
114374
114375
114376
114901
114902
114903
114904
114905
114906
114909
114910
114911
114918
114919
114920
114921
114922
114923
114924
114925
114926
114927
114928
115453
115454
115455
115456
115460
115461
115462
115463
115469
115470
115471
115472
115473
115474
115475
115476
115477
116002
116003
116004
116005
116006
116007
116008
116009
116010
116011
116012
116013
116016
116017
116018
116019
116020
116021
116022
116023
116024
116025
116026
116027
116558
116559
116560
116561
116562
116563
116564
116565
116566
116572
116573
116574
116575
116576
116577
116578
116579
116580
116581
116582
117108
117109
117110
117111
117112
117113
117114
117115
117116
117122
117124
117125
117126
117127
117128
117129
117130
117131
117648
117649
117650
117651
117652
117653
117654
117655
117656
117657
117664
117665
117666
117667
117668
117669
117670
117671
117672
118186
118187
118188
118189
118190
118191
118192
118193
118194
118195
118196
118197
118203
118204
118205
118206
118207
118208
118725
118726
118727
118728
118729
118730
118731
118732
118736
118737
118738
118739
118740
118741
118742
119266
119267
119268
119269
119270
119271
119272
119273
119274
119275
119278
119279
119280
119281
119282
119283
119284
119285
119286
119815
119816
119817
119818
119820
119821
119822
119823
119824
119826
119827
119828
119829
119830
119831
119832
119833
119834
119835
119836
120376
120377
120378
120379
120380
120381
120382
120383
120384
120385
120386
120387
120388
120389
120390
120391
120392
120393
120394
120395
120396
120397
120915
120916
120917
120918
120919
120920
120921
120922
120923
120924
120925
120926
120927
120928
120929
120930
120931
120932
120933
120934
120935
120936
120937
121447
121448
121449
121450
121451
121452
121453
121454
121455
121456
121457
121458
121459
121460
121461
121462
121463
121464
121974
121975
121976
121977
121978
121979
121980
121981
121982
121983
121984
121985
121986
121987
121988
121989
121990
121991
121992
121993
122494
122495
122496
122497
122498
122499
122500
122501
122502
122503
122504
122505
122506
122507
122508
122509
122510
122511
122512
122514
122515
122516
122517
123034
123035
123036
123037
123038
123039
123040
123041
123042
123043
123044
123045
123046
123047
123048
123049
123052
123053
123054
123055
123594
123595
123596
123597
123598
123599
123600
123601
123602
123603
123604
123605
123606
123607
123608
123609
123610
123611
124165
124166
124167
124168
124169
124170
124171
124172
124173
124174
124175
124176
124177
124178
124179
124736
124737
124738
124739
124740
124741
124742
124743
124744
124745
124746
124747
124748
124749
124750
125298
125299
125300
125301
125302
125303
125304
125305
125306
125307
125308
125309
125310
125311
125312
125861
125862
125863
125864
125865
125866
125867
125868
126416
126417
126418
126419
126420
126421
126422
126969
126970
126971
126972
126973
127505
127506
127507
127508
127509
127510
127511
128033
128034
128035
128036
128037
128038
128039
128040
128041
128042
128043
128044
128550
128551
128552
128553
128554
128555
128556
128557
128558
128559
129040
129041
129042
129043
129044
129045
129046
129047
129048
129049
129050
129561
129562
129563
129564
129565
129566
129567
129568
129569
129570
130091
130092
130093
130094
130095
130096
130097
130098
130099
130100
130101
130102
130103
130104
130602
130603
130604
130605
130606
130607
130608
130609
130610
130611
130612
130613
130614
130615
130616
130617
130618
130619
130620
131110
131111
131112
131113
131114
131115
131117
131118
131119
131120
131121
131122
131123
131124
131125
131626
131627
131628
131629
131632
131633
131634
131635
131636
131637
131638
131639
132145
132146
132147
132148
132149
132153
132154
132155
132156
132157
132158
132159
132669
132670
132671
132672
132673
132682
132683
133210
133211
133213
133214
133215
133216
133223
133224
133773
133774
133775
133776
133777
133778
133784
133785
134362
134363
134364
134365
134366
134367
134368
134945
134946
134947
134948
135557
135558
136165
136166