250585
251133
251134
251135
251136
251137
251678
251679
251680
251681
251682
251683
252258
252259
252260
252261
252271
252272
252848
252849
252850
252851
252852
252863
252864
252865
253426
253427
253428
253429
253430
253431
253440
253441
253454
254002
254003
254004
254005
254006
254014
254015
254016
254028
254029
254595
254596
254597
254598
254599
254600
254601
254602
254603
254616
254617
254618
254619
254628
254629
254630
254631
254632
254633
255210
255211
255212
255213
255214
255215
255216
255217
255218
255232
255233
255234
255235
255242
255244
255245
255246
255247
255248
255249
255818
255819
255820
255821
255822
255823
255824
255825
255826
255841
255842
255847
255848
255849
255850
255851
255852
255853
255854
255855
256441
256442
256443
256444
256445
256446
256447
256448
256459
256463
256464
256465
256466
256467
256468
256469
256470
256471
256472
256473
256474
257052
257053
257054
257055
257056
257057
257058
257059
257060
257069
257070
257071
257072
257073
257074
257078
257079
257080
257081
257082
257083
257084
257085
257086
257087
257088
257089
257090
257678
257679
257680
257681
257682
257683
257684
257685
257686
257687
257689
257692
257693
257695
257697
257698
257699
257703
257704
257705
257706
257707
257708
257709
257710
257711
257712
257713
257714
257715
257716
258289
258290
258291
258292
258293
258294
258295
258296
258297
258298
258299
258300
258301
258302
258303
258304
258305
258306
258309
258310
258311
258312
258313
258314
258315
258316
258317
258318
258319
258320
258321
258322
258903
258904
258905
258906
258907
258909
258910
258911
258912
258913
258916
258917
258918
258919
258920
258921
258922
258923
258924
258926
258927
258928
258929
258930
258931
258932
258933
258934
258935
258936
258937
258938
258939
258940
259544
259545
259546
259547
259548
259549
259555
259556
259557
259559
259560
259561
259562
259563
259564
259565
259566
259567
259568
259569
259570
259571
259572
259573
259574
259575
259576
259577
259578
259579
259580
259581
259582
259583
259584
260192
260193
260194
260195
260196
260197
260198
260204
260205
260206
260207
260209
260210
260211
260212
260213
260214
260215
260216
260217
260218
260219
260220
260221
260222
260223
260224
260225
260226
260227
260228
260229
260230
260231
260827
260828
260829
260830
260831
260832
260833
260834
260835
260842
260843
260844
260846
260847
260848
260849
260850
260851
260852
260853
260854
260855
260856
260857
260858
260859
260860
260861
260862
260863
260864
260865
260866
260867
261445
261446
261447
261448
261449
261450
261451
261452
261453
261454
261463
261464
261465
261466
261467
261468
261469
261470
261471
261472
261473
261474
261475
261476
261477
261478
261479
261480
261481
261482
261483
261484
261485
262055
262056
262057
262058
262059
262060
262061
262062
262070
262071
262072
262073
262074
262075
262076
262077
262078
262079
262081
262082
262083
262084
262085
262086
262087
262088
262089
262090
262091
262092
262093
262094
262671
262672
262673
262674
262675
262676
262677
262678
262679
262680
262686
262688
262689
262690
262691
262692
262693
262694
262695
262698
262699
262700
262701
262702
262703
262704
262705
263275
263276
263277
263278
263279
263280
263287
263288
263289
263290
263291
263292
263293
263294
263295
263296
263298
263299
263300
263301
263302
263303
263304
263870
263871
263872
263873
263874
263876
263877
263883
263884
263885
263886
263887
263888
263889
263890
263891
263892
263893
263897
263898
263899
263900
263901
263902
263903
263904
263905
264489
264490
264491
264492
264493
264494
264495
264499
264500
264501
264502
264505
264506
264507
264508
264509
264510
264514
264515
264516
264517
264518
264519
264520
264521
264522
265115
265116
265117
265118
265119
265120
265124
265125
265128
265129
265130
265131
265132
265133
265134
265135
265136
265137
265139
265140
265141
265142
265143
265144
265145
265146
265147
265753
265754
265755
265756
265757
265759
265760
265761
265762
265763
265764
265765
265766
265767
265768
265769
265770
265771
265772
265774
266379
266380
266381
266382
266383
266384
266385
266386
266387
266388
266389
266390
266391
266392
266393
266394
266395
266396
266397
266398
266399
266400
266987
266990
266991
266992
266993
266994
266995
266996
266997
266998
266999
267000
267001
267002
267003
267004
267005
267006
267007
267008
267009
267599
267601
267602
267603
267604
267605
267606
267607
267608
267609
267610
267611
267612
267613
267614
267615
267616
267617
267618
267619
267620
268228
268229
268230
268231
268232
268233
268234
268235
268236
268237
268238
268239
268240
268241
268242
268243
268244
268245
268246
268247
268248
268249
268250
268251
268855
268856
268857
268858
268859
268860
268861
268862
268863
268864
268865
268866
268867
268868
268869
268870
268871
268872
268873
268874
268875
268876
268877
269468
269469
269470
269471
269472
269473
269476
269477
269478
269479
269480
269481
269482
269483
269484
269485
269486
269487
269488
269489
269490
269491
269492
269493
269494
269495
269496
269497
270115
270117
270120
270121
270122
270123
270124
270125
270126
270127
270128
270129
270130
270131
270132
270133
270134
270135
270136
270137
270138
270139
270140
270757
270758
270759
270763
270764
270765
270766
270767
270768
270769
270770
270771
270772
270773
270774
270775
270776
270777
270778
270779
270780
270781
271406
271407
271413
271414
271415
271416
271417
271418
271419
271420
271421
271422
271423
271424
271425
271426
271427
271428
271429
271430
272062
272063
272064
272071
272072
272073
272074
272075
272076
272077
272078
272079
272080
272081
272082
272083
272084
272085
272086
272087
272088
272089
272705
272706
272707
272716
272717
272718
272719
272720
272721
272722
272723
272724
272725
272726
272727
272728
272729
272730
272731
273359
273360
273361
273370
273371
273372
273373
273374
273375
273376
273377
273378
273379
273380
273381
273382
273383
273384
273385
273386
273387
273388
274029
274030
274031
274032
274033
274034
274035
274036
274037
274038
274039
274040
274041
274042
274043
274044
274677
274678
274679
274680
274681
274682
274683
274684
274685
274686
274687
274688
274689
275298
275299
275300
275301
275302
275303
275304
275305
275306
275307
275308
275309
275310
275311
275312
275313
275937
275938
275939
275940
275941
275942
275943
275944
275945
275946
275947
275948
275949
275950
275951
275952
275953
276586
276587
276588
276589
276590
276591
276592
276593
276594
276595
276596
276597
276598
276599
276600
276601
276602
276603
277198
277199
277200
277201
277202
277203
277204
277205
277206
277207
277208
277209
277210
277211
277212
277213
277214
277215
277216
277815
277816
277817
277818
277819
277820
277821
277822
277823
277824
277825
277826
277827
277828
277829
278426
278427
278428
278429
278430
278431
278432
278433
278434
278435
278436
278437
278438
278439
278440
279026
279027
279028
279029
279030
279031
279032
279033
279034
279035
279036
279037
279038
279039
279647
279648
279649
279650
279651
279652
279653
279654
279655
279656
279657
279658
279659
279660
280251
280252
280253
280259
280260
280261
280845
281433