332698
333183
333668
333669
334112
334113
334114
334115
334116
334117
334118
334119
334120
334121
334562
334563
334564
334565
334566
334567
334568
334569
334570
334571
334572
334573
334574
334575
334576
334577
334578
334579
335014
335015
335016
335017
335018
335019
335020
335021
335022
335023
335024
335025
335026
335027
335028
335029
335030
335031
335032
335462
335463
335464
335465
335466
335467
335468
335469
335470
335471
335472
335473
335474
335475
335476
335477
335478
335479
335480
335481
335482
335928
335929
335930
335931
335932
335933
335934
335935
335936
335937
335938
335939
335940
335941
335942
335943
335944
335945
335946
335947
335948
336384
336385
336386
336387
336388
336389
336390
336391
336392
336393
336394
336395
336396
336397
336398
336399
336400
336401
336402
336403
336404
336405
336406
336407
336408
336861
336862
336863
336864
336865
336866
336867
336868
336869
336870
336871
336872
336873
336874
336875
336876
336877
336878
336879
336880
336881
336882
336883
336884
336885
336886
336887
336888
336890
336891
336892
337370
337371
337372
337373
337374
337375
337376
337377
337378
337379
337380
337381
337382
337383
337384
337385
337386
337387
337388
337389
337390
337391
337392
337393
337394
337396
337397
337398
337404
337892
337893
337894
337895
337896
337897
337898
337899
337900
337901
337902
337903
337904
337905
337906
337907
337908
337909
337910
337911
337912
337913
337914
337915
337916
337917
337918
337919
337920
337921
337922
337926
337927
337928
337929
338436
338437
338438
338439
338440
338441
338442
338443
338444
338445
338446
338447
338448
338449
338450
338451
338452
338453
338454
338455
338456
338457
338458
338459
338460
338461
338462
338463
338464
338465
338467
338468
338469
338470
338471
338472
338473
338973
338974
338975
338976
338977
338978
338979
338980
338981
338982
338983
338984
338985
338986
338987
338988
338989
338990
338991
338992
338993
338994
338995
338996
338997
338998
338999
339000
339001
339002
339003
339004
339005
339006
339007
339008
339009
339489
339494
339495
339496
339498
339499
339500
339501
339502
339503
339504
339505
339506
339507
339508
339509
339510
339511
339512
339513
339514
339515
339516
339517
339518
339519
339520
339521
339522
339524
339525
339526
339527
339528
339529
339530
339531
339532
339533
340021
340024
340025
340027
340028
340029
340030
340031
340032
340033
340034
340035
340036
340037
340038
340039
340040
340041
340042
340043
340044
340045
340046
340047
340048
340049
340050
340051
340052
340053
340054
340055
340056
340057
340058
340059
340060
340061
340062
340063
340064
340065
340066
340067
340068
340560
340561
340562
340563
340564
340565
340566
340567
340568
340569
340570
340571
340572
340573
340574
340575
340576
340577
340578
340579
340580
340581
340582
340583
340584
340585
340586
340587
340588
340589
340590
340591
340592
340593
340594
340595
340596
340597
340598
340599
340600
340601
340602
340603
340604
340605
340606
340607
340608
340609
340610
340611
340612
340613
341119
341120
341121
341122
341123
341124
341125
341126
341127
341128
341129
341130
341131
341132
341133
341134
341135
341136
341137
341138
341139
341140
341141
341142
341143
341144
341145
341146
341147
341148
341149
341150
341151
341152
341153
341154
341155
341156
341157
341158
341159
341160
341161
341162
341163
341164
341165
341166
341167
341168
341169
341170
341641
341642
341643
341644
341646
341647
341648
341649
341650
341651
341652
341653
341654
341655
341656
341657
341658
341659
341660
341661
341662
341663
341664
341665
341666
341667
341668
341669
341670
341671
341672
341673
341674
341675
341676
341677
341678
341679
341680
341681
341682
341683
341684
341685
341686
341687
342159
342160
342163
342164
342165
342166
342167
342168
342169
342170
342171
342172
342173
342174
342175
342176
342177
342178
342179
342180
342181
342183
342184
342185
342188
342189
342190
342191
342192
342193
342194
342195
342196
342197
342198
342199
342200
342201
342202
342203
342204
342205
342206
342207
342208
342696
342697
342702
342703
342704
342705
342706
342707
342708
342709
342710
342711
342712
342713
342714
342715
342716
342717
342718
342719
342720
342721
342722
342723
342724
342725
342726
342727
342728
342729
342730
342731
342732
342733
342734
342735
342736
342737
342738
342739
342740
342741
342742
342743
343263
343264
343265
343266
343267
343268
343269
343270
343271
343272
343273
343274
343275
343276
343277
343278
343283
343284
343285
343286
343287
343288
343289
343290
343291
343292
343293
343294
343295
343296
343297
343298
343839
343840
343841
343842
343843
343844
343845
343846
343847
343848
343849
343850
343851
343852
343853
343854
343855
343856
343857
343858
343860
343861
343862
343863
343864
343865
343866
343867
343868
343869
343870
343871
343872
344394
344395
344396
344397
344398
344399
344400
344401
344402
344403
344404
344405
344406
344407
344408
344409
344410
344411
344412
344413
344414
344416
344417
344418
344419
344420
344421
344422
344423
344424
344425
344426
344427
344428
344429
344430
344431
344432
344433
344923
344924
344925
344926
344927
344928
344929
344930
344931
344932
344933
344934
344935
344936
344937
344938
344939
344940
344941
344942
344943
344944
344945
344946
344947
344948
344949
344950
344951
344952
344953
344954
344955
344956
344957
344958
345486
345487
345488
345489
345490
345491
345492
345493
345494
345495
345496
345497
345498
345499
345500
345501
345502
345503
345504
345505
345506
345507
345508
345509
345510
345511
345512
345513
345514
345515
345516
345517
345518
346027
346028
346029
346030
346031
346032
346033
346034
346035
346036
346037
346038
346039
346040
346041
346042
346043
346045
346046
346047
346048
346049
346050
346051
346052
346053
346054
346055
346056
346057
346058
346059
346570
346571
346572
346573
346574
346575
346576
346577
346578
346579
346580
346581
346582
346583
346586
346587
346588
346589
346590
346591
346592
346593
346594
346595
346596
346597
346598
347113
347114
347115
347116
347117
347118
347119
347120
347121
347127
347128
347129
347132
347133
347134
347135
347136
347137
347138
347139
347140
347141
347142
347143
347144
347680
347681
347682
347683
347684
347685
347686
347695
347696
347697
347699
347700
347701
347702
347703
347704
347705
347706
347707
348262
348263
348264
348265
348266
348267
348277
348278
348280
348281
348282
348283
348284
348285
348286
348287
348288
348289
348290
348291
348847
348848
348849
348850
348851
348852
348853
348854
348855
348862
348863
348864
348865
348866
348867
348868
348869
348870
348871
348872
348873
348874
348875
348876
348877
349463
349464
349465
349466
349467
349468
349469
349470
349471
349477
349478
349479
349480
349481
349482
349483
349484
349485
349486
349487
349488
349489
349490
350064
350065
350066
350067
350068
350069
350070
350075
350076
350077
350078
350079
350080
350081
350082
350083
350084
350085
350086
350087
350648
350649
350656
350657
350658
350661
350662
350663
350664
350665
350666
350667
351229
351230
351231
351232
351233
351794
351795
352341
352342
352912
352913
353496