38540
39046
39047
39048
39049
39050
39574
39575
39576
39577
39578
39579
39580
39581
39582
39583
39584
40105
40106
40107
40108
40109
40110
40111
40112
40113
40114
40115
40116
40117
40118
40119
40636
40637
40638
40639
40640
40641
40642
40643
40644
40645
40646
40647
40648
40649
41165
41166
41167
41168
41169
41170
41171
41172
41173
41174
41175
41732
41733
41734
41735
41736
41737
41738
41739
41740
41741
41742
42308
42309
42310
42311
42312
42313
42316
42317
42318
42319
42882
42883
42884
42885
42886
42887
42890
42891
42892
42893
42894
42895
42896
43454
43455
43456
43457
43458
43459
43460
44015
44016
44017
44018
44019
44020
44021
44022
44023
44567
44568
44569
44570
45089
45090
45091
45092
45621
45622
45623
46133
46134
46636
46637
46638
46639
46641
47101
47102
47103
47104
47105
47106
47107
47560
47561
47562
47563
47564
47565
47566
47567
48002
48003
48004
48005
48006
48007
48008
48009
48474
48475
48476
48477
48478
48479
48480
48481
48950
48951
48952
48953
48954
48955
48956
49427
49430
49431
49432
49433
49907
50379
50380
50381
50856
50857
50858
50859
51322
51323
51324
51790
51791
51793
52251
52252
52253
52720
52721
52722
52723
52724
52725
52726
53183
53185
53186
53187
53188
53189
53190
53191
53192
53193
53639
53640
53641
53642
53643
53644
53645
53646
53647
53648
53649
53650
53651
53652
54103
54104
54105
54106
54107
54108
54109
54110
54111
54112
54113
54114
54115
54574
54575
54576
54577
54578
54579
54580
54581
54582
54583
54585
54586
54587
54588
55045
55046
55047
55048
55049
55050
55051
55052
55053
55054
55055
55056
55057
55058
55059
55536
55537
55539
55540
55541
55542
55543
55544
55545
55546
55547
55548
55549
56028
56029
56032
56033
56034
56035
56036
56037
56522
56523
56524
56526
56527
56528
56529
56530
56531
56532
57025
57026
57028
57029
57030
57031
57032
57033
57034
57585
57586
57587
57588
57589
57590
57591
57592
58122
58123
58124
58126
58127
58128
58686
58687
58692
59245
59246
59845
59846
59847
60465
60466
60467
61064
61065
61066
61067
61068
61069
61070
61652
61653
61654
61655
62254
62255
62256
62257
62258
62829
62830
62831
62832
62833
63396
63397
63398
63399
63400
63996
63997
63998
63999
64001
64593
64594
64595
64596
64597
64598
65172
65173
65174
65175
65176
65177
65736
65737
65738
65739
65740
65741
65742
66288
66289
66290
66291
66292
66293
66294
66295
66296
66297
66819
66820
66821
66822
66823
66824
66825
66826
66827
66828
66829
66830
66831
66832
66833
67349
67350
67351
67352
67353
67354
67355
67356
67357
67358
67359
67360
67907
67908
67909
67910
67911
67912
67913
67914
67915
67916
67917
67918
67919
67920
67921
67922
67923
67924
68447
68448
68449
68450
68451
68452
68453
68454
68455
68456
68457
68458
68459
68460
68974
68975
68976
68977
68978
68979
68980
68981
68982
68983
68984
68985
68986
68987
68988
69510
69511
69512
69513
69514
69515
69516
69517
69518
69519
69520
69521
69522
69523
69524
69525
69526
69527
69528
69529
69530
69531
70050
70051
70052
70053
70054
70055
70056
70057
70058
70059
70060
70061
70062
70063
70064
70065
70066
70067
70068
70069
70070
70071
70072
70073
70602
70603
70604
70605
70606
70607
70608
70609
70610
70611
70612
70613
70614
70615
70616
70617
70618
70619
70620
70621
70622
70623
70624
71148
71149
71150
71151
71152
71153
71154
71155
71156
71157
71158
71159
71160
71161
71162
71163
71712
71713
71714
71715
71716
71717
71718
71719
71720
71721
71722
71723
71724
71725
71726
71727
71728
72275
72276
72277
72278
72279
72280
72281
72282
72283
72284
72285
72286
72287
72288
72289
72291
72845
72846
72847
72848
72849
72850
72851
72852
72853
72854
72855
72856
72857
72858
72859
72860
72861
73405
73406
73407
73408
73409
73410
73411
73412
73413
73414
73415
73416
73417
73418
73419
73420
73963
73964
73965
73966
73967
73968
73969
73970
73971
73972
73973
73974
73975
73976
73977
73978
74523
74524
74525
74526
74527
74528
74529
74530
74531
74532
74533
74534
74535
74536
74537
74538
74539
75086
75087
75088
75089
75090
75091
75092
75093
75094
75095
75096
75097
75098
75099
75100
75101
75102
75106
75107
75681
75682
75683
75684
75685
75686
75687
75688
75689
75690
75691
75692
75693
75694
75695
75696
75697
75698
75699
75700
75701
75702
75703
76261
76262
76263
76264
76265
76266
76267
76268
76269
76270
76271
76272
76273
76274
76275
76276
76277
76278
76279
76280
76281
76282
76283
76838
76839
76840
76841
76842
76843
76844
76845
76846
76847
76848
76849
76850
76851
76852
76853
76854
76855
77391
77392
77393
77394
77395
77396
77398
77399
77400
77401
77402
77403
77404
77405
77406
77407
77408
77409
77410
77971
77972
77973
77974
77975
77976
77977
77978
77979
77980
77981
78545
78546
78547
78548
78549
78550
78551
78552
78553
78554
78555
78556
78574
78575
78576
78577
78580
78581
79150
79151
79152
79153
79154
79155
79156
79172
79173
79176
79178
79179
79728
79729
79730
79731
79732
79733
79734
79735
79736
79749
79750
79751
79752
79753
79755
79756
79757
79758
79759
80322
80323
80324
80325
80326
80327
80328
80329
80330
80331
80342
80343
80344
80345
80346
80347
80348
80349
80915
80916
80917
80918
80919
80920
80929
80930
80931
80934
80935
80936
80937
80938
80939
81472
81473
81474
81475
81476
81481
81482
81483
81484
81485
81486
81488
81489
81490
81491
82044
82045
82046
82047
82048
82049
82052
82053
82054
82055
82056
82057
82058
82059
82060
82061
82062
82063
82064
82065
82633
82634
82635
82636
82637
82638
82641
82642
82643
82644
82645
82646
82647
82648
82649
82650
82651
82652
82653
82654
82655
83228
83229
83230
83231
83232
83233
83234
83235
83236
83238
83239
83240
83241
83242
83243
83244
83245
83246
83788
83789
83790
83791
83792
83793
83794
83795
83796
83797
83798
83799
83800
83801
83802
83803
83804
84353
84354
84355
84356
84357
84358
84360
84361
84362
84363
84364
84365
84366
84367
84368
84369
84930
84931
84932
84933
84934
84935
84938
84939
84940
84941
84942
84943
84944
84945
84946
85505
85506
85507
85508
85513
85514
85515
85516
85517
85518
85519
85520
86072
86073
86074
86075
86076
86080
86081
86082
86083
86084
86633
86634
86635
86636
86639
86640
86641
86642
86643
87188
87189
87193
87194
87195
87196
87197
87198
87725
87728
87729