125434
125987
125988
125989
125990
125991
125992
126540
126541
126542
126543
126544
126545
126546
127084
127085
127086
127087
127088
127089
127090
127091
127092
127620
127621
127622
127623
127624
127625
127626
127627
127628
127629
127630
127631
128146
128147
128148
128149
128150
128151
128152
128153
128154
128155
128156
128157
128158
128159
128650
128651
128652
128653
128654
128655
128656
128657
128658
128659
129155
129156
129157
129158
129159
129666
129667
129668
129669
129670
129671
129672
129673
129676
130177
130178
130179
130180
130181
130182
130183
130184
130185
130186
130187
130188
130703
130704
130705
130706
130707
130708
130709
130710
130711
130712
130716
131212
131213
131214
131215
131216
131217
131218
131219
131220
131221
131222
131223
131224
131225
131226
131731
131732
131733
131734
131735
131736
131737
131738
131739
131740
131741
131742
131743
131744
131745
131746
131747
131748
131749
131750
131751
131752
131753
131754
131755
132249
132250
132251
132252
132253
132254
132255
132256
132257
132258
132259
132260
132261
132262
132263
132264
132265
132266
132267
132268
132269
132270
132271
132272
132273
132274
132275
132276
132277
132278
132279
132280
132765
132766
132767
132768
132769
132770
132771
132772
132773
132774
132775
132776
132777
132778
132779
132780
132781
132782
132783
132784
132785
132786
132787
132788
132789
132790
132791
132792
132793
132794
132795
132796
132797
132798
133317
133318
133319
133320
133321
133322
133323
133324
133325
133326
133327
133328
133329
133330
133331
133332
133333
133334
133335
133336
133337
133338
133339
133340
133341
133342
133343
133344
133345
133346
133882
133883
133884
133885
133886
133887
133888
133889
133890
133891
133892
133893
133894
133895
133896
133897
133898
133899
133900
133901
133902
133903
133904
133905
133906
133907
133908
133909
133910
133913
133914
133915
133916
134480
134481
134482
134483
134484
134485
134486
134487
134488
134489
134490
134491
134492
134493
134494
134495
134496
134497
134498
134499
134500
134501
134502
134503
134504
134505
134506
134507
134508
134509
134511
134513
134514
134515
134516
134517
134518
135063
135064
135065
135066
135067
135068
135069
135070
135071
135072
135073
135074
135075
135076
135077
135078
135079
135080
135081
135082
135083
135084
135085
135086
135087
135088
135089
135090
135091
135092
135093
135094
135095
135096
135097
135098
135099
135100
135101
135102
135103
135104
135105
135668
135669
135670
135671
135672
135673
135674
135675
135676
135677
135678
135679
135680
135681
135682
135683
135684
135685
135686
135687
135688
135689
135690
135691
135692
135694
135695
135696
135697
135698
135699
135700
135701
135702
135703
135704
135705
135706
135707
135708
135709
135710
135711
136273
136274
136275
136276
136277
136278
136279
136280
136281
136282
136283
136284
136285
136286
136287
136288
136290
136291
136292
136293
136294
136295
136296
136297
136301
136302
136303
136305
136306
136307
136308
136309
136310
136311
136312
136313
136314
136315
136316
136317
136318
136319
136879
136880
136881
136882
136886
136887
136888
136889
136890
136891
136892
136893
136894
136895
136896
136897
136898
136899
136900
136901
136902
136903
136904
136905
136906
136907
136908
136909
136911
136912
136913
136914
136915
136916
136917
136918
136919
136920
136921
137468
137469
137470
137471
137472
137477
137478
137479
137480
137481
137482
137483
137484
137485
137486
137487
137488
137489
137490
137491
137492
137493
137494
137495
137496
137497
137498
137499
137500
137501
137502
137503
137504
137505
137506
137507
137508
137509
137510
137511
137512
138035
138036
138037
138046
138047
138048
138049
138050
138051
138052
138053
138054
138055
138056
138057
138058
138059
138061
138062
138063
138064
138065
138066
138067
138068
138069
138070
138071
138072
138073
138074
138075
138076
138077
138078
138079
138080
138081
138623
138624
138625
138633
138634
138635
138636
138637
138638
138639
138640
138641
138642
138643
138644
138645
138646
138647
138648
138650
138651
138652
138654
138655
138656
138657
138658
138659
138660
138661
138662
138663
138664
138665
138666
138667
138668
138669
139216
139217
139218
139226
139227
139228
139229
139230
139231
139232
139233
139234
139235
139236
139237
139238
139239
139240
139241
139242
139243
139244
139245
139246
139247
139250
139251
139252
139253
139254
139255
139256
139257
139258
139259
139260
139261
139262
139263
139835
139836
139837
139838
139839
139840
139841
139842
139843
139844
139845
139846
139847
139848
139850
139851
139852
139853
139854
139855
139856
139857
139858
139859
139860
139861
139862
139863
139864
139865
139866
139867
139868
139869
140444
140445
140446
140447
140448
140449
140450
140451
140452
140453
140454
140455
140456
140457
140459
140460
140461
140462
140463
140464
140465
140466
140467
140468
140469
140470
140471
140472
140473
140474
141051
141052
141053
141054
141055
141056
141057
141058
141059
141060
141061
141063
141064
141065
141067
141069
141070
141071
141072
141073
141074
141075
141076
141077
141078
141630
141631
141632
141634
141635
141639
141642
141643
141647
141648
141649
141652
141653
141654
141655
141656
141657
141658
142190
142191
142192
142203
142204
142209
142210
142211
142214
142215
142216
142217
142218
142219
142220
142221
142751
142752
142763
142764
142765
142766
142769
142770
142771
142772
142774
142775
142776
142777
142778
142779
142780
142781
142782
142783
142784
142785
143314
143328
143329
143330
143331
143332
143333
143335
143336
143337
143338
143339
143340
143341
143342
143343
143344
143345
143346
143347
143861
143862
143863
143877
143878
143879
143881
143882
143884
143885
143886
143887
143888
143889
143890
143891
143892
143893
143894
143895
143896
143897
144401
144402
144403
144404
144405
144406
144407
144408
144409
144410
144411
144412
144413
144414
144415
144416
144417
144418
144419
144420
144421
144422
144423
144424
144425
144954
144955
144956
144957
144958
144959
144960
144961
144962
144963
144964
144965
144966
144967
144968
144969
144970
144971
144972
144973
145517
145520
145521
145522
145523
145524
145525
145526
145527
145528
145529
145530
145531
145532
145533
145534
146085
146086
146087
146088
146089
146090
146091
146092
146093
146094
146095
146096
146097
146658
146659
146660
146661
146662
146663
146664
146665
146666
146667
147211
147212
147213
147214
147215
147216
147217
147218
147772
147777
147778
147779
148313
148314
148315
148316
148858
148859
148860
148861
149391
149392
149393
149394
149395
149396
149397
149398
149927
149928
149931
149932
149933
149934
150464
150465
150467
150468
150469
150470
150471
150472
150473
150474
150992
150993
150994
150995
150996
150997
150998
150999
151000
151001
151002
151003
151004
151536
151537
151538
151539
151540
151541
151542
151543
151544
151545
152100
152101
152102
152103
152104
152105
152106
152107
152108
152109
152110
152660
152661
152662
152663
152664
152665
152666
152667
152668
152669
152670
152671
152672
153193
153194
153195
153196
153197
153198
153199
153721
153722
153723
154243
154244
154245