360131
360132
360133
360134
360641
360642
360643
360644
360645
361142
361143
361144
361145
361146
361147
361148
361149
361662
361663
361664
361665
361666
361667
361668
361669
361670
361671
362197
362198
362199
362200
362201
362202
362203
362715
362716
362717
362718
362719
362720
362721
362722
362723
362724
362725
362726
363228
363229
363230
363231
363232
363233
363234
363235
363236
363237
363747
363748
363749
363750
363751
363752
363753
363754
363755
363756
364261
364262
364265
364266
364267
364268
364269
364270
364271
364272
364273
364274
364275
364770
364771
364772
364773
364774
364775
364776
364777
364778
364779
364780
364781
364782
364783
364784
365274
365276
365277
365278
365279
365280
365281
365282
365283
365284
365285
365286
365287
365754
365755
365756
365757
365758
365759
365760
365761
365762
365763
365764
365765
365766
365767
366220
366221
366222
366223
366224
366225
366226
366227
366228
366229
366230
366231
366232
366233
366692
366693
366694
366695
366696
366697
366698
366699
366700
366701
366702
367184
367185
367186
367187
367188
367189
367190
367191
367192
367193
367194
367195
367196
367197
367198
367199
367704
367705
367706
367707
367708
367709
367710
367711
367712
367713
367714
367715
367716
367717
367718
367719
368203
368204
368205
368206
368207
368208
368209
368210
368211
368212
368213
368214
368215
368216
368217
368218
368219
368224
368225
368708
368709
368710
368711
368712
368713
368714
368715
368716
368717
368718
368719
368720
368721
368722
368728
368729
368730
368731
368732
369209
369210
369211
369212
369213
369214
369215
369216
369217
369218
369219
369220
369221
369222
369226
369227
369229
369230
369231
369232
369233
369234
369235
369681
369682
369683
369684
369685
369686
369687
369688
369689
369690
369693
369694
369698
369700
369701
369702
369703
369704
369705
369706
369707
369708
370156
370157
370158
370159
370160
370161
370162
370163
370164
370165
370166
370167
370168
370169
370171
370172
370173
370174
370175
370176
370177
370178
370179
370180
370181
370182
370183
370184
370644
370645
370646
370647
370648
370649
370650
370651
370652
370653
370654
370655
370656
370657
370658
370659
370660
370661
370662
370664
370665
370666
370667
370668
370669
370670
370671
371146
371147
371148
371149
371150
371151
371152
371153
371154
371155
371156
371157
371158
371159
371160
371161
371162
371163
371164
371165
371166
371167
371657
371658
371659
371660
371661
371662
371663
371664
371665
371667
371668
371669
371670
371671
371672
371673
371674
372171
372172
372173
372174
372175
372176
372177
372178
372179
372180
372181
372182
372183
372184
372185
372186
372187
372188
372189
372190
372191
372192
372193
372194
372195
372677
372678
372679
372680
372681
372682
372683
372684
372685
372686
372687
372688
372689
372690
372691
372692
372693
372694
372695
372696
372697
372698
372699
372700
372701
372702
373195
373196
373197
373198
373199
373200
373201
373202
373203
373204
373205
373206
373207
373208
373209
373210
373211
373212
373213
373214
373733
373734
373735
373736
373737
373738
373739
373740
373741
373742
373743
373744
373745
373746
373747
373748
373749
373750
373751
374289
374290
374291
374292
374293
374294
374295
374296
374297
374298
374299
374300
374301
374302
374303
374304
374305
374306
374307
374872
374873
374874
374875
374876
374877
374878
374879
374880
374881
374882
374883
374884
374885
374886
374887
374888
375450
375451
375452
375453
375454
375455
375456
375457
375458
375459
375460
375461
375462
375463
375464
375465
375466
375467
376042
376043
376044
376045
376046
376047
376048
376049
376050
376051
376052
376053
376054
376055
376056
376057
376058
376059
376060
376648
376649
376650
376651
376652
376653
376654
376655
376657
376658
376659
376660
376661
376662
376663
376664
376665
376666
376667
376668
376669
376670
377244
377245
377246
377247
377248
377249
377250
377251
377252
377253
377254
377255
377256
377257
377258
377259
377260
377261
377262
377263
377264
377821
377822
377823
377824
377825
377827
377828
377829
377830
377831
377832
377833
377834
377835
377836
377837
377838
377839
377840
377841
377845
378377
378378
378379
378380
378381
378382
378383
378384
378385
378386
378387
378390
378391
378392
378393
378394
378395
378396
378397
378398
378399
378400
378401
378402
378915
378916
378917
378918
378919
378920
378921
378922
378923
378924
378925
378926
378927
378928
378929
378930
378931
378932
378933
378934
378936
378937
378938
378939
378940
378941
378942
378943
379466
379467
379468
379469
379470
379471
379472
379473
379474
379475
379476
379477
379478
379479
379480
379481
379482
379483
379484
379485
379486
379487
379488
379489
379490
379491
379492
379493
379494
379495
379496
379497
379498
379499
379500
379501
380038
380039
380040
380041
380042
380043
380044
380045
380046
380047
380048
380049
380050
380051
380052
380053
380054
380055
380056
380057
380058
380059
380060
380061
380062
380063
380064
380065
380066
380067
380068
380069
380070
380071
380617
380618
380619
380620
380621
380622
380623
380624
380625
380626
380627
380628
380629
380630
380631
380632
380633
380634
380635
380636
380637
380638
380639
380640
380641
380642
380643
380644
380645
380646
380647
380648
380649
380650
381189
381190
381191
381192
381193
381194
381195
381196
381197
381198
381199
381200
381201
381202
381203
381204
381205
381206
381207
381208
381209
381210
381211
381212
381213
381214
381215
381216
381218
381219
381220
381221
381222
381223
381224
381225
381226
381760
381761
381762
381763
381764
381765
381766
381767
381768
381769
381770
381771
381772
381773
381774
381775
381776
381777
381778
381779
381780
381781
381782
381786
381787
381788
381789
381790
381791
381792
381793
381794
382311
382312
382313
382314
382315
382316
382317
382318
382319
382320
382321
382322
382323
382324
382325
382326
382327
382328
382329
382330
382331
382332
382337
382338
382339
382340
382341
382342
382343
382344
382859
382860
382861
382862
382863
382864
382865
382866
382867
382868
382869
382870
382871
382872
382873
382874
382875
382876
382877
382878
382879
382885
382886
382887
382888
382889
382890
382891
383430
383431
383432
383433
383434
383435
383436
383437
383438
383439
383440
383441
383442
383443
383444
383447
383448
383453
383454
383455
383456
384014
384015
384016
384017
384018
384019
384020
384021
384025
384026
384037
384039
384599
384600
384601
384602
384603
384604
384605
384606
384617
384619
384620
385152
385153
385154
385155
385156
385157
385158
385159
385174
385175
385694
385695
385696
385697
385698
385699
385700
385719
385720
385721
386256
386257
386258
386279
386280
386798
386817
386818
386819
386820
386821
387357
387358
387359
387360
387919
387920
387921
387922
387923
388472
388473
388474
388476
388477
388478
388479
388480
389017
389018
389019
389020
389021
389022
389023
389024
389025
389560
389561
389565
389566
389567
390101
390102
390103
390660
390662
390663
391212
391213
391214
391215
391216
391217
391769
391770
391771
391772
391773
391774
392315
392316
392317
392318
392319
392320
392321
392867
392868
392869