454535
454536
454854
454855
454856
455165
455166
455167
455169
455170
455171
455496
455497
455499
455500
455501
455502
455503
455504
455505
455844
455845
455846
455847
455848
455849
455850
455851
455852
456198
456201
456202
456204
456205
456206
456546
456547
456548
456549
456550
456551
456552
456554
456555
456875
456876
456877
456878
456879
456880
456881
456882
457201
457203
457204
457205
457206
457207
457520
457523
457524
457525
457526
457527
457528
457836
457837
457838
457839
457841
458129
458130
458131
458132
458133
458134
458135
458136
458436
458437
458438
458439
458440
458441
458442
458739
458740
458741
458742
458743
458744
458745
458746
458747
459046
459047
459048
459049
459050
459051
459052
459053
459054
459055
459056
459358
459359
459360
459361
459362
459363
459657
459658
459659
459660
459661
459662
459663
459664
459665
459666
459966
459967
459968
459969
459970
459971
459972
459973
459974
459975
459976
460267
460268
460269
460270
460271
460272
460273
460274
460275
460582
460586
460587
460588
460589
460590
460591
460592
460593
460594
460595
460596
460897
460898
460899
460900
460901
460902
460903
460904
460905
460906
460907
460908
461197
461198
461199
461200
461201
461202
461203
461204
461205
461206
461207
461208
461209
461210
461211
461212
461219
461220
461521
461522
461523
461524
461525
461526
461528
461529
461530
461531
461532
461533
461534
461535
461536
461537
461541
461542
461543
461847
461848
461849
461850
461851
461853
461854
461855
461856
461857
461858
461859
461860
461861
461864
461865
461866
462163
462164
462165
462166
462167
462168
462169
462170
462171
462172
462173
462174
462175
462176
462177
462178
462181
462182
462183
462184
462185
462186
462187
462188
462189
462190
462191
462483
462484
462485
462487
462488
462489
462490
462491
462492
462493
462494
462495
462496
462497
462498
462499
462503
462504
462505
462506
462507
462508
462509
462510
462511
462512
462513
462514
462515
462516
462802
462803
462804
462805
462806
462807
462808
462809
462810
462811
462812
462813
462814
462815
462816
462817
462818
462819
462820
462822
462823
462824
462825
462826
462827
462828
462829
462830
462831
462832
462833
462834
462835
462836
462837
463111
463112
463113
463114
463115
463116
463117
463118
463119
463120
463121
463122
463123
463124
463125
463126
463127
463128
463129
463130
463131
463132
463133
463134
463135
463136
463137
463138
463139
463140
463141
463142
463143
463144
463145
463146
463147
463148
463444
463445
463446
463447
463448
463449
463450
463451
463453
463454
463455
463456
463457
463458
463459
463460
463461
463462
463463
463464
463465
463466
463467
463468
463469
463470
463471
463472
463473
463474
463475
463476
463477
463478
463479
463480
463481
463765
463766
463767
463768
463769
463770
463772
463773
463774
463775
463776
463777
463778
463779
463780
463781
463782
463783
463784
463785
463786
463787
463788
463789
463790
463791
463792
463793
463794
463795
463796
463797
463798
463799
463800
463801
464089
464090
464091
464092
464093
464094
464095
464096
464099
464100
464101
464102
464103
464104
464105
464106
464107
464108
464109
464110
464111
464112
464113
464114
464115
464116
464117
464118
464119
464120
464121
464122
464123
464124
464125
464126
464127
464128
464129
464422
464423
464424
464425
464426
464427
464428
464429
464430
464431
464432
464433
464434
464435
464436
464437
464438
464439
464440
464442
464443
464447
464448
464449
464450
464451
464452
464453
464454
464455
464456
464457
464458
464459
464460
464461
464462
464463
464464
464465
464466
464467
464468
464469
464765
464767
464768
464769
464770
464771
464772
464773
464774
464775
464776
464777
464778
464779
464780
464781
464782
464783
464791
464792
464793
464794
464795
464796
464797
464798
464799
464800
464801
464802
464803
464804
464805
464806
464807
464808
464809
464810
464811
464812
465105
465106
465107
465109
465110
465111
465112
465113
465114
465115
465116
465117
465118
465119
465124
465125
465126
465127
465128
465129
465130
465131
465132
465133
465134
465135
465136
465137
465138
465139
465140
465141
465142
465143
465144
465145
465429
465430
465431
465432
465433
465436
465437
465438
465439
465440
465441
465444
465445
465446
465447
465448
465449
465450
465451
465452
465453
465454
465455
465456
465457
465458
465459
465460
465461
465462
465463
465759
465760
465761
465763
465765
465766
465767
465768
465769
465773
465774
465775
465776
465777
465778
465779
465780
465781
465782
465783
465784
465785
465786
465787
465788
465789
465790
465791
465792
465793
466101
466102
466103
466104
466105
466106
466107
466108
466109
466115
466116
466117
466118
466119
466120
466121
466122
466123
466124
466125
466126
466127
466128
466129
466130
466131
466132
466133
466436
466437
466438
466439
466440
466441
466442
466443
466447
466448
466449
466450
466451
466452
466453
466454
466455
466456
466457
466759
466760
466761
466762
466763
466766
466767
466768
466769
466773
466774
466775
466776
466777
466778
466779
466780
466781
467088
467089
467096
467097
467098
467099
467103
467104
467105
467106
467107
467108
467109
467110
467111
467428
467430
467431
467432
467433
467434
467435
467436
467437
467754
467755
467756
467757
467758
467759
467760
467761
468076
468077
468078
468079
468080
468081
468082
468377
468378
468379
468381
468382
468677
468678
468679
468680
468681
468682
468683
468684
468974
468975
468976
468977
468978
468979
468981
469262
469263
469264
469265
469266
469267
469269
469270
469271
469272
469273
469274
469566
469567
469568
469569
469570
469571
469572
469573
469574
469575
469576
469577
469578
469855
469856
469857
469858
469859
469860
469861
469862
469863
469864
469865
469867
469868
470136
470137
470138
470139
470140
470141
470142
470143
470144
470146
470147
470148
470149
470150
470151
470390
470391
470392
470393
470394
470395
470396
470397
470398
470399
470400
470401
470402
470403
470635
470636
470637
470638
470641
470642
470643
470644
470645
470646
470647
470648
470649
470650
470651
470652
470653
470654
470655
470901
470902
470903
470904
470907
470908
470909
470910
470911
470912
470913
470914
470915
470916
470917
470918
470919
470920
471173
471174
471175
471176
471180
471181
471182
471183
471184
471185
471186
471187
471188
471189
471190
471448
471449
471450
471452
471453
471454
471455
471456
471457
471458
471459
471460
471461
471462
471463
471464
471465
471716
471717
471718
471720
471721
471722
471723
471724
471725
471726
471727
471728
471729
471730
471731
471970
471971
471972
471973
471974
471975
471976
471977
471978
471979
471980
471981
471982
471983
471984
472252
472253
472254
472255
472256
472257
472258
472259
472260
472261
472262
472263
472264
472265
472266
472267
472268
472269
472270
472271
472272
472551
472552
472553
472554
472555
472556
472557
472558
472559
472560
472561
472562
472563
472564
472565
472566
472567
472568
472569
472570
472858
472859
472860
472861
472862
472863
472864
472865
472866
472867
472868
472869
472870
473160
473161
473164
473166
473167
473168
473169
473170
473458
473459
473465
473466
473467
473780