474330
474654
474655
474656
474949
474950
474951
474952
474975
474977
474978
474979
475280
475281
475282
475283
475284
475307
475308
475309
475311
475312
475313
475612
475613
475614
475615
475616
475643
475644
475645
475646
475647
475648
475939
475940
475941
475942
475943
475944
475945
475946
475973
475974
475975
475976
475977
476267
476268
476269
476270
476271
476272
476273
476274
476275
476300
476301
476302
476304
476612
476613
476614
476615
476616
476617
476618
476619
476620
476621
476648
476649
476969
476970
476971
476972
476973
476974
476975
476976
476977
476978
476979
476980
476981
476982
476983
476984
476985
476986
477007
477324
477325
477326
477327
477328
477329
477330
477331
477332
477333
477334
477335
477336
477337
477338
477339
477340
477341
477342
477343
477344
477345
477357
477358
477359
477360
477361
477362
477363
477691
477692
477693
477694
477695
477696
477697
477698
477699
477700
477701
477702
477703
477704
477705
477706
477707
477708
477709
477710
477711
477712
477713
477725
477726
477727
477728
477729
477730
477731
477732
477733
477734
477735
477736
477739
477740
478063
478064
478065
478066
478067
478068
478069
478070
478071
478072
478073
478074
478075
478076
478077
478078
478079
478080
478081
478082
478083
478084
478085
478086
478093
478094
478095
478096
478097
478098
478099
478100
478101
478102
478103
478104
478105
478106
478107
478108
478109
478110
478111
478112
478113
478430
478431
478432
478433
478434
478435
478436
478437
478438
478439
478440
478441
478442
478443
478444
478445
478446
478447
478448
478449
478450
478451
478452
478453
478455
478456
478457
478458
478459
478460
478461
478462
478463
478464
478465
478466
478467
478468
478469
478470
478471
478472
478473
478474
478475
478476
478477
478773
478774
478775
478776
478777
478778
478779
478780
478781
478782
478783
478784
478785
478786
478787
478788
478789
478790
478791
478792
478793
478794
478795
478796
478797
478798
478799
478800
478801
478802
478803
478804
478806
478807
478808
478809
478810
478811
478812
478813
478814
478815
478816
478817
478818
478819
478820
478821
478822
478823
478824
478825
478826
478827
478828
479121
479122
479123
479125
479126
479127
479128
479129
479130
479131
479132
479133
479134
479135
479136
479137
479138
479139
479140
479141
479142
479143
479144
479145
479146
479147
479148
479149
479150
479151
479152
479153
479154
479155
479156
479157
479158
479159
479160
479161
479162
479163
479164
479165
479166
479167
479168
479169
479170
479171
479172
479173
479174
479440
479441
479442
479443
479444
479445
479446
479447
479448
479449
479450
479451
479452
479453
479454
479455
479456
479457
479458
479459
479460
479461
479462
479463
479464
479465
479466
479467
479468
479469
479470
479471
479472
479473
479474
479475
479477
479478
479479
479480
479481
479482
479483
479484
479485
479486
479487
479488
479489
479490
479758
479759
479760
479761
479762
479766
479767
479768
479769
479770
479771
479772
479773
479774
479775
479776
479777
479778
479779
479780
479781
479782
479783
479784
479785
479786
479791
479792
479793
479794
479795
479796
479797
479798
479799
479800
479801
479802
479803
479804
479805
480079
480081
480086
480087
480088
480089
480090
480091
480092
480093
480094
480095
480096
480097
480098
480099
480100
480101
480102
480103
480104
480105
480106
480108
480109
480110
480111
480112
480113
480114
480115
480116
480117
480118
480119
480120
480121
480122
480397
480398
480399
480407
480408
480409
480410
480411
480412
480413
480414
480415
480416
480417
480418
480419
480420
480421
480422
480423
480424
480425
480426
480427
480428
480429
480430
480431
480432
480433
480434
480435
480436
480437
480438
480439
480440
480710
480711
480712
480713
480714
480715
480716
480718
480719
480720
480721
480722
480723
480724
480725
480726
480727
480728
480729
480730
480731
480732
480733
480734
480735
480736
480737
480738
480739
480740
480741
480742
480743
480744
480745
481022
481023
481024
481025
481026
481027
481032
481033
481034
481035
481036
481037
481038
481039
481040
481041
481042
481043
481044
481045
481046
481047
481048
481049
481050
481051
481052
481053
481054
481327
481328
481329
481330
481331
481332
481339
481340
481341
481342
481343
481344
481345
481346
481347
481348
481349
481350
481351
481352
481353
481354
481355
481356
481357
481358
481359
481360
481361
481362
481363
481364
481365
481671
481672
481673
481674
481675
481676
481683
481684
481685
481686
481687
481688
481689
481690
481691
481692
481693
481694
481695
481696
481697
481698
481699
481700
481701
481702
481703
481704
481705
481706
482025
482026
482035
482036
482037
482038
482040
482041
482042
482043
482044
482045
482046
482047
482048
482049
482050
482051
482052
482053
482054
482373
482374
482375
482380
482381
482382
482383
482384
482385
482386
482387
482388
482389
482390
482391
482392
482393
482394
482707
482712
482713
482714
482715
482716
482717
482718
482719
482720
482721
482722
482723
482724
482725
482726
482727
482728
483057
483058
483059
483060
483061
483062
483063
483064
483065
483066
483067
483068
483069
483070
483071
483072
483073
483074
483075
483076
483425
483426
483427
483428
483429
483430
483431
483432
483433
483434
483435
483436
483437
483438
483439
483440
483441
483442
483782
483783
483784
483785
483786
483788
483789
483790
483791
483792
483793
483794
483795
483797
483798
484116
484117
484118
484119
484120
484121
484122
484123
484124
484125
484126
484127
484128
484130
484131
484132
484133
484449
484450
484451
484452
484453
484454
484455
484456
484457
484458
484459
484460
484461
484462
484770
484774
484775
484776
484777
484778
484779
484780
484781
484782
484783
484785
484786
484787
484789
485101
485102
485103
485104
485105
485106
485107
485108
485109
485110
485115
485116
485117
485118
485439
485440
485441
485442
485443
485444
485445
485446
485448
485449
485450
485451
485452
485453
485774
485775
485777
485778
485781
485782
485783
485784
485785
485786
485787
485788
485789
486087
486088
486089
486090
486091
486092
486093
486094
486095
486096
486097
486099
486100
486101
486102
486103
486104
486408
486409
486410
486411
486412
486413
486414
486415
486417
486418
486419
486421
486422
486423
486424
486425
486426
486427
486734
486735
486736
486737
486738
486739
486740
486741
486743
486744
486749
486750
486751
486752
486753
486754
487099
487100
487101
487102
487103
487104
487105
487106
487111
487112
487113
487114
487115
487116
487117
487118
487462
487463
487464
487465
487467
487468
487469
487470
487475
487476
487477
487478
487479
487480
487847
487848
487849
487850
487851
487852
487853
487854
487861
487862
487863
487864
488220
488221
488222
488223
488224
488225
488226
488240
488241
488621
488622
488623
488624
488639
488640
489024
489025
489041
489043
489044
489444
489445
489446
489447
489448
489874
489875
489876
489877
489878
490289
490290
490291
490292
490293
490695
490696
490697
490699
491087
491088
491089
491090
491091
491486
491487
491488
491489
491490
491893
491894
491897
492313
492314
492729
492730
493162
493163
493164
493586