177234
177874
177875
177876
177877
178523
178524
178525
178526
178527
178528
178529
178530
179153
179155
179156
179157
179158
179159
179160
179161
179162
179781
179783
179784
179785
179786
179787
179788
179789
180427
180428
180429
180430
180431
180432
180433
180434
180435
181089
181090
181091
181092
181093
181094
181095
181096
181097
181098
181099
181100
181101
181102
181103
181104
181750
181751
181752
181753
181754
181755
181756
181757
181758
181759
181760
181761
181762
181763
181764
182390
182391
182395
182396
182397
182398
182399
182406
182407
182408
183030
183032
183033
183034
183035
183036
183037
183042
183043
183044
183653
183654
183655
183656
183657
183658
183659
183660
183661
183662
183663
183664
183665
183666
184236
184237
184238
184239
184240
184241
184242
184243
184244
184245
184246
184247
184248
184249
184250
184251
184252
184253
184842
184843
184844
184845
184846
184847
184848
184849
184850
184851
184852
184853
184854
184855
184856
184857
184858
184859
184860
185474
185477
185478
185479
185480
185481
185482
185483
185484
185485
185486
185487
185488
185489
185490
185491
185492
185493
186115
186116
186117
186118
186119
186120
186121
186122
186123
186125
186126
186127
186128
186129
186130
186747
186748
186753
186754
186755
186759
186760
186761
186762
186768
186769
186770
186772
186773
186774
186775
187371
187372
187378
187382
187383
187384
187385
187386
187387
187388
187394
187395
187396
187397
187398
187399
187400
187401
187402
187981
187982
187983
187984
187985
187987
187988
187989
187990
187991
187992
187993
187994
188000
188001
188002
188003
188004
188005
188006
188007
188008
188009
188591
188592
188593
188594
188595
188596
188597
188598
188599
188600
188601
188602
188603
188604
188605
188606
188607
188608
188609
188610
188611
188612
188616
188617
188618
188619
188620
188621
188622
188623
188624
188625
188626
188627
188630
189211
189213
189214
189215
189216
189217
189218
189219
189220
189221
189222
189224
189225
189227
189228
189229
189230
189231
189232
189233
189234
189235
189236
189237
189238
189239
189796
189797
189798
189799
189800
189801
189802
189803
189804
189805
189806
189807
189808
189809
189810
189812
189813
189814
189815
189816
189817
189818
189819
189820
189821
189822
189823
189824
189825
189826
190371
190372
190373
190374
190375
190376
190380
190381
190382
190383
190384
190389
190390
190391
190393
190394
190395
190396
190397
190398
190399
190400
190401
190402
190403
190404
190942
190943
190944
190950
190951
190952
190953
190954
190955
190956
190961
190962
190963
190964
190965
190966
190967
190968
190969
190970
190971
190972
191508
191509
191515
191516
191517
191518
191519
191520
191521
191524
191525
191526
191527
191531
191532
191533
191534
191535
192083
192084
192085
192086
192087
192088
192089
192095
192096
192101
192102
192103
192104
192105
192106
192645
192646
192647
192648
192649
192652
192653
192654
192655
192657
192658
192659
192660
192661
192662
192663
193210
193211
193212
193213
193215
193216
193217
193218
193219
193220
193221
193222
193223
193224
193225
193755
193756
193757
193758
193759
193760
193761
193762
193763
193764
193765
193766
193767
193768
193769
194318
194319
194320
194321
194322
194323
194324
194325
194326
194327
194328
194329
194330
194331
194332
194333
194883
194887
194888
194889
194890
194891
194892
194893
194894
194895
194896
194897
194898
194899
194900
194901
194902
194903
194904
194905
194906
195420
195421
195425
195426
195427
195428
195429
195430
195431
195432
195433
195434
195435
195436
195437
195438
195439
195440
195441
195442
195443
195444
195445
195446
195953
195954
195955
195961
195962
195963
195964
195965
195966
195967
195968
195969
195970
195971
195972
195973
195974
195975
195976
195977
195978
195979
195980
195981
196474
196475
196476
196477
196478
196479
196480
196481
196482
196483
196484
196485
196486
196487
196488
196489
196490
196491
196492
196493
196494
196495
196496
196497
196498
196499
196500
196501
196502
196991
196992
196993
196994
196995
196996
196997
196998
196999
197000
197001
197002
197003
197004
197006
197007
197008
197009
197010
197011
197013
197014
197015
197016
197017
197018
197019
197020
197021
197022
197023
197024
197025
197026
197027
197028
197029
197030
197507
197508
197509
197510
197511
197512
197513
197514
197515
197516
197517
197518
197519
197520
197521
197522
197523
197525
197526
197527
197528
197530
197531
197532
197533
197534
197535
197536
197537
197538
197539
197540
197541
197542
197543
197544
197545
198068
198069
198070
198071
198072
198073
198074
198075
198076
198077
198078
198079
198080
198081
198082
198083
198085
198086
198087
198088
198090
198091
198092
198093
198095
198096
198097
198098
198099
198100
198101
198102
198103
198104
198105
198106
198107
198619
198620
198621
198622
198623
198624
198625
198626
198627
198628
198629
198630
198631
198632
198634
198635
198636
198637
198638
198639
198640
198641
198642
198643
198646
198647
198648
198649
198650
198651
198652
198653
198654
198655
198656
198657
198658
198659
199212
199213
199214
199215
199216
199217
199218
199219
199220
199221
199222
199223
199224
199225
199226
199227
199228
199229
199232
199233
199234
199236
199237
199238
199239
199242
199243
199244
199245
199246
199247
199248
199249
199250
199251
199252
199253
199254
199811
199812
199813
199814
199815
199816
199817
199818
199819
199820
199821
199822
199823
199824
199825
199826
199827
199828
199829
199830
199831
199832
199833
199834
199836
199837
199840
199841
199842
199843
199844
199845
199846
199847
199848
199849
199850
199851
200405
200406
200407
200408
200409
200410
200411
200413
200414
200415
200416
200417
200418
200419
200420
200421
200422
200423
200429
200430
200431
200433
200434
200435
200436
200437
200438
200439
200440
200441
200442
200443
200444
200445
200446
200447
200448
200980
200982
200983
200984
200988
200989
200990
200991
200992
200993
200994
200995
201002
201003
201004
201005
201006
201007
201008
201009
201010
201011
201012
201013
201014
201015
201016
201017
201018
201019
201530
201532
201533
201536
201537
201538
201539
201540
201541
201542
201543
201548
201549
201550
201551
201552
201553
201554
201555
201556
201557
201558
201559
201560
201561
201562
201563
201564
201565
201566
202099
202102
202103
202104
202106
202107
202108
202109
202110
202111
202112
202113
202114
202122
202125
202126
202127
202128
202129
202130
202131
202132
202681
202682
202683
202684
202685
202686
202687
202688
202689
202690
202691
202692
202693
202694
202695
202696
202697
202698
202708
202709
202710
203253
203254
203255
203256
203257
203258
203259
203260
203261
203262
203263
203264
203265
203266
203267
203837
203838
203839
203840
203841
203842
203843
203844
203845
203847
203848
204401
204402
204403
204404
204405
204406
204407
204408
204409
204949
204950
204951
204952
204953
204954
204955
204956
205499
205500
205501
205502
205503
205504
205505
205506
206053
206054
206055
206056
206610
206611
206612
206613
207156
207157
207158
207159
207693
207694
207695
208208
208209
208712
208713