234950
234951
235499
235500
235501
235502
236075
236076
236077
236078
236079
236080
236682
236683
236684
236685
236686
236687
236695
237305
237306
237307
237308
237309
237310
237314
237315
237316
237920
237921
237922
237923
237924
237925
237926
237927
237928
237929
237930
238528
238531
238532
238533
238534
238535
238536
238537
238538
238539
238540
238541
239149
239150
239153
239154
239155
239156
239157
239158
239159
239160
239161
239162
239163
239164
239165
239771
239772
239773
239774
239775
239776
239777
239778
239779
239780
239781
239782
239783
239784
239785
239786
239787
239788
239789
239790
239791
240391
240392
240393
240394
240395
240396
240397
240398
240399
240400
240401
240402
240403
240404
240405
240406
240407
240408
240409
240410
240411
240968
240969
240970
240971
240972
240973
240974
240975
240976
240977
240978
240979
240980
240981
240982
240983
240984
240985
240986
240987
241545
241546
241547
241548
241549
241550
241551
241552
241553
241554
241555
241556
241557
241558
241559
242122
242126
242127
242128
242129
242130
242131
242132
242133
242134
242135
242136
242137
242138
242139
242140
242141
242142
242143
242144
242712
242713
242714
242716
242717
242718
242719
242720
242721
242722
242723
242724
242725
242726
242727
242728
242729
242730
242731
242732
242733
242734
243308
243311
243312
243313
243314
243315
243316
243317
243318
243319
243320
243321
243322
243323
243324
243325
243326
243327
243328
243329
243907
243908
243909
243910
243911
243912
243913
243914
243915
243916
243917
243918
243919
243920
243921
243922
243923
243924
243925
243926
243928
243929
243930
243931
244489
244491
244492
244493
244494
244495
244496
244497
244498
244499
244500
244501
244502
244503
244504
244505
244507
244508
244511
245095
245096
245097
245099
245100
245101
245102
245103
245104
245105
245106
245107
245108
245109
245110
245111
245112
245113
245114
245115
245116
245117
245118
245119
245120
245709
245710
245711
245713
245714
245715
245716
245717
245718
245719
245720
245721
245722
245723
245724
245725
245726
245727
245728
245729
245730
245731
246289
246290
246291
246292
246293
246294
246295
246296
246297
246298
246299
246300
246301
246302
246303
246304
246305
246306
246307
246308
246309
246310
246311
246881
246882
246883
246884
246885
246886
246887
246888
246889
246893
246894
246895
246896
246897
246898
246899
246900
246901
246902
246903
247470
247471
247472
247473
247474
247475
247476
247477
247478
247482
247483
247484
247485
247486
247487
247488
247489
247490
247491
248036
248037
248038
248039
248040
248041
248042
248043
248044
248045
248046
248047
248048
248049
248050
248051
248052
248053
248054
248055
248605
248606
248607
248608
248609
248610
248611
248612
248613
248614
248615
248616
248617
248618
248619
248620
248621
248622
248623
248624
249155
249156
249157
249158
249159
249160
249161
249162
249163
249164
249165
249166
249167
249168
249169
249170
249171
249172
249173
249715
249716
249717
249718
249719
249720
249721
249722
249723
249724
249725
249726
249727
249728
249729
249730
250251
250253
250254
250255
250256
250257
250258
250259
250260
250261
250262
250263
250264
250265
250266
250267
250268
250269
250270
250271
250272
250792
250793
250794
250795
250796
250797
250798
250799
250800
250801
250802
250803
250804
250805
250806
250807
250808
250809
250810
250811
250812
251351
251353
251354
251355
251356
251357
251358
251359
251360
251361
251364
251365
251916
251917
251918
251919
251920
251921
251922
251923
251924
251925
251929
251930
251931
252509
252510
252511
252512
252513
252514
252515
252516
252517
252518
252522
252523
252524
253096
253097
253098
253104
253105
253106
253107
253674
253675
253676
253677
253682
253683
254250
254251
254252
254256
254257
254258
254872
254873
254874
254875
254876
254880
254881
255488
255489
255490
255491
255492
255493
255494
255495
255496
255497
255498
255499
255500
255501
255502
255503
255504
256090
256091
256092
256093
256094
256095
256096
256097
256098
256099
256100
256101
256102
256103
256104
256105
256713
256714
256715
256716
256717
256718
256719
256720
256721
256722
256723
256724
256725
256726
256727
257333
257334
257335
257336
257337
257338
257339
257340
257341
257342
257343
257344
257345
257346
257347
257348
257349
257948
257949
257950
257951
257952
257953
257954
257955
257956
257957
257958
257959
257960
257961
257963
257964
257965
257966
257967
258562
258563
258564
258565
258566
258567
258568
258569
258570
258571
258572
258573
258574
258575
258576
258577
258578
258579
258580
258581
258582
258583
258584
258585
258586
258587
258588
259194
259195
259196
259197
259198
259199
259200
259201
259202
259203
259204
259205
259206
259207
259208
259209
259210
259211
259213
259214
259215
259216
259217
259218
259219
259220
259221
259841
259842
259843
259844
259845
259846
259847
259848
259849
259850
259851
259852
259853
259854
259855
259856
259857
259858
259859
259860
259861
259862
259863
259864
259865
259866
259867
259868
260489
260490
260491
260492
260493
260494
260495
260496
260497
260498
260499
260500
260501
260502
260503
260504
260505
260506
260507
260509
260510
260511
260512
260513
260514
260515
260516
261110
261111
261112
261113
261114
261115
261116
261117
261118
261119
261120
261121
261122
261123
261124
261125
261126
261127
261128
261129
261130
261131
261132
261133
261134
261135
261720
261721
261722
261723
261724
261725
261726
261727
261728
261729
261730
261731
261732
261733
261734
261735
261736
261737
261738
261739
261740
261741
261742
261743
262334
262335
262336
262337
262338
262339
262340
262341
262342
262343
262344
262345
262346
262347
262348
262349
262350
262351
262352
262353
262354
262355
262356
262357
262358
262359
262360
262938
262939
262940
262941
262942
262943
262944
262945
262946
262947
262948
262949
262950
262951
262952
262953
262954
262955
262956
262957
262958
262959
262960
262961
262962
262963
262964
262965
263540
263541
263542
263543
263544
263545
263546
263547
263548
263549
263550
263551
263552
263553
263554
263555
263556
263557
263558
263559
263561
263562
264142
264143
264144
264145
264146
264147
264148
264149
264150
264151
264152
264153
264154
264155
264156
264157
264158
264163
264768
264769
264770
264771
264772
264773
264774
264775
264776
264777
264778
264779
264780
264781
264782
264783
264784
264785
265398
265399
265400
265401
265402
265403
265404
265405
265406
265407
265408
265409
265410
265411
265412
265413
265414
266029
266030
266031
266032
266033
266034
266035
266036
266037
266038
266039
266040
266041
266042
266043
266641
266642
266643
266644
266645
266646
266647
266648
266649
267251
267252
267253
267254
267255
267256
267257
267258
267877
267878
267879
267880
267881
267882
267883
267884
268505
268506
268507
268508
268509
268510
269134
269135
269136
269137
269138
269139
269142
269765
269766
269767
269768
269769
270415
270416
270417
270418
270419
270420
270421
271063
271064
271065
271066
271711
271712
271713
271714
271715
272356
272357
272358
272359
272360
272361
272362
273000
273002
273003
273004
273006
273669
273670
273671