57107
57666
58212
58213
58214
58773
58774
58775
59336
59338
59339
59340
59930
59931
59932
59933
59934
59935
59936
59937
60541
60542
60543
60544
60545
60546
60547
60548
60549
60550
60551
60552
60553
60554
61139
61140
61141
61142
61143
61144
61145
61146
61147
61148
61149
61150
61151
61152
61153
61154
61155
61156
61724
61725
61726
61727
61728
61729
61730
61731
61732
61733
61734
61735
61737
61738
61739
61740
61741
61742
61743
61745
62322
62323
62324
62325
62326
62327
62328
62329
62330
62331
62332
62333
62334
62335
62336
62337
62338
62339
62340
62341
62342
62897
62898
62899
62900
62901
62902
62903
62904
62905
62906
62908
62909
62910
62911
62912
62913
62914
62915
62916
62917
62918
63460
63461
63462
63463
63464
63465
63466
63467
63468
63469
63470
63471
63472
63473
63474
63475
63476
63477
63478
63479
64052
64053
64054
64055
64056
64057
64058
64059
64060
64061
64062
64063
64064
64065
64066
64067
64068
64069
64070
64071
64651
64652
64653
64654
64655
64656
64657
64658
64659
64660
64661
64662
64663
64664
64665
64666
64667
64668
64669
64670
64671
64672
65236
65239
65240
65241
65242
65244
65245
65246
65247
65248
65249
65250
65251
65252
65253
65254
65255
65256
65809
65810
65812
65813
65814
65815
65816
65818
65819
65820
65821
65822
65823
65824
65825
65826
65827
65829
65830
65831
65832
66359
66360
66361
66363
66364
66365
66366
66367
66368
66369
66370
66371
66372
66373
66374
66375
66376
66377
66378
66379
66380
66381
66382
66383
66384
66896
66897
66898
66899
66900
66901
66902
66903
66904
66905
66906
66907
66908
66909
66910
66911
66912
66913
66914
66915
66916
66918
66919
66920
66921
66922
66923
67432
67433
67434
67435
67436
67437
67438
67439
67440
67441
67442
67443
67444
67445
67446
67447
67448
67449
67450
67451
67452
67453
67454
67455
67456
67457
67997
67998
67999
68000
68001
68002
68003
68004
68005
68006
68007
68008
68009
68010
68011
68012
68013
68015
68016
68017
68018
68019
68020
68021
68022
68023
68024
68025
68026
68527
68528
68529
68530
68531
68532
68533
68534
68535
68536
68537
68538
68539
68540
68541
68542
68543
68544
68545
68546
68547
68548
68549
68550
68551
68552
68553
68554
68555
68556
68557
68558
68559
68560
68561
68562
69050
69051
69052
69053
69054
69055
69056
69057
69058
69059
69060
69061
69062
69063
69064
69065
69066
69067
69068
69069
69070
69071
69072
69073
69074
69075
69076
69077
69078
69079
69080
69595
69596
69597
69598
69599
69600
69601
69602
69603
69604
69605
69606
69607
69608
69609
69610
69611
69612
69613
69614
69615
69616
69617
69618
69619
69620
69621
69622
69623
69624
69625
69626
69627
69628
70130
70131
70132
70133
70134
70135
70136
70137
70138
70139
70140
70141
70142
70143
70144
70145
70146
70147
70148
70149
70150
70151
70152
70153
70154
70155
70156
70677
70678
70679
70680
70681
70682
70683
70684
70685
70686
70687
70690
70691
70692
70693
70694
70695
70696
70697
70698
70699
70700
70701
70702
70703
71221
71222
71223
71224
71225
71226
71227
71228
71229
71230
71232
71233
71234
71235
71236
71237
71238
71239
71240
71241
71242
71243
71244
71245
71246
71247
71248
71249
71784
71785
71786
71787
71788
71789
71790
71791
71792
71793
71794
71795
71796
71797
71798
71799
71800
71801
71802
71803
71804
71805
71806
71807
71808
71809
71810
71811
71812
71813
71814
72351
72352
72353
72354
72355
72356
72357
72358
72359
72360
72361
72362
72363
72364
72365
72366
72370
72371
72372
72373
72374
72375
72376
72377
72378
72379
72380
72909
72910
72911
72912
72913
72914
72915
72916
72917
72918
72923
72924
72925
72930
72931
72932
72933
72934
72935
72936
73466
73467
73468
73469
73470
73471
73472
73473
73474
73479
73480
73481
73486
73487
73488
73489
73490
73491
73492
74031
74032
74033
74034
74035
74036
74037
74038
74039
74040
74041
74044
74045
74046
74047
74053
74054
74055
74056
74057
74058
74059
74585
74586
74589
74590
74591
74592
74593
74594
74595
74596
74597
74599
74600
74601
74602
74608
74609
74610
74611
74612
74613
75155
75156
75159
75160
75162
75163
75164
75165
75166
75167
75168
75169
75170
75171
75172
75173
75178
75179
75180
75181
75182
75183
75184
75756
75757
75758
75759
75760
75761
75762
75763
75764
75765
75766
75767
75768
75769
75770
75771
75772
75773
75775
75776
75777
75778
75779
75780
75781
76336
76337
76338
76339
76341
76342
76343
76344
76345
76346
76347
76348
76351
76352
76353
76354
76357
76358
76361
76362
76912
76913
76914
76915
76916
76917
76918
76919
76920
76921
76922
76924
76928
76932
76933
77470
77471
77472
77473
77474
77475
77476
77477
77478
77479
77482
77483
77484
78042
78045
78046
78047
78048
78049
78050
78051
78052
78053
78054
78055
78056
78057
78625
78626
78627
78628
78629
78630
78631
78632
78633
78634
78635
78636
78637
79221
79222
79223
79224
79225
79227
79228
79229
79230
79231
79808
79810
79811
79812
79813
79814
79815
79816
79818
79819
79820
79821
79822
80384
80385
80386
80400
80401
80402
80403
80404
80405
80406
80407
80408
80409
80410
80411
80412
80413
80414
80974
80975
80976
80977
80985
80986
80987
80988
80989
80990
80991
80993
80995
80996
81527
81528
81529
81537
81538
81539
81540
81541
81542
81548
82109
82110
82117
82118
82119
82121
82701
82702
82703
82704
82713
82714
82715
82716
82717
83291
83292
83293
83294
83295
83309
83310
83311
83858
83859
83860
83861
83862
83863
83876
84417
84418
84419
84434
84435
84436
84991
84992
84993
84994
84995
85004
85005
85006
85007
85008
85011
85565
85566
85567
85569
85570
85571
85572
85580
85581
85582
85583
85584
85585
85587
85588
86123
86124
86125
86126
86127
86128
86129
86130
86131
86132
86134
86135
86136
86137
86138
86139
86140
86141
86142
86143
86144
86146
86147
86673
86674
86675
86676
86677
86678
86679
86680
86681
86683
86684
86685
86686
86687
86688
86689
86690
86691
86692
86693
86694
86696
86697
86698
86699
86700
87219
87220
87221
87222
87223
87224
87225
87226
87227
87228
87229
87230
87232
87233
87234
87235
87236
87237
87238
87239
87240
87243
87244
87245
87746
87747
87748
87751
87753
87754
87757
87758
87759
87760
87761
87762
87763
88267
88268
88269
88270
88278
88279
88280
88281
88282
88284
88792
88793
88794
88795
88803
88804
88806
89308
89309
89310
89842