69355
69356
69889
69890
69891
69892
70437
70438
70439
70995
70996
70997
70998
70999
71000
71001
71553
71554
71555
71556
71557
71558
71559
71560
72114
72115
72116
72117
72118
72119
72120
72121
72122
72683
72684
72685
72686
72687
72688
72689
72690
73238
73239
73240
73241
73242
73243
73244
73804
73810
73811
73812
73813
73820
73821
74357
74360
74361
74362
74363
74367
74368
74369
74370
74371
74372
74373
74380
74381
74908
74912
74913
74914
74915
74916
74918
74919
74920
74921
74922
74923
74928
74929
74930
74931
74932
75485
75486
75487
75488
75489
75490
75491
75492
75493
75494
75495
75496
75497
75498
75499
75500
75501
75502
75503
75504
75505
75506
75507
75508
75511
75512
75513
75514
75515
75516
76071
76072
76073
76074
76075
76076
76077
76079
76080
76081
76082
76083
76085
76086
76087
76088
76089
76090
76091
76092
76093
76094
76095
76096
76097
76098
76099
76100
76101
76102
76103
76104
76105
76106
76107
76108
76109
76644
76645
76646
76647
76648
76649
76650
76651
76652
76653
76654
76655
76656
76657
76658
76659
76660
76661
76662
76663
76664
76665
76666
76667
76668
76669
76670
76671
76672
76674
76675
76676
76677
76678
77208
77209
77210
77211
77212
77213
77214
77215
77216
77217
77218
77219
77220
77221
77222
77223
77224
77225
77226
77227
77228
77229
77230
77231
77232
77233
77234
77235
77236
77237
77782
77783
77784
77785
77788
77789
77790
77791
77792
77793
77794
77795
77796
77797
77798
77799
77800
77801
77802
77803
77804
77805
77806
77807
77808
78365
78366
78367
78368
78369
78370
78371
78372
78373
78374
78375
78376
78377
78378
78379
78380
78381
78382
78383
78384
78385
78961
78962
78963
78964
78965
78966
78967
78968
78969
78970
78971
78972
78973
78974
78975
78976
78977
78978
78979
78980
78981
78982
78983
79552
79553
79554
79555
79556
79557
79558
79559
79560
79561
79562
79563
79564
79565
79566
79567
79568
79569
80156
80157
80158
80159
80160
80161
80162
80163
80164
80165
80166
80167
80168
80169
80170
80171
80172
80738
80739
80740
80741
80742
80745
80746
80747
80748
80749
80750
80751
80752
80753
80754
80755
80756
81307
81310
81311
81312
81313
81314
81315
81316
81317
81318
81319
81320
81321
81322
81860
81861
81865
81866
81867
81868
81869
81870
81871
81872
81873
82457
82458
82459
82460
82461
82462
82463
82464
83057
83058
83059
83060
83061
83062
83063
83064
83065
83626
83627
83628
83629
83630
83632
84181
84182
84183
84184
84185
84186
84187
84756
84757
84758
84759
84760
84761
84762
84763
85328
85329
85330
85331
85332
85333
85334
85904
85906
85907
85908
85910
85911
85913
85914
85916
86451
86452
86453
86454
86455
86456
86458
86459
86461
86462
86463
86464
86465
86466
86467
87023
87024
87025
87028
87029
87031
87033
87034
87035
87036
87037
87038
87559
87560
87561
87562
87563
87564
87565
87566
87567
87568
87569
87570
87571
87572
87573
87574
87575
87576
88075
88076
88077
88078
88079
88080
88081
88082
88083
88084
88085
88086
88087
88088
88089
88090
88091
88092
88093
88094
88095
88096
88097
88098
88099
88597
88598
88599
88600
88601
88602
88603
88604
88605
88606
88607
88608
88609
88610
88611
88612
88613
88614
88615
88616
88617
88618
88619
88620
88621
88622
88623
88624
88625
89120
89121
89122
89123
89124
89125
89126
89127
89128
89129
89130
89131
89132
89133
89134
89135
89136
89137
89138
89139
89140
89141
89142
89143
89144
89145
89146
89147
89640
89641
89642
89643
89644
89645
89646
89647
89648
89649
89650
89651
89652
89653
89654
89655
89656
89657
89658
89659
89660
89661
89662
89663
89664
90167
90168
90169
90170
90171
90172
90173
90174
90175
90176
90177
90178
90179
90180
90181
90182
90183
90184
90185
90186
90187
90188
90189
90190
90191
90192
90705
90706
90707
90708
90709
90710
90711
90712
90713
90714
90715
90716
90717
90718
90719
90720
90721
90722
90723
90724
91260
91261
91262
91263
91264
91265
91266
91267
91268
91269
91270
91271
91272
91273
91274
91275
91276
91277
91278
91826
91827
91828
91829
91830
91831
91832
91833
91834
91835
91836
91837
91838
91839
91840
91841
91842
91843
91844
91845
91846
91847
91848
92402
92403
92404
92405
92406
92407
92408
92409
92410
92411
92412
92413
92414
92415
92416
92417
92418
92419
92420
92421
92985
92986
92987
92988
92989
92990
92991
92992
92993
92994
92995
92996
92997
92998
92999
93000
93001
93603
93604
93605
93606
93607
93608
93609
93610
93611
93612
93613
93614
93615
93616
93617
93618
93619
93620
93621
93622
93623
94230
94231
94232
94233
94234
94235
94236
94237
94238
94239
94240
94241
94242
94243
94244
94245
94246
94247
94248
94250
94251
94252
94253
94852
94853
94854
94855
94858
94859
94860
94861
94862
94863
94864
94865
95482
95483
95484
95485
95486
95487
95488
95489
95490
95491
95492
96124
96125
96126
96127
96128
96129
96130
96131
96132
96133
96134
96135
96764
96765
96766
96767
96768
96769
96770
97417
97418
97419
97420
97421
97422
97423
98032
98033
98034
98035
98036
98037
98038
98039
98641
98642
98643
98644
98645
98646
98647
98648
99253
99254
99255
99256
99902
99903
99904
99905
99906
100554
100555
100556
100557
100558
100559
101230
101231
101232
101233
101234
101235
101901
101902
101903
101904
101905
102543
102544
102546
102547
103160
103161
103162
103163
103773
103774
103775
103776
103777
104398
104399
104400
104403
105018
105019
105020
105021
105022
105023
105024
105025
105026
105027
105030
105646
105647
105648
105649
105650
105651
105652
105653
105654
105657
106261
106262
106263
106264
106265
106266
106267
106268
106269
106270
106271
106875
106876
106877
106878
106880
106881
106882
107474
107475
107476
107477
107478
107481
107482
107483
108077
108078
108082
108083
108085
108086
108087
108088
108703
108705
109340
109341
109342
109343
109345
109346
109347
109348
109976
109977
109978
109979
109980
109981
109982
109983
109984
110591
110592
110593
110594
110595
110596
110597
110598
110599
110600
111238
111241
111243
111244
111245
111858
111859
111860
111862
111863
111864
112456
112457
112458
112459
112460
113050
113051
113053
113627
114190
114191
114192
114194
114745
114746
114747
114748
115307
115309
115310
115861
115862
115863
115864
115865
116418
116419
116420
116421
116967
116968
116969
116970
116971
117531
117532
117533
117534
118067
118068
118069
118070
118071
118615
118616
118617
119151
119152
119153
119700
119701
119702
119703
119704
120245
120246
120247
120783
120784