342672
342673
342674
343231
343232
343233
343234
343235
343236
343798
343799
343800
343801
343802
343803
343804
343805
343806
343807
344342
344343
344344
344345
344346
344347
344348
344349
344350
344351
344352
344353
344354
344355
344356
344879
344880
344881
344882
344883
344884
344885
344886
344887
344888
344889
344890
344891
344892
345423
345424
345425
345426
345427
345428
345429
345430
345431
345432
345433
345434
345435
345436
345437
345438
345964
345965
345966
345967
345968
345969
345970
345971
345972
345973
345974
345975
345976
345977
345978
345979
345980
345981
345982
345983
346501
346502
346503
346504
346505
346506
346507
346508
346509
346510
346511
346512
346513
346514
346515
346516
346517
346518
346519
346520
346521
346522
347047
347048
347049
347050
347051
347052
347053
347054
347055
347056
347057
347058
347059
347060
347061
347062
347063
347064
347065
347602
347603
347604
347605
347606
347607
347608
347609
347610
347611
347612
347613
347614
347615
347616
347617
347618
347619
347620
347621
347622
347623
347624
347625
348185
348186
348187
348188
348189
348190
348191
348192
348193
348194
348195
348196
348197
348198
348199
348200
348201
348202
348203
348204
348205
348206
348772
348773
348774
348775
348776
348777
348778
348779
348780
348781
348782
348783
348784
348785
348786
348787
348788
348789
348790
348791
348792
349388
349389
349390
349391
349392
349393
349394
349395
349396
349397
349398
349399
349400
349401
349402
349403
349404
349405
349406
349993
349994
349995
349996
349997
349998
349999
350000
350001
350002
350003
350004
350005
350006
350007
350008
350585
350586
350587
350588
350589
350590
350591
350592
350593
350594
350595
350596
351151
351152
351154
351155
351156
351157
351158
351159
351160
351161
351719
351720
351721
351722
351723
351724
351725
351726
351727
351728
352277
352278
352279
352280
352281
352282
352283
352284
352285
352286
352841
352842
352843
352844
352845
352846
352847
352848
352849
353412
353413
353414
353415
353416
353417
353418
353419
353420
353421
353422
353991
353992
353993
353994
353995
353996
353997
353998
353999
354000
354001
354002
354563
354564
354565
354566
354567
354568
354569
354570
354571
354572
354573
354574
354575
355165
355166
355167
355168
355169
355170
355171
355172
355173
355174
355175
355176
355177
355178
355758
355759
355760
355761
355762
355763
355764
355765
355766
355767
355768
355769
355770
355771
355773
355774
356319
356320
356321
356324
356331
356332
356333
356334
356335
356336
356337
356338
356339
356340
356341
356342
356343
356344
356891
356892
356893
356894
356895
356896
356897
356904
356905
356906
356907
356908
356909
356910
356911
356912
356913
356914
356915
356916
356917
356918
356919
356920
357440
357441
357442
357443
357444
357445
357446
357447
357448
357453
357454
357455
357456
357457
357458
357459
357460
357461
357462
357463
357464
357465
357466
357467
357998
357999
358000
358001
358002
358003
358004
358014
358015
358016
358017
358018
358019
358020
358021
358022
358023
358024
358025
358026
358027
358542
358543
358544
358545
358546
358547
358548
358559
358560
358561
358562
358563
358564
358565
358566
358567
358568
358569
358570
358571
358572
359084
359085
359086
359087
359088
359089
359101
359102
359103
359104
359105
359106
359107
359108
359109
359110
359111
359112
359113
359114
359115
359614
359615
359616
359617
359618
359619
359620
359630
359633
359634
359635
359636
359637
359638
359639
359640
359641
359642
359643
359644
359645
359646
360149
360150
360151
360152
360153
360162
360163
360164
360165
360166
360167
360168
360169
360170
360171
360172
360173
360174
360175
360176
360177
360654
360655
360656
360657
360667
360668
360669
360670
360671
360672
360673
360674
360675
360676
360677
361161
361162
361163
361164
361165
361167
361168
361169
361173
361174
361175
361176
361177
361178
361179
361180
361181
361682
361683
361684
361685
361686
361687
361688
361689
361690
361694
361695
361696
361697
361698
361699
361700
361701
361702
362213
362214
362215
362216
362217
362218
362219
362220
362221
362222
362228
362229
362230
362231
362232
362233
362234
362235
362236
362741
362742
362743
362744
362745
362746
362747
362748
362749
362750
362753
362754
362755
362756
362757
362758
362759
362760
362761
362762
363252
363253
363254
363255
363256
363257
363258
363259
363260
363261
363262
363263
363266
363267
363268
363269
363270
363271
363272
363769
363770
363771
363772
363773
363774
363775
363776
363777
363778
363779
363780
363781
363783
363784
363786
363787
363789
363790
363791
363792
364288
364289
364290
364291
364292
364293
364294
364295
364296
364297
364298
364299
364300
364303
364304
364305
364306
364309
364310
364311
364312
364797
364798
364799
364800
364801
364802
364803
364804
364805
364806
364807
364810
364811
364812
364814
364815
364816
364817
364818
364819
364820
365300
365301
365302
365303
365304
365305
365306
365307
365313
365314
365315
365316
365317
365318
365319
365321
365322
365781
365782
365790
365791
365792
365794
365795
365796
365797
365798
366256
366257
366258
366259
366260
366261
366262
366263
366264
366726
366727
366728
366729
366730
366731
366732
366734
367221
367222
367223
367224
367225
367226
367735
367736
367737
367738
367739
368243
368244
368245
368246
368247
368248
368249
368752
368754
368756
368757
369251
369254
369255
369718
369723
369724
370192
370193
370194
370199
370200
370201
370678
370679
370680
370681
370682
370683
370684
370685
370686
370687
370688
370689
370690
371173
371174
371175
371176
371177
371178
371179
371180
371181
371182
371183
371184
371185
371186
371187
371188
371189
371190
371677
371678
371679
371680
371681
371682
371683
371684
371685
371686
371687
371689
371690
371691
371692
371693
371694
371695
372198
372199
372200
372201
372202
372203
372204
372205
372207
372208
372209
372210
372211
372212
372213
372214
372215
372707
372708
372709
372710
372711
372714
372715
372716
372717
372718
372719
372720
373219
373220
373221
373222
373223
373226
373227
373228
373229
373230
373231
373232
373233
373234
373235
373236
373752
373753
373754
373757
373758
373759
373760
373761
373762
373763
373764
373765
373766
373767
373769
373770
373771
373774
373775
373776
373777
374308
374309
374310
374311
374312
374313
374314
374315
374316
374317
374318
374319
374320
374321
374322
374323
374326
374327
374328
374329
374330
374331
374889
374890
374891
374892
374893
374894
374895
374896
374897
374898
374899
374900
374901
374902
374903
374904
374905
374907
375469
375470
375471
375472
375473
375474
375475
375476
375477
375478
375479
375480
375481
375482
375483
375484
375485
375486
375487
375488
375489
376061
376062
376063
376064
376065
376066
376067
376068
376069
376070
376071
376072
376073
376074
376075
376076
376077
376078
376079
376671
376672
376673
376674
376675
376676
376677
376678
376679
376680
376681
376682
376683
376684
376685
376686
376687
377265
377266
377267
377268
377269
377270
377271
377272
377273
377274
377275
377276
377277
377278
377842
377843
377844
377846
377847
377848
377849
378403
378944