183
187
188
189
190
191
192
193
194
196
197
643
644
645
646
647
648
649
650
654
655
1088
1089
1090
1091
1092
1093
1094
1095
1096
1100
1101
1102
1518
1519
1520
1521
1523
1524
1525
1526
1527
1528
1529
1530
1535
1536
1537
1934
1935
1936
1938
1939
1940
1941
1942
1943
1946
1947
2338
2340
2341
2342
2343
2344
2345
2346
2347
2348
2349
2350
2754
2755
2756
2757
2758
2759
2760
2761
2762
2763
2764
2765
2766
3178
3179
3180
3181
3182
3183
3184
3185
3186
3187
3188
3189
3190
3562
3563
3564
3565
3566
3567
3568
3569
3570
3571
3572
3573
3943
3944
3945
3946
3947
3948
3949
3950
3951
3952
3953
3954
3955
4315
4316
4317
4318
4319
4320
4321
4322
4323
4324
4325
4326
4327
4328
4730
4731
4732
4733
4734
4736
4737
4738
4739
4740
4741
4742
4743
4744
4745
5151
5153
5154
5155
5156
5157
5158
5159
5160
5161
5162
5163
5164
5165
5576
5577
5578
5579
5580
5581
5582
5583
5584
5585
5586
5587
5588
6012
6013
6014
6015
6016
6017
6018
6019
6020
6021
6022
6023
6470
6471
6472
6473
6474
6475
6476
6477
6478
6479
6480
6481
6945
6946
6947
6948
6949
6950
6951
6952
6953
6954
6955
7451
7452
7453
7454
7455
7456
7457
7458
7459
7460
7954
7955
7956
7957
7958
7959
7960
7961
7962
7963
7964
8449
8452
8453
8454
8455
8456
8936
8937
8938
8939
8940
8941
9460
9465
9466
9984
9987
9988
9989
10529
10530
10534
10535
10536
10537
11073
11074
11075
11078
11079
11080
11081
11637
11638
11639
11640
11642
11643
11644
11645
12226
12227
12228
12230
12231
12232
12233
12234
12808
12809
12810
12811
12812
12813
12814
12815
12816
12817
12818
12822
12823
13407
13408
13409
13410
13411
13412
13413
13414
13415
13416
13417
13418
13419
13420
13998
13999
14000
14001
14002
14003
14004
14005
14006
14007
14008
14009
14010
14011
14584
14585
14586
14587
14588
14589
14590
14591
14592
14593
14594
14595
14596
14597
14598
14599
14600
15176
15177
15178
15179
15180
15181
15182
15183
15184
15185
15186
15187
15188
15189
15190
15757
15761
15764
15765
15766
15767
15768
15769
16337
16338
16339
16340
16910
16911
16912
16913
16914
17494
17497
17498
17499
17500
17501
17502
18053
18054
18055
18056
18057
18058
18059
18060
18061
18062
18063
18064
18586
18587
18588
18589
18590
18591
18592
18593
18594
18595
18596
18597
19127
19128
19129
19130
19131
19132
19133
19134
19135
19136
19137
19665
19666
19667
19668
19669
19670
19671
20197
20198
20199
20200
20201
20202
20203
20204
20758
20759
20760
20761
20762
20763
20764
20765
20766
21315
21316
21317
21318
21319
21320
21321
21322
21323
21867
21868
21869
21870
21871
22396
22397
22918
22919
22920
22921
23453
23977
23978
23980
23981
24484
24485
24487
24488
24489
24490
24491
24973
24976
24977
25468
25469
25470
25471
25472
25473
25474
25966
25967
25968
25969
25970
25971
26465
26466
26467
26468
26469
26954
486221
486527
486528
486529
486530
486531
486532
486872
486873
486874
486875
487244
487245
487246
487607
487608
487609
487610
487981
487982
487983
487984
487985
487989
487990
487991
487992
487993
487994
488378
488379
488380
488381
488382
488384
488385
488386
488387
488388
488389
488786
488787
488788
488789
488790
488791
488792
488794
488795
488796
488797
488798
489186
489187
489188
489190
489191
489192
489193
489194
489195
489196
489197
489198
489609
489610
489611
489615
489616
489621
489622
490040
490041
490042
490045
490046
490451
490452
490453
490455
490863
490864
490865
491253
491254
491255
491256
491257
491660
491662
491663
491664
491665
491666
491667
491668
492078
492079
492080
492082
492498
492499
492500
492501
492502
492503
492504
492505
492508
492509
492511
492919
492920
492921
492922
492923
492924
492925
492926
492927
492928
492930
492931
492932
492933
492934
493355
493356
493357
493358
493359
493360
493361
493362
493363
493364
493365
493366
493367
493368
493786
493787
493788
493789
493790
493791
493792
493793
493794
493795
493796
493797
493798
493799
493800
494221
494222
494223
494224
494225
494226
494227
494228
494229
494230
494231
494234
494666
494667
494668
494669
494671
494672
494673
494674
494675
494676
495101
495102
495103
495104
495114
495115
495116
495117
495120
495124
495125
495126
495127
495559
495560
495561
495562
495567
495571
495572
495585
495586
495587
495588
495589
496007
496008
496009
496010
496013
496014
496015
496017
496018
496019
496020
496032
496033
496034
496035
496036
496037
496453
496454
496455
496456
496457
496458
496459
496460
496461
496462
496463
496464
496465
496467
496468
496469
496470
496482
496483
496484
496485
496486
496487
496904
496905
496906
496907
496908
496909
496910
496911
496912
496913
496914
496915
496916
496917
496918
496919
496921
496922
496933
496934
496935
496936
496937
497382
497383
497384
497385
497386
497387
497388
497389
497390
497391
497392
497393
497394
497395
497396
497397
497398
497409
497410
497411
497412
497413
497414
497415
497863
497864
497865
497866
497867
497868
497869
497870
497871
497872
497873
497874
497875
497876
497888
497889
497890
497891
497893
497894
498349
498350
498351
498352
498353
498354
498355
498356
498357
498359
498360
498361
498362
498363
498364
498365
498366
498367
498368
498369
498381
498382
498383
498384
498385
498855
498856
498857
498858
498859
498860
498861
498862
498864
498865
498866
498867
498868
498869
498870
498871
498872
498874
498885
498886
498887
498888
499372
499373
499374
499375
499376
499377
499378
499379
499380
499381
499382
499383
499384
499385
499386
499388
499404
499405
499905
499906
499907
499908
499909
499910
499911
499912
499913
499914
499915
499916
500441
500442
500443
500444
500445
500446
500447
500448
500451
500452
500453
500454
500974
500976
500977
500978
500979
500980
500981
500982
500983
500984
500985
500990
500991
500992
501498
501499
501500
501501
501502
501503
501504
501505
501506
501507
501508
501509
501510
501511
501512
501513
501514
501515
501516
501517
501518
501519
501520
501521
501522
502010
502011
502012
502013
502014
502015
502016
502017
502018
502019
502020
502021
502022
502023
502024
502025
502026
502027
502028
502464
502465
502467
502468
502469
502470
502471
502472
502473
502474
502475
502476
502477
502478
502479
502480
502481
502482
502483
502484
502485
502919
502920
502924
502926
502927
502928
502929
502930
502931
502932
502933
502934
502935
502936
502937
502938
502939
502940
503394
503395
503396
503397
503398
503399
503400
503401
503402
503403
503404
503405
503406