405504
405505
405958
405963
405964
405965
405966
405967
405968
405969
405970
405971
406410
406411
406416
406417
406418
406419
406420
406421
406422
406423
406424
406425
406426
406427
406428
406429
406853
406854
406855
406856
406857
406858
406859
406860
406861
406862
406863
406864
406865
406866
406867
406868
406869
406870
406871
407297
407298
407299
407300
407301
407302
407303
407304
407306
407307
407308
407309
407310
407725
407731
407732
407733
407734
407735
407736
407738
407739
407740
407741
407742
407743
407744
408161
408162
408163
408164
408165
408170
408171
408172
408173
408174
408175
408176
408177
408178
408179
408180
408181
408182
408185
408186
408187
408188
408189
408601
408602
408603
408604
408605
408606
408607
408608
408611
408612
408613
408614
408615
408616
408617
408618
408619
408620
408621
408622
408623
408624
408628
408629
408630
408631
409036
409037
409038
409039
409040
409041
409042
409043
409044
409046
409047
409048
409049
409050
409051
409052
409053
409054
409055
409056
409057
409058
409059
409060
409064
409497
409498
409499
409500
409501
409502
409503
409504
409505
409506
409507
409508
409509
409510
409511
409512
409513
409514
409515
409516
409517
409518
409519
409965
409966
409967
409968
409969
409970
409971
409972
409973
409974
409975
409976
409977
409978
409979
409980
409981
409982
409983
409984
409985
409986
409987
409988
410418
410419
410420
410421
410422
410423
410424
410425
410426
410427
410428
410429
410430
410431
410432
410433
410434
410435
410436
410437
410438
410439
410440
410864
410865
410866
410867
410868
410869
410870
410871
410872
410873
410874
410875
410876
410877
410878
410879
410880
410881
410882
410883
410884
410885
411315
411316
411317
411318
411319
411320
411321
411322
411323
411324
411325
411326
411327
411328
411329
411330
411331
411332
411333
411334
411335
411336
411775
411776
411777
411778
411779
411780
411781
411782
411783
411784
411785
411786
411787
411788
411789
411790
411791
411792
411793
411794
411795
412256
412257
412258
412259
412260
412261
412262
412263
412264
412265
412266
412267
412268
412269
412270
412271
412272
412273
412274
412738
412739
412740
412741
412742
412743
412744
412745
412746
412747
412748
412749
412753
412754
412755
413219
413220
413221
413222
413223
413224
413225
413226
413228
413229
413230
413231
413232
413718
413719
413720
413721
413722
413723
413724
413725
413726
413727
414216
414217
414218
414219
414220
414221
414222
414223
414224
414225
414226
414227
414228
414229
414231
414716
414717
414718
414719
414720
414721
414722
414723
414724
414725
414726
414727
414728
414729
414730
414731
414732
415243
415244
415245
415246
415247
415248
415249
415250
415252
415255
415256
415257
415258
415259
415260
415769
415770
415771
415772
415773
415774
415775
415776
415777
415778
415779
415780
415788
415789
415790
415791
416307
416308
416309
416310
416311
416312
416313
416314
416315
416316
416317
416318
416319
416326
416327
416328
416329
416823
416824
416825
416826
416827
416828
416829
416830
416831
416832
416833
416834
416835
416836
416845
416846
416847
417296
417297
417298
417299
417300
417301
417302
417303
417304
417305
417306
417307
417310
417311
417312
417316
417317
417769
417770
417771
417772
417773
417774
417775
417776
417777
417783
417784
417785
417786
417787
417788
417796
418237
418238
418239
418240
418241
418242
418243
418244
418245
418246
418247
418248
418249
418252
418253
418254
418255
418256
418257
418258
418259
418260
418261
418270
418271
418730
418731
418732
418733
418734
418735
418736
418737
418738
418739
418740
418741
418742
418743
418744
418746
418747
418748
418749
418750
418751
418752
418753
418754
418755
418763
419239
419240
419241
419242
419243
419244
419245
419246
419247
419248
419249
419250
419251
419252
419253
419254
419255
419256
419257
419258
419259
419260
419261
419262
419263
419264
419273
419725
419726
419727
419728
419729
419730
419731
419732
419733
419734
419735
419736
419737
419738
419739
419740
419741
419742
419747
420223
420224
420225
420226
420227
420228
420229
420230
420231
420232
420233
420234
420235
420236
420237
420238
420239
420240
420241
420242
420249
420250
420711
420712
420713
420714
420715
420716
420717
420718
420719
420720
420721
420722
420723
420724
420725
420726
420727
420728
420729
420730
420731
420732
420733
420734
420735
420736
420742
420743
420744
421200
421201
421202
421203
421204
421205
421206
421207
421208
421209
421210
421211
421212
421213
421214
421215
421216
421217
421218
421219
421220
421221
421222
421223
421224
421665
421666
421667
421668
421669
421670
421671
421672
421673
421674
421675
421676
421677
421678
421679
421680
421681
421682
421683
421684
421685
421686
421687
421688
421689
421690
421691
421692
422132
422133
422134
422135
422136
422137
422138
422139
422140
422141
422142
422143
422144
422145
422146
422147
422148
422149
422154
422155
422156
422157
422158
422159
422160
422161
422162
422163
422583
422584
422585
422586
422587
422588
422589
422590
422591
422592
422593
422594
422595
422596
422597
422598
422601
422604
422605
422606
422607
422608
422609
422610
422611
422612
423058
423059
423060
423061
423062
423063
423064
423065
423066
423067
423068
423069
423070
423071
423072
423073
423074
423075
423076
423077
423078
423079
423080
423081
423082
423083
423084
423085
423086
423087
423088
423089
423090
423091
423092
423533
423534
423535
423536
423537
423538
423539
423540
423541
423542
423543
423544
423545
423546
423547
423548
423549
423550
423551
423552
423553
423554
423555
423556
423557
423558
423559
423560
423561
423562
423563
423564
423565
423566
423567
424002
424003
424004
424005
424006
424007
424008
424009
424010
424011
424012
424013
424014
424015
424016
424017
424018
424019
424020
424021
424022
424023
424025
424026
424027
424028
424029
424030
424031
424032
424033
424034
424035
424036
424037
424484
424485
424486
424487
424488
424489
424490
424491
424492
424493
424494
424495
424496
424497
424498
424499
424500
424501
424502
424503
424505
424506
424507
424508
424509
424510
424511
424512
424513
424514
424515
424516
424517
424518
424519
424520
424960
424961
424962
424963
424964
424965
424966
424967
424968
424969
424970
424971
424972
424973
424974
424975
424976
424977
424978
424979
424980
424981
424982
424983
424984
424985
424986
424987
424988
424989
424990
424991
424992
424993
424994
425443
425446
425447
425448
425449
425450
425451
425452
425453
425455
425456
425457
425458
425459
425460
425461
425462
425463
425464
425465
425466
425467
425468
425469
425470
425471
425472
425473
425475
425476
425477
425478
425479
425924
425925
425926
425927
425928
425929
425930
425936
425937
425938
425939
425940
425941
425942
425943
425944
425945
425946
425947
425948
425949
425955
425956
425957
425958
426429
426430
426431
426432
426438
426439
426440
426441
426442
426444
426445
426446
426447
426454
426455
426456
426457
426958
426959
426966
426967
426968
426969
426971
426972
426973
426974
426975
426984
426985
426986
427501
427502
427504
427505
427508
427509
427510
427511
428024
428025