446740
446741
447057
447059
447060
447061
447062
447370
447371
447373
447374
447375
447376
447378
447670
447671
447672
447676
447677
447680
447681
447683
447684
447685
447686
447688
447690
447691
447994
447995
447996
447997
447999
448000
448001
448002
448003
448004
448005
448006
448007
448008
448009
448010
448011
448012
448016
448017
448018
448019
448020
448021
448327
448328
448329
448330
448331
448332
448333
448334
448335
448336
448337
448340
448347
448348
448349
448350
448351
448352
448656
448657
448658
448659
448660
448661
448662
448663
448669
448675
448676
448677
448979
448980
448981
448982
448983
448984
448985
448986
448987
448988
448989
448994
448995
448996
448997
448998
448999
449000
449297
449298
449299
449300
449301
449302
449303
449304
449305
449306
449307
449308
449309
449310
449311
449312
449313
449314
449315
449316
449317
449318
449319
449320
449321
449322
449323
449324
449325
449326
449620
449621
449622
449623
449624
449625
449626
449627
449628
449629
449630
449631
449632
449633
449634
449635
449636
449637
449638
449639
449640
449641
449642
449643
449644
449645
449646
449647
449648
449649
449650
449651
449652
449653
449654
449655
449947
449948
449949
449950
449951
449952
449953
449954
449955
449956
449957
449958
449959
449960
449961
449962
449963
449964
449965
449966
449967
449968
449969
449970
449971
449972
449973
449974
449975
449976
449977
449978
449979
449980
449981
449982
449983
450280
450281
450282
450283
450284
450285
450286
450287
450288
450289
450290
450291
450292
450293
450294
450295
450296
450297
450298
450299
450300
450301
450302
450303
450304
450305
450306
450307
450308
450309
450310
450311
450312
450313
450314
450315
450620
450621
450622
450623
450624
450625
450626
450627
450628
450629
450630
450631
450632
450633
450634
450635
450636
450637
450638
450639
450640
450641
450642
450643
450644
450645
450646
450647
450947
450948
450949
450950
450951
450952
450953
450954
450955
450956
450957
450958
450959
450960
450961
450962
450963
450964
450965
450966
450967
450968
450969
450970
450971
450972
450973
451268
451269
451270
451271
451272
451273
451274
451275
451276
451277
451278
451279
451280
451281
451282
451283
451284
451285
451286
451287
451288
451289
451290
451291
451292
451293
451294
451295
451296
451588
451589
451590
451591
451592
451593
451594
451595
451596
451597
451598
451599
451600
451601
451602
451603
451604
451605
451606
451607
451608
451609
451610
451611
451612
451613
451614
451615
451903
451904
451905
451906
451907
451908
451910
451911
451912
451913
451914
451915
451916
451917
451918
451919
451920
451921
451922
451923
451924
451925
451926
451927
451928
451929
451930
452229
452230
452231
452232
452233
452234
452235
452236
452237
452238
452239
452240
452241
452242
452243
452244
452245
452246
452247
452248
452249
452250
452251
452252
452253
452254
452557
452558
452561
452562
452563
452564
452565
452566
452567
452568
452569
452570
452571
452572
452573
452574
452575
452576
452577
452578
452579
452580
452581
452582
452583
452894
452895
452898
452899
452900
452901
452902
452903
452904
452905
452906
452907
452908
452909
452910
452911
452912
452913
452914
452915
453240
453241
453243
453247
453248
453249
453250
453251
453252
453253
453254
453256
453257
453573
453575
453576
453577
453578
453579
453580
453581
453886
453887
453888
453889
453890
453891
453892
454187
454188
454189
454190
454191
454192
454193
454494
454495
454496
454497
454498
454499
454500
454501
454502
454503
454504
454809
454810
454812
454816
454817
454818
454819
454820
454821
454822
454823
455120
455121
455122
455123
455124
455125
455126
455127
455128
455129
455130
455131
455132
455133
455438
455439
455440
455441
455442
455443
455444
455445
455446
455447
455448
455449
455450
455451
455452
455453
455454
455779
455780
455782
455783
455784
455785
455786
455787
455788
455789
455790
455791
455792
455793
455794
455795
455796
455797
455798
455799
455800
456135
456136
456137
456138
456139
456140
456141
456142
456143
456144
456145
456146
456148
456149
456150
456151
456152
456153
456154
456155
456156
456157
456479
456480
456481
456482
456483
456484
456485
456486
456487
456488
456489
456490
456491
456492
456493
456494
456495
456497
456813
456814
456815
456816
456817
456818
456819
456820
456821
456822
456823
456824
456825
456826
456827
456828
456829
457136
457137
457138
457139
457140
457141
457142
457143
457144
457145
457146
457147
457148
457149
457150
457453
457454
457455
457456
457457
457458
457459
457460
457461
457462
457463
457464
457465
457466
457467
457468
457768
457769
457770
457771
457772
457773
457774
457775
457776
457777
457778
457779
457780
457781
458063
458064
458065
458066
458067
458068
458069
458070
458071
458072
458073
458074
458075
458076
458365
458366
458367
458368
458369
458370
458371
458372
458373
458374
458375
458376
458377
458378
458379
458675
458676
458677
458678
458679
458680
458681
458682
458683
458684
458685
458686
458687
458688
458689
458980
458981
458982
458983
458984
458985
458986
458987
458988
458989
458990
458991
458992
458993
458994
458995
459298
459299
459300
459301
459302
459303
459304
459305
459306
459307
459308
459309
459310
459311
459312
459598
459599
459600
459601
459602
459603
459604
459605
459606
459607
459608
459609
459610
459611
459612
459613
459614
459615
459891
459892
459894
459895
459896
459897
459898
459899
459900
459901
459902
459903
459904
459905
459906
459907
459908
459909
459910
459911
460189
460191
460192
460193
460194
460195
460196
460197
460198
460199
460200
460201
460202
460203
460204
460205
460206
460207
460208
460209
460210
460211
460507
460508
460509
460510
460511
460512
460513
460514
460515
460516
460517
460518
460519
460520
460521
460522
460523
460524
460525
460526
460527
460528
460827
460828
460829
460830
460831
460832
460833
460834
460835
460836
460837
460838
460839
460840
460841
460842
460844
460845
460846
460847
460848
460849
461134
461135
461136
461137
461138
461139
461140
461141
461142
461143
461144
461145
461146
461147
461148
461149
461153
461154
461155
461156
461157
461158
461159
461461
461462
461463
461464
461465
461466
461467
461468
461469
461470
461471
461472
461473
461474
461479
461480
461481
461483
461484
461785
461786
461787
461789
461790
461791
461792
461793
461794
461795
461796
461797
461798
461799
461800
461801
461808
461809
461810
461811
461812
461813
461814
462111
462112
462113
462114
462115
462116
462117
462118
462119
462120
462121
462122
462123
462124
462125
462126
462127
462132
462133
462134
462135
462136
462432
462433
462436
462437
462438
462439
462440
462441
462442
462443
462444
462445
462446
462450
462451
462452
462453
462750
462751
462752
462758
462768
462769
462770
463059
463060
463061
463077
463078
463391
463408
463409
463715
463716
464031
464032
464033
464034
464035
464357
464358
464359
464360
464361
464691
464692
464693
464694
464695
465026
465027
465028
465029
465356
465357
465358
465360
465677
465678
465679
465680
465681
465682
466024
466025
466026
466027
466028
466370
466371
466372
466373
466698
466699