229940
229941
229942
229950
229951
230479
230480
230481
230482
230483
230484
230488
230489
230490
230491
231019
231020
231021
231022
231023
231024
231025
231026
231028
231029
231030
231031
231032
231571
231572
231573
231574
231575
231576
231577
231578
231579
231580
231581
231582
231583
231584
232137
232138
232139
232140
232141
232142
232143
232144
232146
232696
232697
232698
232699
232700
232701
232702
232703
232705
233285
233286
233287
233290
233291
233292
233296
233297
233299
233300
233869
233870
233871
233872
233873
233874
233875
233877
233878
233879
233880
233881
233882
233883
233884
234427
234428
234429
234432
234433
234434
234437
234438
234439
234440
234441
234442
234443
234986
234987
234988
234989
234992
234995
234996
234997
234998
234999
235000
235001
235003
235539
235540
235541
235542
235543
235544
235545
235546
235547
235549
235550
235553
235554
235555
235556
235557
235558
236118
236119
236120
236121
236122
236123
236124
236125
236126
236133
236134
236135
236136
236137
236723
236724
236725
236726
236727
236729
236730
236732
236739
236740
236741
236742
236743
237344
237345
237346
237347
237348
237349
237352
237353
237354
237355
237356
237359
237360
237361
237362
237363
237364
237955
237956
237957
237958
237959
237960
237961
237962
237966
237967
237970
237971
237972
237973
237974
237975
237976
237977
238568
238569
238570
238571
238572
238573
238574
238579
238580
238581
238582
238583
238584
238585
238586
238587
238588
238589
239193
239194
239195
239196
239197
239198
239199
239200
239201
239202
239203
239204
239205
239206
239207
239208
239209
239812
239813
239814
239815
239816
239817
239818
239819
239820
239821
239822
239823
239824
239825
239826
240422
240423
240424
240425
240426
240427
240428
240429
240430
240431
240432
240433
240434
240435
240436
240437
240438
240439
241001
241002
241003
241004
241005
241006
241007
241008
241009
241010
241011
241012
241013
241014
241016
241017
241018
241019
241573
241574
241575
241576
241577
241578
241579
241580
241583
241584
241586
241587
241589
241590
242156
242157
242158
242159
242160
242161
242162
242163
242164
242165
242169
242170
242171
242172
242173
242174
242175
242749
242750
242751
242752
242753
242754
242755
242756
242757
242761
242762
242763
243350
243351
243352
243353
243354
243355
243356
243357
243358
243953
243954
243955
243956
243957
243958
243959
243960
243961
243962
243963
244536
244537
244538
244539
244540
244541
244542
244543
244544
244545
244546
245144
245145
245146
245147
245148
245149
245150
245151
245152
245153
245154
245155
245156
245157
245158
245750
245751
245752
245753
245754
245755
245756
245757
245758
245759
245760
245761
245762
245763
245764
245765
246329
246330
246331
246332
246333
246334
246335
246336
246337
246338
246339
246340
246341
246342
246343
246922
246923
246924
246925
246926
246927
246928
246929
246930
246931
246932
246933
246934
246935
247510
247511
247512
247513
247514
247515
247516
247517
247518
247519
247520
247521
247522
247523
247524
247525
248071
248072
248073
248074
248075
248076
248077
248078
248079
248080
248081
248082
248083
248084
248085
248086
248087
248088
248641
248642
248643
248644
248645
248646
248647
248648
248649
248650
248651
248652
248653
248654
248655
248656
248658
249199
249200
249201
249202
249203
249204
249205
249206
249207
249208
249209
249210
249211
249212
249213
249214
249215
249749
249750
249751
249752
249753
249754
249755
249756
249757
249758
249759
249760
249761
249762
249763
249764
249765
249766
249767
250298
250299
250300
250301
250302
250303
250304
250305
250306
250307
250308
250309
250310
250311
250312
250313
250314
250315
250316
250839
250840
250841
250842
250843
250844
250845
250846
250847
250848
250849
250850
250851
250852
250853
250854
251393
251394
251395
251396
251397
251398
251399
251400
251401
251402
251403
251962
251963
251964
251965
251966
251967
251968
251969
251970
251971
251972
251973
251974
252556
252557
252558
252559
252560
252561
252562
252563
252564
252565
252566
252567
252568
252569
253133
253134
253135
253136
253137
253138
253139
253140
253141
253142
253143
253144
253145
253146
253147
253148
253149
253714
253715
253716
253717
253718
253719
253720
253721
253722
253723
253724
253725
253726
253727
254293
254294
254295
254296
254297
254298
254299
254300
254301
254303
254304
254305
254915
254916
254917
254918
254919
254920
254921
254922
254923
254924
254925
254926
254927
255537
255538
255539
255540
255541
255542
255543
255544
255545
255546
255547
255548
256139
256140
256141
256142
256143
256144
256145
256146
256147
256148
256149
256150
256761
256762
256763
256764
256765
256766
256767
256768
257377
257378
257379
257380
257381
257382
257383
257990
257991
257994
257995
257996
257997
257998
257999
258000
258001
258002
258612
258613
258614
258615
258616
258617
258618
258619
258620
258621
258622
258623
258624
259247
259248
259249
259250
259251
259252
259253
259254
259255
259256
259257
259258
259259
259896
259897
259898
259899
259900
259901
259902
259903
259904
259905
259906
259907
259908
259909
260547
260548
260549
260551
260554
261171
261172
261173
261783
261784
261785
261786
262394
262395
262396
262990
262991
262994
262995
263591
263592
263593
263595
263596
264192
264193
264194
264195
264196
264816
264817
264818
264820
264821
264822
264823
264824
264825
265438
265439
265440
265441
265442
265443
265444
265445
265446
265447
265448
265449
266068
266069
266070
266072
266073
266074
266075
266076
266077
266667
266668
266669
266670
266671
266672
266673
266674
266675
267275
267276
267277
267278
267279
267280
267281
267282
267283
267284
267285
267286
267901
267902
267903
267904
267905
267906
267907
267908
267909
267910
267911
267912
267913
267914
268526
268527
268528
268529
268530
268531
268533
268534
268535
268536
268537
268538
268539
268540
268541
269161
269162
269163
269164
269165
269166
269167
269168
269169
269170
269171
269172
269801
269802
269803
269804
269805
269806
269807
269808
269809
270449
270450
270451
270452
270453
270454
270455
270456
270457
271097
271098
271099
271100
271101
271102
271103
271104
271105
271748
271749
271750
271751
271752
271753
271754
271755
271756
271757
271758
271759
271760
272391
272392
272393
272394
272395
272396
272397
272398
272399
272400
272401
272402
272403
272404
272405
273036
273037
273038
273039
273040
273041
273042
273043
273044
273045
273046
273047
273048
273049
273701
273702
273703
273704
273705
273706
273707
273708
273709
273710
273711
273712
273713
273714
274359
274360
274361
274362
274363
274364
274365
274366
274368
274369
274370
274371
274372
274373
274981
274982
274983
274984
274987
274988
274989
274990
274991
274994
274995
274996
274997
274998
275606
275607
275608
275609
275610
275613
275614
275615
275621
275622
275623
276231
276232
276233
276234
276235
276236
276237
276240
276241
276242
276247
276248
276249
276250
276251
276859
276860
276861
276862
276863
276865
276866
276867
276868
277480
277481
277482
277483
277484
277485
278095
278096
278097
278099
278100
278101
278712
278713
278714
278715
278716