139992
139994
140590
140591
140592
140593
140594
141189
141190
141191
141192
141193
141761
141762
141763
141764
141765
141766
142328
142329
142330
142331
142332
142333
142334
142335
142336
142892
142893
142894
142895
142896
142897
142900
142901
143453
143454
143455
143456
143459
143460
143461
143462
143998
144001
144002
144003
144004
144535
144541
144542
144543
144544
145087
145096
145097
145648
145649
145659
145660
146210
146211
146784
146785
146786
146787
146788
146789
147330
147331
147332
147333
147334
147335
147336
147874
147875
147876
147877
147878
148409
148410
148411
148412
148413
148414
148415
148416
148417
148952
148953
148954
148955
148956
148957
148958
148959
148960
148961
148962
148963
148964
148965
149484
149485
149486
149487
149492
149493
149494
149495
149496
149497
149498
149499
149500
149501
149502
149503
149504
150019
150020
150021
150022
150023
150024
150025
150026
150027
150028
150029
150030
150031
150032
150033
150034
150035
150036
150037
150038
150039
150551
150552
150553
150554
150555
150556
150557
150558
150559
150560
150561
150562
150563
150564
150565
150566
150567
150568
150569
151079
151080
151081
151082
151083
151084
151085
151086
151087
151088
151089
151090
151091
151092
151093
151094
151095
151096
151097
151098
151099
151100
151101
151102
151103
151627
151628
151629
151630
151631
151632
151633
151634
151635
151636
151637
151638
151639
151640
151641
151642
151643
151644
151645
151646
151647
151648
151649
151650
152194
152195
152196
152197
152198
152199
152200
152201
152202
152203
152204
152205
152206
152207
152208
152209
152210
152211
152212
152752
152753
152754
152755
152756
152757
152758
152759
152760
152761
152762
152763
152764
152765
152766
152767
153282
153283
153284
153285
153286
153287
153288
153289
153290
153291
153292
153293
153295
153296
153297
153298
153806
153807
153808
153809
153810
153811
153812
153813
153814
153815
153816
153817
153818
153819
153820
153821
153822
153823
153824
153825
154330
154331
154332
154333
154334
154336
154337
154338
154339
154340
154341
154342
154343
154344
154345
154346
154347
154348
154838
154839
154840
154841
154842
154843
154844
154845
154846
154847
154848
154849
154850
155320
155321
155322
155323
155324
155325
155326
155327
155328
155329
155330
155331
155332
155786
155787
155788
155789
155790
155791
155792
155796
156236
156237
156238
156239
156240
156241
156242
156243
156246
156247
156724
156725
156726
156727
156728
156729
156730
156731
157219
157220
157221
157222
157223
157224
157225
157226
157227
157228
157229
157230
157699
157700
157701
157702
157703
157704
158185
158186
158188
158189
158190
158659
158660
158670
158671
159116
159117
159118
159127
159128
159129
159130
159544
159545
159546
159547
159548
159549
159557
159558
159559
159560
159561
159562
159563
159564
159565
159988
159989
159990
159991
159992
159993
159994
159999
160000
160001
160002
160003
160004
160005
160006
160007
160414
160415
160416
160418
160419
160420
160421
160422
160423
160427
160428
160429
160430
160431
160432
160433
160434
160435
160436
160437
160851
160852
160853
160854
160855
160856
160857
160858
160859
160863
160864
160865
160866
160867
160868
160869
160870
160871
160872
160873
160874
161306
161307
161308
161309
161310
161311
161312
161313
161314
161315
161320
161321
161322
161323
161324
161325
161326
161327
161776
161779
161781
161782
161783
161784
161785
161786
161787
161791
161792
161793
161794
161795
162264
162265
162266
162267
162268
162269
162270
162271
162272
162273
162274
162275
162276
162279
162280
162281
162282
162283
162284
162747
162748
162749
162750
162751
162752
162753
162756
162757
162758
162759
162760
162761
162762
162763
163201
163202
163203
163204
163205
163206
163209
163210
163211
163212
163213
163214
163215
163216
163649
163650
163651
163652
163653
163657
163658
163659
163661
164090
164091
164092
164093
164094
164095
164096
164097
164098
164099
164539
164540
164541
164542
164543
164544
164545
164546
164547
164548
164549
164550
164551
165024
165025
165026
165027
165028
165029
165030
165031
165032
165033
165034
165035
165036
165037
165038
165039
165505
165506
165507
165508
165509
165510
165511
165512
165513
165514
165977
165981
165982
165983
165984
165985
165986
165987
165988
165989
165990
165991
165992
166461
166462
166463
166467
166468
166469
166470
166471
166472
166473
166475
166476
166477
166478
166950
166951
166952
166953
166954
166955
166956
166957
166958
166963
166964
166965
166966
166967
167450
167451
167463
167464
167965
167966
167967
167968
168491
168492
168493
168494
168495
168994
169002
169003
169004
169005
169006
169504
169505
169506
169507
169508
169514
169515
169516
169517
169518
170017
170018
170019
170020
170021
170022
170023
170031
170032
170033
170034
170035
170036
170037
170551
170552
170553
170554
170558
170559
170560
170561
170562
170563
170564
170565
170566
170567
171102
171103
171104
171105
171106
171107
171108
171109
171110
171111
171112
171113
171114
171117
171617
171621
171622
171623
171624
171625
171626
171627
171628
171629
171630
171631
171632
172142
172144
172145
172146
172147
172148
172149
172150
172151
172152
172153
172652
172653
172654
172655
172656
172657
172658
172659
172660
172661
172662
172663
172664
172665
172666
172667
172668
173159
173160
173161
173162
173163
173164
173165
173166
173167
173168
173169
173170
173171
173172
173173
173174
173175
173177
173678
173679
173680
173681
173682
173683
173684
173685
173687
173689
173690
173691
173692
173693
173694
173695
173696
173697
173698
173699
173700
173701
173702
173703
173704
174204
174205
174206
174207
174208
174210
174214
174215
174216
174217
174218
174219
174220
174221
174222
174223
174224
174225
174226
174227
174745
174746
174747
174748
174749
174750
174755
174756
174757
174758
174759
174760
174761
174762
174763
174764
174765
175266
175267
175268
175269
175270
175271
175277
175278
175279
175280
175281
175282
175283
175284
175285
175286
175287
175288
175795
175796
175798
175799
175800
175809
175810
175811
175812
175813
175814
175815
175816
175817
175818
175819
175820
175821
175822
175823
175824
175825
176390
176391
176392
176393
176394
176402
176404
176405
176406
176407
176408
176409
176410
176411
176412
176413
176414
176415
176416
176417
176418
176419
176420
176421
177007
177009
177011
177017
177018
177019
177020
177021
177022
177023
177024
177025
177026
177027
177028
177029
177030
177031
177032
177033
177034
177659
177660
177661
177662
177667
177669
177670
177672
177674
177675
177676
177677
177678
177679
177680
177681
178312
178313
178322
178323
178324
178325
178326
178327
178328
178949
178950
178951
178960
178962
179600
179601
179602
179615
180237
180238
180239
180240
180241
180243
180244
180245
180903
180904
180905
180906
180907
180908
180909
180910
181580
181581
181582
181583
181584
181585
182245
182246
182247
182248
182249
182882
182883
182884
182885
182886
182887
183510
183511
183512
183513
183514
183515
183516
183517
184095
184096
184097
184098
184099
184100
184101
184102
184703
184704
184705
184706
185327