281269
281270
281855
281856
282436
282437
282438
282439
283017
283018
283019
283020
283021
283022
283023
283640
283641
283642
283643
283644
284248
284249
284250
284251
284252
284253
284254
284255
284856
284857
284858
285444
285445
285446
285993
285994
285995
286000
286503
286504
286510
287020
287021
287022
287026
287027
287028
287533
287535
287536
287537
287538
287539
287540
287541
288046
288047
288048
288049
288050
288051
288052
288053
288054
288055
288582
288585
288586
288587
288588
288589
289089
289090
289091
289092
289563
289564
289565
289566
289567
289568
290075
290076
290571
290572
290573
291045
291046
291047
291048
291507
291508
291509
291518
291519
291520
291521
291976
291977
291979
291980
291987
291988
291989
291990
291991
292476
292477
292478
292479
292480
292481
292488
292489
292490
292491
292492
292975
292976
292977
292978
292979
292980
292981
292990
292991
293478
293479
293480
293481
293482
293483
293484
293485
293486
293487
293492
293493
293494
293510
293511
293967
293968
293971
293972
293973
293974
293975
293976
293977
293978
293979
293980
293981
293982
293983
293984
293985
293986
293987
293988
293989
294002
294007
294008
294455
294456
294457
294458
294460
294461
294462
294463
294464
294465
294466
294467
294468
294470
294471
294472
294473
294474
294475
294476
294477
294478
294479
294480
294481
294482
294483
294484
294485
294494
294495
294496
294497
294498
294499
294500
294939
294940
294941
294942
294943
294944
294945
294946
294947
294948
294949
294950
294951
294952
294953
294954
294955
294956
294957
294958
294959
294960
294961
294962
294963
294964
294965
294975
294976
294977
294978
294979
294980
295432
295433
295434
295435
295436
295437
295438
295439
295440
295441
295442
295443
295444
295445
295446
295447
295448
295449
295450
295451
295452
295453
295454
295455
295456
295457
295465
295466
295467
295468
295469
295470
295471
295911
295912
295913
295914
295915
295916
295917
295918
295919
295920
295922
295923
295924
295925
295926
295927
295928
295929
295930
295931
295932
295933
295934
295935
295936
295937
295938
295939
295940
295943
295944
295945
295946
295947
295948
295949
295950
295951
295952
295953
296381
296382
296383
296384
296385
296386
296387
296388
296389
296390
296394
296395
296396
296397
296399
296400
296401
296402
296403
296404
296405
296406
296407
296408
296409
296410
296411
296412
296414
296415
296416
296417
296418
296419
296420
296421
296422
296423
296424
296425
296426
296866
296867
296868
296869
296870
296871
296872
296873
296874
296875
296876
296879
296880
296881
296882
296883
296884
296885
296886
296887
296888
296889
296890
296891
296892
296893
296894
296895
296896
296897
296898
296899
296900
296901
296902
296903
296904
296905
296906
296907
296908
296909
296910
296911
296912
296913
297385
297386
297387
297388
297389
297390
297391
297392
297393
297394
297395
297396
297397
297398
297399
297400
297401
297402
297403
297404
297405
297409
297411
297414
297415
297416
297417
297418
297419
297420
297421
297422
297423
297424
297425
297426
297427
297428
297429
297430
297431
297432
297433
297902
297903
297904
297905
297906
297907
297908
297909
297910
297911
297912
297913
297914
297915
297916
297917
297918
297919
297922
297926
297928
297929
297931
297932
297933
297934
297935
297937
297938
297939
297940
297941
297942
297943
297944
297945
297946
297947
297948
297949
297950
297951
297952
297953
297954
298431
298432
298433
298434
298435
298436
298437
298438
298439
298440
298441
298442
298443
298444
298445
298446
298447
298457
298458
298459
298462
298466
298467
298469
298470
298471
298472
298473
298474
298475
298476
298477
298478
298479
298480
298481
298482
298483
298949
298950
298951
298952
298953
298954
298955
298956
298957
298958
298959
298960
298961
298962
298963
298964
298965
298985
298986
298987
298988
298989
298990
298991
298992
298993
298994
298995
298996
298997
298998
298999
299467
299468
299469
299470
299471
299472
299473
299474
299475
299476
299477
299478
299479
299480
299481
299482
299483
299484
299487
299494
299495
299496
299497
299498
299502
299503
299504
299505
299506
299507
299508
299509
299510
299511
299512
299513
299514
299973
299974
299975
299976
299977
299978
299979
299980
299981
299982
299983
299984
299985
299986
299987
299988
299990
299991
300000
300001
300002
300003
300004
300005
300006
300007
300008
300009
300010
300011
300012
300013
300014
300015
300501
300502
300503
300504
300505
300506
300511
300512
300513
300514
300515
300516
300517
300518
300519
300520
300529
300530
300531
300532
300533
300534
300535
300536
300537
300538
300539
301043
301044
301047
301048
301049
301050
301051
301052
301053
301054
301055
301056
301065
301066
301067
301068
301069
301070
301071
301072
301073
301074
301075
301076
301601
301602
301603
301604
301605
301607
301608
301609
301610
301619
301620
301621
301622
301623
301624
301625
301626
301627
301628
301629
301630
301631
301632
301633
302142
302143
302146
302147
302148
302156
302157
302158
302159
302160
302161
302162
302163
302164
302165
302166
302167
302168
302169
302170
302681
302682
302690
302691
302692
302693
302694
302695
302696
302697
302698
302699
302700
302701
302702
302703
302704
302705
303224
303225
303226
303227
303228
303229
303230
303231
303232
303233
303234
303235
303236
303237
303238
303239
303240
303241
303772
303773
303774
303775
303776
303777
303778
303779
303780
303781
303782
303783
303784
303785
303786
303787
303788
303789
304311
304312
304313
304314
304315
304316
304317
304318
304319
304320
304321
304322
304323
304324
304325
304326
304327
304328
304866
304867
304868
304869
304870
304871
304872
304873
304874
304875
304876
304877
304878
304879
304880
304881
304882
304883
304884
304887
304888
305423
305424
305425
305426
305427
305428
305429
305430
305431
305432
305433
305434
305435
305436
305437
305438
305439
305440
305441
305442
305443
305444
305445
305977
305978
305979
305980
305981
305982
305983
305984
305985
305986
305987
305988
305989
305990
305991
305992
305993
305994
305995
305996
305997
306534
306535
306536
306537
306538
306539
306540
306541
306542
306543
306544
306545
306546
306547
306548
306549
306550
306551
306552
306553
306554
306555
306556
307086
307087
307088
307089
307090
307091
307092
307093
307094
307095
307096
307097
307098
307099
307100
307101
307102
307103
307104
307105
307106
307107
307632
307633
307634
307635
307636
307637
307638
307639
307640
307641
307642
307643
307644
307645
307646
307647
307648
307649
307650
307651
308177
308178
308179
308180
308181
308182
308183
308184
308185
308186
308187
308188
308189
308190
308191
308192
308193
308194
308726
308727
308728
308729
308730
308731
308732
308733
308734
308737
308738
309273
309274
309275
309276
309277
309278
309279
309280
309282
309283
309804
309805
309806
309807
309808
309809
309810
309811
310341
310342
310343
310344
310883
310884
310885
310886
310887
311417
311418
311419
311420
311421
311949
311950
311951
311952
311953
312455
312456
312457
312458
312459
312460
312461
312462
312934
312935
312936
313405
313406
313407