166974
166975
167470
167471
167472
167473
167474
167475
167476
167477
167478
167967
167968
167984
167985
167986
167987
167988
167989
167990
167991
167992
167993
168484
168485
168493
168494
168495
168510
168511
168512
168513
168514
168515
168516
168517
168518
168992
168994
168995
168996
168997
168998
169004
169005
169006
169022
169023
169024
169025
169026
169027
169028
169029
169030
169031
169032
169503
169504
169505
169506
169507
169508
169509
169510
169514
169515
169516
169517
169518
169532
169533
169534
169535
169536
169537
169538
169539
169540
169541
169542
170016
170017
170018
170019
170020
170021
170022
170023
170024
170031
170032
170033
170034
170035
170036
170037
170048
170049
170050
170051
170052
170053
170054
170055
170056
170057
170058
170547
170548
170549
170550
170551
170552
170553
170554
170558
170559
170560
170561
170562
170563
170564
170565
170566
170567
170579
170580
170581
170583
170584
170585
170586
170587
170588
170589
170590
171100
171101
171102
171103
171104
171105
171106
171107
171108
171109
171110
171111
171112
171113
171114
171115
171116
171117
171126
171127
171128
171129
171130
171131
171132
171133
171134
171135
171136
171137
171617
171618
171619
171620
171621
171622
171623
171624
171625
171626
171627
171628
171629
171630
171631
171632
171633
171634
171643
171644
171645
171646
171647
171648
171650
171651
171652
171653
171654
171655
171656
171657
172142
172143
172144
172145
172146
172147
172148
172149
172150
172151
172152
172153
172154
172162
172163
172164
172165
172166
172167
172168
172169
172170
172171
172172
172173
172174
172176
172177
172178
172652
172653
172654
172655
172656
172657
172658
172659
172660
172661
172662
172663
172664
172665
172666
172677
172678
172679
172680
172681
172682
172683
172684
172685
172686
172687
172692
173158
173159
173160
173161
173162
173163
173164
173165
173166
173167
173168
173169
173170
173171
173172
173180
173181
173182
173183
173184
173185
173186
173187
173188
173189
173190
173195
173678
173679
173680
173681
173682
173683
173684
173685
173686
173687
173688
173689
173690
173691
173692
173693
173694
173695
173696
173697
173698
173699
173700
173701
173707
173708
173709
173710
173711
173712
173713
173714
173715
173716
173717
173723
174203
174204
174205
174206
174207
174208
174209
174210
174211
174212
174213
174214
174215
174216
174217
174218
174219
174220
174221
174222
174223
174224
174232
174233
174234
174235
174236
174237
174238
174239
174240
174241
174242
174243
174244
174744
174745
174746
174747
174748
174749
174750
174751
174752
174753
174754
174755
174756
174757
174758
174759
174760
174761
174762
174763
174764
174771
174772
174773
174774
174775
174776
174777
174778
174779
174780
174781
175266
175267
175268
175269
175270
175271
175272
175273
175274
175275
175276
175277
175278
175279
175280
175281
175282
175283
175284
175285
175286
175287
175288
175293
175294
175295
175296
175297
175298
175299
175300
175301
175795
175796
175797
175798
175799
175800
175801
175802
175803
175804
175805
175806
175807
175808
175809
175810
175811
175812
175813
175814
175815
175816
175817
175818
175819
175820
175821
175822
175833
175834
175835
175836
175837
176390
176391
176392
176393
176394
176396
176397
176398
176399
176400
176401
176402
176403
176404
176405
176406
176407
176408
176409
176410
176411
176412
176413
176414
176415
176416
176417
176418
176429
176430
176431
177007
177008
177009
177010
177011
177012
177013
177014
177015
177016
177017
177018
177019
177020
177021
177022
177023
177024
177025
177026
177027
177028
177029
177030
177031
177042
177043
177044
177045
177046
177047
177659
177660
177661
177662
177663
177664
177665
177666
177667
177668
177669
177670
177671
177672
177673
177674
177675
177676
177677
177678
177687
177688
177689
177690
177691
177692
177693
177694
178311
178312
178313
178314
178315
178316
178317
178318
178319
178320
178321
178322
178323
178333
178334
178335
178336
178337
178338
178948
178949
178950
178951
178952
178953
178954
178955
178956
178957
178958
178959
178965
178971
178972
178973
178974
178975
178976
178977
178986
179600
179601
179602
179603
179606
179607
179608
179609
179610
179611
179612
179613
179618
179622
179623
179624
179625
179626
179627
179635
179636
179637
180237
180238
180239
180246
180247
180248
180249
180250
180251
180252
180253
180254
180255
180260
180261
180262
180264
180265
180266
180276
180277
180278
180903
180904
180905
180906
180911
180912
180913
180914
180915
180916
180917
180918
180924
180925
180926
180929
180930
180931
180939
180940
180941
180942
180943
180944
180945
181580
181581
181582
181583
181588
181589
181590
181591
181592
181593
181594
181595
181596
181599
181600
181601
181602
181603
181604
181605
181606
181607
181610
181611
181612
181613
181614
181615
181616
181617
181618
181619
181620
182245
182246
182247
182248
182253
182254
182255
182256
182257
182262
182263
182265
182268
182269
182270
182274
182275
182276
182277
182278
182279
182280
182281
182282
182283
182882
182883
182884
182885
182886
182887
182891
182892
182893
182894
182895
182896
182897
182898
182902
182903
182904
182905
182906
182907
182908
182909
182910
182911
182915
182916
182917
182918
182919
182920
182921
182922
183510
183511
183512
183513
183514
183515
183516
183517
183518
183520
183521
183522
183523
183524
183525
183526
183527
183528
183529
183530
183531
183532
183533
183534
183535
183536
183537
183538
183539
183540
183541
183542
183543
183544
183545
183546
183547
183548
183549
183550
184095
184096
184097
184098
184099
184100
184101
184102
184103
184109
184110
184113
184114
184115
184116
184117
184118
184119
184120
184121
184122
184123
184124
184125
184126
184127
184128
184129
184130
184131
184132
184133
184134
184135
184136
184137
184138
184139
184703
184704
184705
184706
184715
184716
184717
184718
184719
184720
184721
184722
184723
184724
184725
184726
184727
184728
184729
184730
184731
184732
184733
184734
184735
184736
184737
184738
184739
184740
184741
184742
184743
184744
185327
185340
185341
185342
185343
185344
185345
185346
185347
185348
185349
185350
185351
185352
185353
185354
185355
185356
185357
185358
185359
185360
185361
185362
185363
185364
185365
185366
185367
185368
185369
185370
185371
185372
185373
185374
185969
185970
185971
185981
185982
185983
185984
185985
185986
185987
185988
185989
185990
185991
185992
185993
185994
185995
185996
185997
185998
185999
186000
186001
186002
186003
186004
186005
186006
186007
186008
186009
186010
186011
186012
186013
186014
186015
186612
186613
186625
186626
186627
186628
186629
186630
186631
186632
186633
186634
186635
186636
186637
186638
186639
186640
186641
186642
186643
186644
186645
186646
186647
186648
186649
186650
186651
186652
186653
186654
186655
186656
186657
187233
187234
187245
187246
187247
187248
187249
187250
187251
187252
187254
187255
187258
187259
187260
187261
187262
187263
187265
187266
187267
187268
187269
187854
187855
187856
187857
187858
187859
187860
187861
187867
187868
187875
187876
187877
187880
188466
188468
188469