237635
238255
238857
239473
239474
239475
239477
239478
240112
240113
240114
240115
240116
240117
240119
240120
240709
240710
240711
240712
240713
240714
240715
240716
240717
241273
241274
241275
241276
241277
241278
241280
241281
241850
241851
241852
241853
241855
241856
241857
241858
241859
241860
242454
242455
242456
242457
242458
242459
242460
242461
242462
242463
242464
242465
242466
242467
242468
243046
243047
243048
243049
243050
243051
243052
243053
243054
243055
243056
243057
243058
243059
243060
243649
243650
243651
243652
243653
243654
243655
243656
243657
243658
243659
243660
243661
243662
243665
243666
243667
244245
244246
244247
244248
244249
244250
244251
244252
244253
244254
244255
244256
244257
244258
244259
244260
244261
244262
244263
244844
244845
244846
244847
244848
244849
244850
244851
244852
244853
244854
244855
244856
244857
244858
244859
244860
244861
244862
244863
245449
245450
245451
245452
245453
245454
245455
245456
245457
245458
245459
245460
245461
245462
245463
245464
245465
245466
245467
245468
245469
246040
246042
246043
246044
246045
246046
246047
246048
246049
246050
246051
246052
246053
246054
246055
246624
246626
246627
246628
246629
246630
246631
246632
246633
246634
246635
246636
246637
246638
246639
247209
247210
247211
247212
247213
247214
247215
247216
247217
247218
247219
247220
247221
247778
247779
247780
247781
247784
247785
247786
247787
247788
247789
247790
247791
247792
247793
248333
248334
248337
248340
248341
248342
248343
248890
248892
248893
248894
248896
248898
249443
249444
249445
249989
249992
249993
250523
250527
250528
250529
251062
251063
251064
251068
251069
251070
251071
251072
251612
251613
251614
251615
251618
251619
251620
251621
251622
251623
252189
252190
252191
252192
252193
252194
252195
252196
252197
252198
252199
252200
252785
252786
252787
252788
252790
252792
252793
252794
252795
252796
253367
253368
253369
253370
253371
253372
253374
253375
253947
253948
253949
253950
253951
253952
253953
253954
253955
253956
253957
253958
253963
254532
254533
254534
254535
254536
254537
254538
254539
254540
254541
254542
254543
254544
254545
254552
254553
254554
255151
255152
255153
255154
255155
255156
255157
255158
255159
255160
255161
255162
255163
255164
255165
255169
255171
255172
255173
255174
255175
255176
255761
255762
255763
255764
255765
255766
255767
255768
255769
255770
255771
255772
255773
255774
255775
255779
255780
255781
255782
255783
255784
256368
256372
256373
256380
256381
256382
256383
256384
256385
256386
256387
256388
256389
256390
256391
256392
256393
256394
256395
256396
256397
256398
256399
256400
256401
256402
256403
256404
256977
256981
256982
256983
256984
256987
256990
256991
256992
256993
256994
256995
256996
256997
256998
256999
257000
257001
257002
257003
257004
257005
257007
257008
257009
257010
257011
257012
257588
257589
257590
257591
257595
257596
257597
257598
257599
257600
257601
257602
257603
257604
257605
257606
257607
257608
257609
257610
257611
257612
257613
257614
257615
257616
257617
257618
257619
257620
257621
257622
257623
257624
257625
257626
257627
257628
258200
258201
258202
258203
258204
258205
258206
258207
258208
258209
258210
258211
258212
258213
258214
258215
258216
258217
258218
258219
258220
258221
258222
258223
258224
258225
258226
258227
258228
258229
258230
258231
258232
258233
258234
258235
258236
258238
258239
258240
258241
258242
258243
258818
258819
258820
258821
258822
258823
258824
258825
258826
258827
258828
258829
258830
258831
258832
258833
258834
258835
258836
258837
258838
258839
258840
258841
258842
258843
258844
258845
258846
258847
258848
258849
258850
258851
258855
258856
258857
258858
258859
258860
259467
259468
259469
259470
259471
259472
259473
259474
259475
259476
259477
259478
259479
259480
259481
259482
259483
259484
259485
259486
259487
259488
259489
259490
259491
259497
259498
259499
259500
259501
260111
260112
260113
260114
260115
260116
260117
260118
260119
260120
260121
260122
260123
260124
260125
260126
260127
260128
260129
260130
260131
260132
260133
260134
260135
260136
260137
260142
260143
260144
260145
260146
260147
260148
260149
260755
260756
260757
260759
260760
260761
260762
260763
260764
260765
260766
260767
260768
260769
260770
260771
260772
260773
260774
260775
260776
260777
260778
260779
260780
260781
260786
260787
260788
260789
261377
261378
261379
261380
261381
261382
261383
261384
261385
261386
261387
261388
261389
261390
261391
261392
261393
261394
261395
261396
261397
261398
261400
261401
261402
261403
261404
261410
261411
261412
261413
261989
261990
261991
261992
261993
261994
261995
261996
261997
261998
261999
262000
262001
262002
262003
262004
262005
262006
262007
262008
262009
262010
262597
262598
262599
262600
262601
262602
262603
262604
262605
262606
262607
262608
262609
262610
262611
262612
262613
262614
262615
262616
262617
262618
262619
262620
262621
262622
262623
263202
263203
263204
263205
263206
263207
263208
263209
263210
263211
263212
263213
263214
263215
263216
263217
263218
263219
263220
263221
263222
263223
263804
263805
263806
263807
263808
263809
263810
263811
263812
263813
263814
263815
263816
263817
263818
263819
263820
263821
263822
263823
263824
263825
263826
263827
263828
264421
264422
264423
264424
264425
264426
264427
264428
264429
264430
264431
264432
264433
264434
264435
264436
264437
264439
265048
265049
265050
265051
265052
265053
265054
265055
265056
265057
265058
265059
265060
265061
265683
265684
265685
265686
265687
265688
265689
265690
265691
265692
265693
265695
265697
265698
266314
266315
266316
266317
266318
266319
266320
266321
266322
266323
266324
266325
266326
266327
266914
266915
266916
266917
266918
266920
266921
266922
266923
266924
266925
266926
266927
266928
266929
267526
267527
267528
267529
267530
267531
267532
267533
267534
267535
267536
267537
267538
267539
267540
267541
267542
268155
268156
268157
268158
268159
268160
268161
268162
268163
268164
268165
268166
268167
268168
268169
268170
268171
268778
268779
268783
268784
268785
268786
268787
268788
268789
268790
268792
268793
269407
269408
269410
269411
269412
269413
269414
269415
269416
269417
269418
270046
270047
270048
270051
270052
270053
270054
270055
270056
270057
270058
270059
270688
270689
270690
270691
270692
270693
270694
270695
270696
270697
270698
270699
271346
271347
271348
271349
271350
271351
271352
271353
271354
271355
271356
271996
271997
271998
271999
272000
272001
272002
272003
272004
272005
272006
272007
272008
272644
272645
272646
272647
272648
272649
272650
272651
272652
272653
272654
272655
272656
273291
273292
273293
273294
273295
273296
273297
273298
273299
273300
273301
273302
273303
273304
273947
273948
273949
273950
273951
273952
273953
273954
273955
273956
273957
273958
274595
274596
274597
274598
274599
274600
274601
274602
274603
274604
275222
275224
275225
275226
275227
275228
275229
275861
275862
275863
275865
275866
275867
275868
276515
276516
276517
277129
277130
277131
277132