168484
168485
168992
168994
168995
168996
168997
169503
169504
169505
169506
169507
169508
169509
169514
169515
170016
170017
170018
170019
170020
170021
170022
170023
170024
170031
170032
170547
170548
170549
170550
170551
170552
170553
170558
170559
170560
170561
170562
171100
171101
171102
171103
171104
171105
171108
171109
171110
171111
171112
171617
171618
171621
171622
171623
171624
171626
171627
171628
171629
171630
172142
172143
172144
172145
172146
172147
172148
172149
172150
172175
172652
172653
172654
172660
172661
172662
172663
172664
172665
172666
172688
172689
172690
172691
173158
173159
173165
173166
173167
173168
173169
173170
173171
173172
173191
173192
173193
173194
173678
173679
173680
173681
173682
173683
173684
173685
173686
173691
173692
173693
173694
173695
173696
173697
173698
173718
173719
173720
173721
173722
174203
174204
174205
174206
174207
174208
174209
174210
174214
174215
174216
174217
174218
174219
174220
174228
174235
174236
174245
174246
174247
174248
174744
174745
174746
174747
174748
174749
174750
174751
174756
174757
174758
174759
174760
174761
174762
174766
174767
174773
174774
174775
174782
174783
174784
175266
175267
175268
175269
175270
175271
175272
175277
175278
175279
175280
175281
175282
175283
175284
175285
175286
175289
175290
175291
175293
175294
175295
175296
175302
175303
175304
175795
175796
175797
175798
175799
175800
175801
175802
175803
175805
175809
175810
175811
175812
175813
175814
175815
175816
175817
175818
175826
175827
175828
175833
175834
175835
175836
175837
175838
175839
175840
175841
175842
175843
176390
176391
176392
176393
176394
176395
176396
176397
176398
176399
176400
176405
176406
176407
176408
176409
176410
176422
176423
176424
176425
176426
176429
176430
176431
176432
176433
176434
176435
176436
176437
176438
176439
177007
177008
177009
177010
177011
177012
177013
177014
177015
177020
177021
177022
177023
177024
177035
177036
177037
177038
177039
177043
177044
177045
177046
177047
177048
177049
177050
177051
177052
177053
177054
177055
177659
177660
177661
177662
177663
177664
177665
177669
177670
177671
177672
177673
177682
177683
177684
177685
177686
177687
177688
177689
177690
177691
177692
177693
177694
177695
177696
177697
177698
177699
177700
177701
177702
177703
178311
178312
178313
178314
178315
178316
178317
178318
178319
178320
178321
178329
178330
178331
178332
178333
178334
178335
178336
178337
178338
178339
178340
178341
178342
178343
178344
178345
178346
178347
178348
178349
178948
178949
178950
178951
178952
178954
178955
178956
178959
178963
178964
178965
178968
178969
178971
178972
178973
178974
178975
178976
178977
178978
178979
178980
178981
178982
178983
178984
178985
178986
179600
179601
179602
179603
179606
179607
179608
179609
179610
179611
179612
179613
179616
179617
179618
179621
179622
179623
179624
179625
179626
179627
179628
179629
179630
179631
179632
179633
179634
179635
179636
179637
180237
180238
180239
180246
180247
180248
180249
180250
180251
180252
180253
180254
180255
180256
180257
180258
180259
180260
180261
180262
180263
180264
180265
180266
180267
180268
180269
180270
180271
180272
180273
180274
180275
180276
180277
180278
180904
180911
180912
180913
180914
180915
180916
180917
180918
180919
180920
180921
180922
180923
180924
180925
180926
180927
180928
180929
180930
180931
180932
180933
180934
180935
180936
180937
180938
180939
180940
180942
180943
180944
180945
181588
181589
181590
181591
181592
181593
181594
181595
181596
181597
181598
181599
181600
181601
181602
181603
181604
181605
181606
181607
181608
181609
181610
181611
181612
181613
181614
181615
181616
181617
181618
181619
181620
182253
182255
182256
182257
182258
182259
182260
182261
182262
182263
182264
182265
182266
182267
182268
182269
182270
182271
182272
182273
182274
182275
182276
182277
182278
182279
182280
182281
182282
182283
182893
182894
182895
182896
182897
182899
182900
182901
182902
182903
182904
182905
182906
182907
182908
182909
182910
182911
182912
182913
182914
182915
182916
182917
182918
182919
182920
182921
182922
183522
183523
183524
183525
183526
183527
183528
183529
183533
183534
183535
183536
183537
183538
183539
183540
183541
183542
183543
183544
183545
183546
183547
183548
183549
183550
184110
184111
184112
184113
184114
184115
184116
184121
184122
184123
184124
184125
184126
184127
184128
184129
184130
184131
184132
184133
184134
184135
184136
184137
184138
184139
184715
184716
184717
184718
184719
184720
184721
184722
184723
184724
184725
184726
184727
184728
184729
184730
184731
184732
184733
184734
184735
184736
184737
184738
184739
184740
184741
184742
184743
184744
185340
185341
185342
185343
185344
185345
185346
185347
185348
185349
185350
185351
185352
185353
185354
185355
185356
185357
185358
185359
185360
185361
185362
185363
185364
185365
185366
185367
185368
185369
185370
185371
185372
185373
185374
185981
185982
185983
185984
185985
185986
185987
185988
185989
185990
185991
185992
185993
185994
185995
185996
185997
185998
185999
186000
186001
186002
186003
186004
186005
186006
186007
186008
186009
186010
186011
186012
186013
186014
186015
186625
186626
186627
186628
186629
186630
186631
186632
186633
186634
186635
186636
186637
186638
186639
186640
186641
186642
186643
186644
186645
186646
186647
186648
186649
186650
186651
186652
186653
186654
186655
186656
186657
187245
187246
187249
187250
187251
187252
187254
187255
187256
187257
187258
187259
187260
187261
187262
187263
187264
187265
187266
187267
187268
187269
187854
187859
187860
187861
187867
187868
187869
187870
187871
187872
187873
187874
187875
187876
187877
187878
187879
187880
188477
188478
188479
188480
188481
188482
188483
188484
188485
188486
188487
188488
188489
188490
188491
189090
189091
189092
189093
189094
189095
189096
189097
189098
189099
189100
189101
189102
189103
189104
189105
189690
189691
189692
189693
189694
189695
189696
189697
189698
189699
189700
189701
189702
189703
189704
189705
190268
190269
190270
190271
190272
190273
190274
190275
190276
190277
190278
190279
190284
190844
190845
190846
190847
190848
190849
190850
190851
190852
190853
190854
191406
191407
191408
191409
191410
191411
191413
191414
191415
191973
191974
191975
191976
191977
191978
191979
191980
191981
191982
192531
192532
192533
192534
192535
192536
192537
192538
192539
192540
192541
192542
193088
193089
193090
193091
193092
193093
193094
193095
193096
193097
193098
193656
193657
193658
193659
193660
193661
194212
194213
194214
194215
194216
194217
194780
194781
195322
195323
195324
195866
195867
195868
196391
196392
196393
196915
196916
196917
196918
197432
197433
197434
197435
197993
197994
197995
197996
197997
197998
198542
198543
198544
199132
199133
199134
199135
199136
199137
199138
199718
199719
199720
199721
199722
199723
200310
200311
200312
200313
200314
200315
200316
200317
200318
200319
200889
200890
200891
200892
200893
200894
200895
200896
201438
201439
201440
201442
201443
201444
201445
202004