453410
453730
453731
454037
454038
454039
454040
454043
454044
454345
454346
454348
454349
454350
454352
454353
454354
454355
454670
454671
454672
454673
454675
454676
454677
454678
454679
454680
454991
454992
454993
454994
454995
454996
454997
454998
454999
455000
455001
455309
455310
455311
455312
455313
455314
455315
455316
455317
455318
455333
455334
455335
455336
455643
455644
455646
455647
455648
455649
455650
455651
455652
455653
455654
455672
455673
455674
455993
455994
455995
455996
455997
455998
455999
456000
456001
456002
456025
456026
456027
456028
456029
456030
456346
456348
456349
456350
456351
456352
456353
456354
456355
456375
456376
456377
456378
456379
456380
456381
456682
456683
456684
456685
456686
456694
456710
456711
456712
456713
456714
456715
456716
456717
456718
456719
456720
456721
457010
457011
457012
457013
457014
457015
457016
457018
457022
457023
457024
457025
457037
457038
457039
457040
457041
457042
457043
457044
457045
457046
457047
457325
457326
457327
457328
457329
457330
457331
457332
457333
457334
457335
457336
457337
457338
457339
457340
457341
457342
457353
457354
457355
457356
457357
457358
457359
457360
457361
457362
457644
457645
457646
457647
457648
457649
457650
457651
457652
457653
457654
457655
457656
457657
457658
457659
457660
457661
457662
457674
457675
457676
457677
457678
457679
457680
457681
457952
457953
457956
457957
457958
457959
457960
457961
457962
457963
457964
457965
457966
457967
457968
457969
457980
457982
457983
457984
457985
457986
457987
458254
458255
458256
458257
458258
458259
458260
458261
458262
458264
458277
458278
458279
458280
458281
458556
458557
458558
458559
458561
458562
458563
458564
458565
458578
458582
458583
458584
458585
458586
458587
458869
458870
458871
458874
458875
458876
458877
458878
458879
458887
458890
458891
458892
458893
458894
459188
459189
459190
459191
459192
459193
459194
459195
459198
459199
459202
459203
459204
459205
459206
459207
459208
459209
459210
459484
459485
459486
459487
459488
459489
459490
459491
459492
459493
459494
459495
459496
459497
459498
459499
459500
459501
459502
459503
459504
459505
459788
459789
459790
459791
459792
459793
459794
459795
459796
459797
459798
459799
459800
459801
459803
459804
459805
460089
460090
460091
460092
460093
460094
460095
460096
460097
460098
460099
460100
460101
460102
460401
460402
460403
460404
460405
460406
460407
460408
460409
460410
460411
460415
460416
460417
460418
460707
460708
460709
460710
460711
460712
460713
460714
460715
460716
460721
460722
460723
460724
461019
461020
461021
461022
461023
461024
461025
461026
461028
461029
461030
461031
461033
461035
461036
461037
461327
461328
461329
461330
461331
461332
461336
461337
461338
461339
461340
461341
461342
461343
461344
461345
461346
461347
461348
461349
461350
461646
461647
461648
461649
461650
461651
461656
461657
461658
461659
461660
461661
461662
461663
461664
461665
461667
461668
461671
461672
461973
461974
461975
461976
461977
461978
461983
461984
461985
461986
461987
461988
461989
461990
461991
461992
461993
461994
461995
461998
461999
462000
462001
462002
462295
462296
462297
462298
462299
462300
462301
462305
462306
462307
462308
462309
462310
462311
462312
462313
462314
462315
462316
462318
462319
462320
462321
462608
462609
462610
462611
462612
462613
462614
462615
462616
462617
462618
462619
462620
462621
462622
462623
462624
462625
462626
462627
462628
462629
462630
462631
462632
462633
462634
462636
462637
462638
462639
462930
462931
462932
462933
462934
462935
462936
462937
462938
462939
462940
462941
462942
462943
462944
462945
462948
462949
462950
462951
462952
462953
462954
462955
462956
462957
462958
462959
462960
462961
462962
463248
463249
463250
463251
463252
463253
463254
463255
463256
463257
463258
463259
463260
463261
463262
463263
463264
463267
463268
463269
463270
463271
463272
463273
463274
463275
463276
463277
463278
463279
463280
463578
463579
463580
463581
463582
463583
463584
463585
463586
463587
463588
463589
463590
463591
463592
463593
463594
463595
463596
463597
463600
463601
463607
463608
463609
463610
463892
463893
463894
463895
463896
463897
463898
463899
463900
463901
463902
463903
463904
463905
463906
463907
463908
463909
463910
463911
463912
463913
463914
463915
463921
463922
463923
463924
464219
464220
464221
464222
464223
464224
464225
464226
464227
464228
464229
464230
464231
464232
464233
464234
464235
464236
464237
464238
464239
464240
464241
464250
464251
464252
464562
464563
464564
464565
464566
464567
464568
464569
464570
464571
464572
464573
464574
464575
464576
464578
464579
464581
464587
464591
464592
464593
464594
464907
464909
464910
464911
464912
464916
464917
464918
464919
464920
464921
464922
464924
464927
464928
464929
464930
464931
464932
464934
465234
465235
465236
465237
465238
465243
465244
465245
465246
465247
465248
465249
465250
465251
465252
465253
465254
465255
465256
465257
465258
465259
465260
465261
465262
465551
465553
465554
465556
465558
465559
465560
465561
465562
465563
465564
465565
465566
465567
465568
465569
465570
465571
465572
465573
465574
465575
465576
465577
465578
465579
465581
465887
465888
465889
465890
465891
465892
465893
465894
465895
465896
465897
465898
465899
465900
465901
465902
465903
465904
465905
465906
465907
465908
465909
465910
465911
465912
465913
465914
465915
465916
465917
465918
465919
465920
465921
466226
466227
466228
466229
466230
466231
466232
466233
466234
466235
466236
466237
466238
466239
466240
466241
466242
466243
466244
466245
466246
466247
466248
466249
466250
466251
466252
466253
466254
466255
466256
466257
466258
466259
466260
466261
466556
466557
466558
466559
466560
466561
466562
466563
466564
466565
466566
466567
466568
466569
466570
466571
466572
466573
466574
466575
466576
466577
466578
466579
466580
466581
466582
466583
466584
466585
466586
466587
466588
466891
466892
466893
466894
466895
466896
466897
466898
466899
466900
466901
466902
466903
466904
466905
466906
466907
466908
466909
466910
466911
466912
466913
466914
466915
466916
466917
466918
466919
467224
467225
467226
467227
467228
467229
467230
467231
467232
467233
467234
467235
467236
467237
467238
467239
467240
467241
467242
467243
467244
467245
467246
467247
467248
467249
467250
467251
467536
467537
467538
467539
467540
467541
467542
467543
467544
467545
467546
467547
467548
467549
467550
467553
467554
467555
467556
467557
467558
467559
467560
467561
467562
467563
467861
467862
467863
467864
467865
467866
467867
467868
467869
467870
467871
467872
467873
467874
467875
467877
467878
467882
467883
467884
467885
467886
467887
467888
467889
468172
468173
468174
468175
468177
468178
468179
468180
468181
468182
468183
468184
468185
468186
468190
468191
468192
468193
468194
468195
468196
468197
468470
468471
468472
468473
468475
468477
468478
468479
468480
468481
468482
468483
468484
468489
468490
468491
468778
468781
468783
468784
468785
468786
468787
468788
468789
468795
468796
469092
469093