473162
473163
473460
473461
473462
473774
473775
473776
473777
473778
473779
473781
473782
473783
473784
474103
474104
474105
474106
474107
474108
474109
474110
474111
474112
474113
474114
474115
474419
474420
474421
474422
474423
474424
474425
474426
474427
474428
474430
474431
474432
474433
474434
474435
474436
474437
474438
474745
474746
474747
474748
474749
474750
474751
474752
474753
474754
474755
474756
474757
474760
474761
474762
474763
474764
474765
474766
474767
474768
474769
474770
474771
475064
475065
475066
475067
475068
475069
475070
475071
475072
475073
475074
475075
475076
475077
475078
475079
475080
475081
475082
475083
475084
475085
475086
475087
475088
475089
475090
475091
475092
475093
475398
475399
475400
475401
475402
475403
475404
475405
475406
475407
475408
475409
475410
475411
475412
475413
475414
475415
475416
475417
475421
475422
475423
475424
475425
475426
475427
475428
475429
475430
475431
475432
475737
475738
475739
475740
475741
475742
475743
475745
475746
475747
475748
475749
475750
475751
475752
475753
475754
475758
475762
475763
475764
475765
475766
475767
475768
475769
475770
475771
476077
476078
476079
476080
476081
476085
476086
476087
476088
476089
476090
476091
476092
476097
476098
476099
476100
476101
476102
476103
476104
476105
476106
476107
476108
476407
476408
476409
476410
476411
476412
476416
476417
476418
476419
476420
476421
476422
476423
476429
476430
476431
476432
476433
476434
476435
476436
476437
476438
476439
476440
476441
476765
476766
476767
476768
476769
476772
476773
476774
476775
476776
476777
476778
476779
476787
476788
476789
476791
476792
476793
476794
476795
476796
476797
476798
476799
476802
477124
477125
477126
477129
477130
477131
477132
477133
477134
477135
477136
477137
477138
477139
477140
477145
477146
477149
477150
477151
477152
477153
477154
477155
477156
477157
477160
477161
477486
477487
477488
477489
477490
477491
477492
477493
477494
477495
477496
477497
477498
477499
477500
477502
477503
477504
477505
477506
477507
477508
477509
477510
477511
477512
477513
477514
477515
477864
477865
477866
477867
477868
477869
477870
477871
477872
477873
477874
477875
477876
477877
477878
477879
477880
477882
477883
477884
477887
477888
477889
477890
477891
477892
477893
477894
477895
477896
477897
477898
477899
477900
477901
478235
478236
478237
478238
478239
478240
478241
478242
478243
478244
478245
478246
478247
478248
478249
478250
478253
478254
478256
478257
478258
478259
478262
478263
478264
478265
478266
478586
478587
478588
478589
478590
478591
478592
478593
478594
478595
478596
478597
478598
478599
478600
478601
478602
478603
478604
478605
478606
478607
478609
478610
478611
478614
478929
478930
478931
478932
478933
478934
478935
478936
478937
478938
478939
478940
478941
478942
478943
478944
478945
478946
478947
478948
478949
478950
478951
478952
479264
479276
479277
479278
479279
479280
479281
479282
479283
479284
479285
479286
479287
479288
479289
479290
479291
479292
479293
479294
479295
479296
479297
479298
479299
479584
479585
479586
479587
479588
479597
479598
479599
479600
479601
479602
479603
479604
479605
479606
479607
479608
479609
479610
479611
479612
479613
479614
479615
479616
479617
479618
479620
479621
479622
479623
479624
479625
479903
479904
479905
479906
479907
479912
479914
479915
479916
479917
479918
479919
479920
479921
479922
479923
479924
479925
479926
479927
479928
479929
479930
479931
479932
479933
479934
479935
479936
479937
479938
479939
479940
479941
479942
480219
480220
480221
480222
480223
480227
480228
480229
480230
480231
480232
480233
480234
480235
480236
480237
480238
480239
480240
480241
480242
480243
480244
480245
480246
480247
480248
480249
480250
480251
480252
480253
480254
480529
480530
480531
480534
480535
480539
480540
480541
480542
480543
480544
480545
480546
480547
480548
480549
480550
480551
480552
480553
480554
480555
480556
480558
480559
480560
480561
480562
480836
480837
480840
480841
480842
480843
480844
480845
480846
480847
480848
480849
480850
480854
480855
480856
480857
480858
480859
480860
480861
480865
480867
480868
481141
481142
481143
481144
481145
481146
481147
481148
481149
481150
481151
481152
481153
481154
481155
481159
481162
481163
481165
481166
481167
481172
481446
481447
481448
481460
481461
481462
481463
481464
481465
481466
481467
481468
481469
481470
481471
481472
481473
481483
481484
481485
481486
481487
481488
481791
481792
481793
481794
481805
481806
481807
481808
481809
481810
481811
481812
481813
481814
481815
481816
481817
481818
481819
481820
481821
481832
481833
481834
481835
481836
481837
482131
482132
482133
482134
482135
482136
482151
482152
482153
482154
482155
482156
482157
482158
482159
482160
482161
482162
482163
482164
482165
482166
482167
482465
482466
482467
482468
482469
482470
482471
482472
482486
482487
482489
482490
482491
482492
482493
482494
482495
482496
482497
482498
482500
482801
482802
482803
482804
482805
482806
482807
482808
482809
482826
482827
482828
482829
482830
482831
482832
482833
483151
483153
483154
483155
483156
483157
483158
483159
483160
483161
483162
483163
483164
483165
483166
483177
483178
483179
483180
483181
483182
483183
483184
483508
483509
483510
483511
483512
483513
483514
483515
483516
483517
483518
483519
483520
483528
483529
483530
483531
483532
483533
483534
483535
483859
483860
483861
483862
483863
483864
483865
483866
483867
483868
483869
483870
483871
483872
483878
483879
483880
483881
483882
483883
483884
483886
484195
484196
484197
484198
484199
484200
484201
484202
484203
484204
484205
484206
484207
484208
484212
484213
484214
484215
484216
484217
484218
484219
484221
484524
484525
484526
484527
484528
484529
484530
484531
484532
484533
484534
484535
484536
484537
484538
484539
484543
484544
484545
484546
484547
484548
484848
484849
484850
484851
484852
484853
484854
484855
484856
484857
484858
484859
484860
484864
484865
484866
484867
484868
484869
484870
484871
485172
485173
485174
485175
485176
485177
485178
485179
485180
485181
485182
485183
485184
485185
485188
485189
485190
485191
485192
485193
485194
485195
485516
485517
485518
485519
485520
485521
485522
485523
485524
485525
485526
485527
485528
485529
485530
485531
485532
485533
485534
485535
485536
485537
485538
485539
485540
485541
485542
485842
485843
485844
485845
485846
485847
485848
485849
485850
485851
485852
485853
485854
485855
485856
485857
485858
485859
485860
485861
485862
485863
485864
485866
485867
485868
486156
486157
486158
486159
486160
486161
486162
486163
486164
486165
486166
486167
486168
486169
486170
486171
486473
486474
486475
486476
486477
486478
486479
486480
486481
486482
486483
486484
486485
486486
486814
486815
486816
486817
486818
486819
486820
486821
486822
486823
486824
486825
486826
487180
487181
487182
487183
487184
487185
487186
487187
487188
487189
487190
487191
487192
487193
487194
487195
487550
487551
487552
487553
487554
487555
487556
487557
487558
487559
487561
487932
487935
487936