455072
455073
455385
455386
455387
455388
455725
455726
455727
455728
455729
456087
456088
456089
456435
456436
456768
456769
456770
456778
457090
457091
457092
457093
457094
457097
457100
457406
457407
457408
457409
457410
457411
457412
457413
457414
457415
457416
457417
457418
457419
457420
457724
457725
457726
457727
457728
457729
457730
457731
457732
457734
457735
457736
457737
457738
457739
458024
458025
458026
458027
458028
458029
458030
458031
458032
458033
458034
458035
458036
458321
458322
458323
458324
458325
458326
458327
458328
458329
458330
458331
458332
458333
458334
458335
458336
458337
458338
458339
458625
458626
458627
458628
458629
458630
458631
458632
458633
458634
458635
458636
458637
458638
458639
458640
458641
458642
458643
458644
458645
458646
458647
458935
458936
458937
458938
458939
458940
458941
458942
458943
458944
458945
458946
458947
458948
458949
458950
458951
458952
458953
459250
459251
459252
459253
459254
459255
459256
459257
459258
459259
459260
459261
459262
459263
459264
459265
459266
459267
459546
459547
459548
459549
459550
459551
459552
459553
459554
459555
459556
459557
459558
459559
459560
459561
459562
459563
459564
459565
459566
459567
459844
459845
459846
459847
459848
459849
459850
459851
459852
459853
459854
459855
459856
459857
459858
459859
459860
459861
459862
459863
459864
459865
460141
460142
460143
460144
460145
460146
460147
460148
460149
460150
460151
460152
460153
460154
460155
460156
460157
460158
460159
460160
460161
460162
460163
460454
460455
460456
460457
460458
460459
460460
460461
460462
460463
460464
460465
460466
460467
460468
460469
460470
460471
460472
460473
460474
460475
460476
460477
460773
460774
460775
460776
460777
460778
460779
460780
460781
460782
460783
460784
460785
460786
460787
460788
460789
460790
460791
460792
460793
460794
460795
460796
460797
460798
461076
461077
461080
461081
461082
461083
461084
461085
461086
461087
461088
461089
461090
461091
461092
461093
461094
461095
461096
461097
461098
461099
461100
461101
461102
461103
461104
461105
461106
461392
461393
461394
461395
461396
461397
461398
461399
461400
461401
461402
461403
461404
461405
461406
461407
461408
461409
461410
461411
461412
461413
461414
461415
461416
461417
461418
461419
461420
461421
461422
461423
461424
461425
461426
461427
461719
461720
461721
461722
461723
461724
461725
461727
461728
461729
461730
461731
461732
461733
461734
461735
461736
461737
461738
461739
461740
461741
461742
461743
461744
461745
461746
461747
461748
461749
461750
461751
461752
461753
461754
462043
462044
462045
462046
462047
462048
462051
462052
462053
462054
462055
462056
462057
462058
462059
462060
462061
462062
462063
462064
462065
462066
462067
462068
462069
462070
462071
462072
462073
462074
462075
462076
462077
462078
462079
462080
462081
462369
462370
462371
462372
462373
462374
462377
462378
462379
462380
462381
462382
462383
462384
462385
462386
462387
462388
462389
462390
462391
462392
462393
462394
462395
462396
462397
462398
462399
462400
462401
462402
462403
462404
462405
462406
462689
462690
462691
462694
462695
462696
462697
462698
462699
462700
462701
462702
462703
462704
462705
462706
462707
462708
462709
462710
462711
462712
462713
462714
462715
462716
462717
462718
462719
462720
462721
462722
462723
463009
463010
463011
463012
463013
463014
463015
463016
463017
463018
463019
463020
463021
463022
463023
463024
463025
463026
463027
463028
463029
463030
463031
463032
463033
463034
463336
463337
463338
463339
463340
463341
463342
463343
463344
463345
463346
463347
463348
463349
463350
463351
463352
463353
463354
463355
463356
463357
463358
463359
463360
463361
463362
463363
463364
463663
463664
463665
463666
463667
463668
463669
463670
463671
463672
463673
463674
463675
463676
463677
463678
463679
463680
463681
463682
463683
463684
463685
463686
463687
463688
463689
463690
463691
463981
463982
463983
463984
463985
463986
463987
463988
463989
463990
463991
463992
463993
463994
463995
463996
463997
463998
463999
464000
464001
464002
464003
464004
464005
464006
464007
464307
464308
464309
464310
464311
464312
464313
464314
464315
464316
464317
464318
464319
464320
464321
464322
464323
464324
464325
464326
464327
464328
464329
464330
464331
464332
464333
464334
464647
464648
464649
464650
464651
464652
464653
464654
464655
464656
464657
464658
464659
464660
464661
464662
464663
464664
464665
464666
464667
464668
464669
464670
464671
464984
464985
464986
464987
464988
464989
464990
464991
464992
464993
464994
464995
464996
464997
464998
464999
465000
465001
465002
465003
465004
465005
465006
465007
465008
465311
465312
465314
465315
465316
465317
465318
465319
465320
465321
465322
465323
465324
465325
465326
465327
465328
465329
465330
465331
465332
465333
465334
465335
465336
465633
465634
465635
465636
465637
465638
465639
465640
465641
465642
465643
465644
465645
465646
465647
465648
465649
465650
465651
465652
465653
465654
465655
465656
465657
465658
465659
465984
465985
465986
465987
465989
465990
465991
465992
465993
465994
465995
465996
465997
465998
465999
466000
466001
466002
466003
466004
466005
466006
466007
466008
466327
466328
466329
466330
466331
466332
466333
466334
466335
466336
466337
466338
466339
466340
466341
466342
466343
466344
466345
466346
466347
466348
466349
466350
466351
466352
466656
466657
466658
466659
466660
466661
466662
466663
466664
466665
466666
466667
466668
466669
466670
466671
466672
466673
466674
466675
466676
466677
466678
466679
466680
466978
466982
466983
466984
466985
466986
466987
466988
466989
466990
466991
466992
466993
466994
466995
466996
466997
466998
466999
467000
467001
467002
467003
467004
467005
467302
467303
467305
467306
467307
467308
467309
467310
467311
467312
467313
467314
467315
467316
467317
467318
467319
467320
467321
467322
467323
467324
467325
467326
467327
467328
467329
467617
467618
467619
467620
467621
467622
467623
467624
467625
467626
467627
467628
467629
467630
467631
467632
467633
467634
467635
467636
467637
467638
467639
467640
467641
467642
467643
467644
467645
467646
467647
467648
467939
467940
467941
467942
467943
467944
467945
467946
467947
467948
467949
467950
467951
467952
467953
467958
467959
467960
467961
467962
467963
467964
467965
467966
467967
467968
467969
468256
468257
468258
468259
468260
468261
468262
468263
468264
468265
468266
468267
468275
468276
468277
468278
468279
468280
468281
468282
468283
468555
468556
468557
468558
468564
468573
468574
468575
468576
468577
468578
468579
468580
468858
468859
468860
468861
468872
468873
468874
468875
468876
468877
469153
469154
469166
469167
469168
469169
469170
469171
469172
469173
469174
469175
469176
469462
469463
469464
469465
469466
469467
469468
469469
469470
469471
469472
469473
469474
469475
469476
469477
469478
469744
469745
469746
469747
469748
469749
469750
469751
469752
469753
469754
469755
469756
469757
469758
469759
470025
470026
470027
470028
470029
470030
470031
470032
470033
470034
470281