393
394
395
396
397
398
850
851
852
853
1287
1288
1289
1705
1706
2109
2110
2111
2522
2523
2945
482392
482393
482394
482721
482722
482724
482725
482726
482727
482728
483068
483069
483070
483071
483072
483073
483074
483075
483076
483436
483437
483438
483439
483440
483441
483442
483793
483796
483797
483798
484126
484127
484128
484129
484130
484131
484132
484133
484456
484457
484458
484459
484460
484461
484462
484776
484777
484778
484779
484780
484781
484782
484783
485102
485103
485104
485105
485106
485107
485108
485109
485110
485439
485440
485441
485442
485443
485444
485445
485447
485448
485449
485774
485775
485776
485777
485778
485780
485781
485782
485783
485784
485785
486070
486086
486087
486088
486089
486090
486091
486092
486093
486094
486095
486096
486097
486388
486389
486390
486393
486403
486404
486405
486406
486407
486408
486409
486410
486411
486412
486414
486415
486416
486417
486418
486711
486712
486713
486714
486715
486716
486718
486719
486720
486727
486728
486729
486730
486731
486732
486733
486734
486735
486736
486737
486738
486739
486740
486741
486742
486743
486744
486745
486746
487073
487074
487075
487076
487077
487078
487081
487082
487083
487084
487085
487086
487090
487091
487092
487093
487094
487095
487096
487099
487100
487101
487102
487103
487104
487105
487106
487107
487108
487438
487439
487441
487442
487443
487444
487445
487446
487447
487448
487449
487450
487451
487452
487453
487454
487455
487456
487457
487462
487463
487464
487465
487466
487467
487468
487469
487820
487821
487823
487824
487825
487826
487829
487830
487831
487832
487833
487834
487835
487836
487837
487838
487839
487840
487841
487847
487848
487849
487850
487853
487854
488198
488199
488203
488204
488205
488206
488207
488208
488209
488210
488211
488212
488213
488221
488222
488223
488224
488225
488226
488590
488596
488597
488598
488599
488600
488601
488602
488603
488606
488607
488608
488609
488610
488611
488612
488613
488621
488622
488623
488624
488995
488996
488997
488998
488999
489000
489002
489004
489005
489006
489007
489008
489010
489011
489012
489013
489014
489015
489016
489024
489025
489398
489399
489400
489401
489403
489404
489405
489406
489407
489409
489410
489411
489412
489413
489414
489415
489416
489417
489418
489419
489420
489421
489820
489821
489822
489823
489825
489826
489827
489828
489829
489830
489834
489835
489836
489837
489838
489839
489840
489841
489842
489843
489844
489845
489846
489847
490239
490240
490241
490243
490244
490245
490246
490247
490248
490249
490253
490254
490255
490256
490257
490258
490259
490260
490261
490262
490263
490265
490266
490632
490637
490638
490639
490640
490641
490642
490643
490644
490645
490646
490647
490648
490649
490650
490651
490654
490655
490656
490657
490658
490659
490660
490661
490662
490663
490664
490665
490666
490667
490668
490669
490670
490671
490672
491029
491031
491032
491033
491034
491035
491036
491037
491038
491039
491040
491041
491042
491043
491044
491045
491047
491048
491049
491050
491051
491052
491053
491054
491055
491056
491057
491058
491059
491060
491061
491062
491063
491064
491424
491425
491426
491427
491428
491429
491430
491431
491432
491433
491434
491435
491436
491437
491438
491439
491440
491441
491442
491443
491444
491445
491448
491449
491450
491451
491452
491453
491454
491455
491456
491457
491458
491459
491460
491461
491462
491463
491464
491465
491837
491838
491839
491840
491841
491842
491843
491844
491845
491846
491847
491848
491849
491850
491851
491852
491853
491854
491855
491858
491859
491860
491861
491862
491863
491864
491865
491866
491867
491868
491869
491870
491871
491872
491873
491874
492257
492258
492259
492260
492261
492262
492263
492264
492265
492266
492267
492268
492269
492270
492271
492272
492273
492274
492275
492276
492277
492279
492280
492281
492282
492283
492284
492285
492286
492287
492288
492289
492290
492291
492292
492293
492294
492295
492677
492678
492679
492680
492681
492682
492683
492684
492685
492686
492687
492688
492689
492690
492691
492692
492693
492694
492695
492696
492697
492698
492699
492700
492701
492702
492703
492704
492705
492706
492707
492708
493108
493109
493110
493111
493112
493113
493114
493115
493116
493117
493118
493119
493120
493121
493122
493123
493124
493125
493126
493127
493128
493129
493130
493131
493132
493133
493134
493135
493137
493138
493536
493537
493538
493539
493540
493541
493542
493543
493544
493545
493546
493547
493548
493549
493550
493551
493552
493553
493554
493555
493556
493557
493558
493958
493959
493960
493961
493962
493963
493964
493965
493966
493967
493968
493969
493970
493971
493972
493973
493974
493975
493977
493978
493979
493980
493981
493982
493983
494400
494401
494402
494403
494404
494405
494406
494407
494408
494409
494410
494411
494412
494413
494414
494415
494416
494417
494418
494419
494420
494421
494422
494423
494424
494425
494851
494852
494853
494854
494855
494856
494857
494858
494859
494860
494861
494862
494863
494864
494865
494866
494867
494868
494869
494870
494872
494873
494874
494875
494876
494878
495305
495306
495307
495308
495309
495310
495311
495312
495313
495314
495315
495316
495317
495318
495319
495320
495321
495322
495323
495324
495325
495326
495327
495328
495329
495330
495331
495332
495333
495773
495774
495775
495776
495777
495778
495779
495780
495781
495782
495783
495784
495785
495786
495787
495788
495789
495790
495791
495792
495793
495794
495795
495796
495797
495798
496232
496233
496234
496235
496236
496237
496238
496239
496240
496241
496242
496243
496244
496245
496246
496247
496248
496249
496250
496251
496252
496253
496254
496688
496689
496690
496691
496692
496693
496694
496695
496697
496698
496699
496700
496701
496702
496703
496704
496705
496706
496707
496708
497170
497171
497172
497173
497174
497175
497179
497180
497181
497182
497183
497184
497185
497186
497187
497188
497649
497650
497651
497652
497653
497657
497658
497659
497660
497661
497662
497663
497664
498125
498126
498127
498128
498129
498133
498134
498135
498136
498137
498138
498139
498140
498624
498630
498631
498632
498633
498634
498635
498636
498637
498638
498639
498640
498641
499134
499135
499138
499139
499140
499141
499142
499143
499144
499145
499146
499147
499148
499149
499150
499156
499644
499645
499646
499647
499648
499649
499650
499651
499658
500177
500178
500179
500180
500181
500182
500183
500184
500185
500189
500708
500709
500710
500711
500712
500713
500714
500715
500716
500717
500721
500722
501233
501234
501235
501236
501237
501238
501239
501240
501241
501242
501243
501245
501246
501749
501750
501751
501752
501753
501754
501755
501756
501757
501758
501760
501761
501762
501763
501764
502224
502225
502226
502227
502228
502229
502231
502232
502233
502234
502235
502677
502678
502679
502680
502681
502682
502683
502684
502685
502686
502687
502688
502689
502691
502692
503137
503138
503139
503140
503141
503142
503143
503144
503145
503146
503147
503148
503149
503150
503151
503152
503597
503598
503599
503600
503601
503602
503603
503604
503605