249742
250286
250287
250288
250289
250828
250829
250830
250831
250832
250836
251380
251381
251382
251383
251384
251385
251386
251387
251388
251947
251948
251949
251950
251951
251952
251953
251954
251955
251956
251957
252542
252543
252544
252545
252546
252547
252548
252549
253122
253123
253124
253125
253126
253127
253128
253129
253130
253702
253703
253704
253705
253706
253707
253708
253709
253710
253711
253712
253713
254280
254281
254282
254283
254284
254285
254286
254287
254288
254289
254290
254291
254292
254903
254904
254905
254906
254907
254908
254910
254911
254912
254913
254914
255528
255529
255531
255532
256129
256130
256133
256753
256754
257372
257373
257384
257385
257386
257987
257988
257989
258003
258004
258005
258006
258007
258009
258606
258607
258608
258609
258610
258611
258625
258626
258627
258628
258629
258630
258631
258632
258633
258634
258635
259242
259243
259260
259261
259262
259263
259264
259265
259266
259267
259268
259269
259270
259892
259893
259910
259911
259912
259913
259914
259915
259916
259917
259918
259919
259920
260539
260540
260541
260542
260543
260544
260545
260552
260553
260555
260556
260557
260558
260559
260560
260561
260562
260563
261160
261161
261162
261163
261165
261166
261167
261168
261169
261170
261176
261177
261178
261179
261180
261181
261182
261183
261184
261185
261186
261187
261769
261770
261771
261772
261773
261774
261775
261776
261778
261779
261780
261781
261782
261787
261788
261789
261790
261791
261792
261793
261794
261795
261796
261797
261798
261799
262382
262383
262384
262385
262386
262387
262388
262390
262391
262392
262393
262397
262398
262399
262400
262401
262402
262403
262404
262405
262406
262407
262982
262983
262984
262985
262986
262988
262989
262990
262991
262995
262996
262997
262998
262999
263000
263001
263002
263003
263004
263005
263006
263007
263008
263009
263010
263011
263580
263581
263582
263583
263584
263585
263586
263588
263589
263590
263591
263592
263593
263596
263597
263598
263599
263600
263601
263602
263603
263604
263605
263606
263607
263608
263609
263610
263611
263612
264178
264179
264180
264181
264182
264183
264184
264185
264186
264187
264188
264189
264190
264191
264192
264193
264194
264195
264196
264197
264198
264199
264200
264201
264202
264203
264204
264205
264206
264207
264208
264806
264807
264808
264809
264810
264812
264815
264816
264817
264818
264819
264820
264821
264822
264823
264824
264825
264826
264827
264828
264829
264830
264831
264832
264833
264834
264835
264836
264837
264838
264839
264840
264841
264842
264843
265433
265434
265435
265436
265437
265438
265439
265440
265441
265442
265443
265444
265446
265447
265448
265449
265450
265451
265452
265453
265454
265455
265456
265457
265458
265459
265460
265461
265462
265463
265464
265465
265466
265467
265468
265469
266062
266063
266064
266065
266066
266067
266068
266069
266070
266071
266072
266073
266074
266075
266076
266077
266078
266079
266080
266081
266082
266083
266084
266085
266086
266087
266088
266089
266090
266091
266092
266093
266094
266095
266096
266663
266664
266665
266666
266667
266668
266669
266670
266671
266672
266673
266674
266675
266676
266677
266678
266679
266680
266681
266682
266683
266684
266685
266686
266687
266688
266689
266690
266691
267268
267269
267270
267271
267272
267273
267274
267275
267276
267277
267278
267280
267281
267282
267283
267284
267285
267286
267287
267288
267289
267290
267291
267292
267293
267294
267295
267296
267297
267298
267299
267300
267895
267896
267897
267898
267899
267900
267901
267902
267903
267904
267905
267906
267907
267908
267909
267910
267911
267912
267913
267914
267915
267916
267917
267918
267919
267920
267921
267922
267923
267924
267925
268518
268519
268520
268521
268522
268523
268524
268525
268526
268527
268528
268529
268530
268532
268533
268534
268535
268536
268537
268538
268539
268540
268541
268542
268543
268544
268545
268546
268547
268548
268549
268550
268551
268552
268553
269151
269152
269153
269154
269155
269156
269157
269158
269159
269161
269163
269164
269165
269166
269167
269168
269169
269170
269171
269172
269173
269174
269175
269176
269177
269178
269179
269180
269181
269182
269183
269184
269789
269790
269791
269792
269793
269794
269795
269796
269797
269798
269799
269800
269804
269805
269806
269807
269808
269809
269810
269811
269812
269813
269814
269815
269816
269817
269818
269819
269820
269821
269822
269823
270438
270439
270440
270441
270442
270443
270444
270445
270446
270447
270448
270452
270453
270454
270455
270456
270457
270458
270459
270460
270461
270462
270463
270464
270465
270466
270467
270468
270469
270470
270471
271085
271086
271087
271088
271089
271090
271091
271092
271093
271094
271095
271097
271098
271099
271100
271101
271102
271103
271104
271105
271106
271107
271108
271109
271110
271111
271112
271113
271114
271115
271116
271117
271118
271123
271736
271737
271738
271739
271740
271741
271742
271743
271744
271745
271746
271747
271748
271749
271750
271751
271752
271753
271754
271755
271756
271757
271758
271759
271760
271761
271762
271763
271764
271765
271766
271767
271768
271769
271770
271771
271772
271773
271774
271775
271776
271777
271781
271782
271783
272381
272382
272383
272384
272385
272386
272387
272388
272389
272390
272391
272392
272393
272394
272395
272396
272397
272398
272399
272400
272401
272402
272403
272404
272405
272406
272407
272408
272409
272410
272411
272412
272413
272414
272415
272416
272417
272418
272419
272420
272421
272425
272426
272427
272428
272429
273024
273025
273026
273027
273028
273029
273030
273031
273032
273033
273034
273035
273036
273037
273038
273039
273040
273041
273042
273043
273044
273045
273046
273047
273048
273049
273050
273051
273052
273053
273054
273055
273056
273057
273058
273059
273060
273061
273062
273063
273064
273065
273066
273067
273068
273069
273693
273694
273695
273696
273697
273698
273699
273700
273701
273702
273703
273704
273705
273706
273707
273708
273709
273710
273711
273712
273713
273714
273715
273716
273717
273718
273719
273720
273721
273722
273723
273724
273725
273726
273727
273728
273729
273730
273731
273732
274357
274358
274359
274360
274361
274362
274363
274364
274365
274366
274369
274370
274371
274372
274373
274374
274375
274376
274377
274378
274379
274380
274381
274382
274383
274384
274385
274386
274387
274388
274389
274390
274391
274392
274393
274394
274981
274982
274983
274984
274988
274989
274990
274991
274994
274995
274996
274997
274998
275000
275001
275002
275003
275004
275005
275006
275007
275008
275009
275010
275011
275012
275013
275014
275015
275016
275017
275018
275019
275608
275609
275610
275615
275616
275617
275621
275622
275623
275625
275626
275627
275629
275630
275631
275634
275635
275636
275637
275638
275639
275640
275641
275642
275643
276235
276236
276237
276238
276239
276247
276248
276249
276250
276251
276257
276261
276262
276263
276264
276265
276266
276267
276268
276862
276863
276865
276866
276867
276868
276878
276879
277483
277484
277485
277486
278095
278096
278097
278098
278099
278100
278101
278712
278713
278714
278716