313046
313047
313048
313049
313524
313525
313526
313527
313528
313529
313530
314003
314004
314005
314006
314007
314008
314009
314468
314469
314470
314471
314472
314473
314911
314912
314913
314914
315358
315359
315360
315811
315812
315813
315814
315815
315816
316272
316273
316274
316275
316276
316277
316278
316279
316737
316738
316739
316740
316741
316742
316743
316744
316745
316746
316747
316748
316749
316750
316751
316752
317208
317209
317210
317211
317212
317213
317214
317215
317216
317217
317218
317219
317220
317221
317222
317223
317691
317692
317693
317694
317695
317696
317697
317698
317699
317700
317701
317702
317703
317704
317705
318175
318176
318177
318178
318179
318180
318181
318182
318183
318184
318185
318186
318187
318188
318189
318687
318688
318689
318690
318691
318692
318693
318694
318695
318696
318697
318698
319176
319177
319178
319179
319180
319181
319182
319183
319184
319185
319186
319187
319188
319189
319190
319191
319192
319667
319668
319669
319670
319671
319672
319673
319674
319675
319676
319677
319678
319679
319680
319681
319682
319683
319684
320160
320161
320162
320163
320164
320165
320166
320167
320168
320169
320170
320171
320172
320173
320174
320643
320644
320645
320646
320647
320648
320649
320650
320651
320652
320653
320654
320655
320656
321122
321123
321124
321125
321126
321127
321128
321129
321130
321131
321132
321591
321592
321593
321594
321595
321596
321597
321598
321599
321600
321601
322042
322043
322044
322045
322046
322047
322048
322049
322050
322051
322052
322053
322054
322055
322510
322511
322512
322513
322514
322515
322516
322517
322518
322519
322520
322521
322522
322523
322524
322525
323003
323004
323005
323006
323007
323008
323009
323010
323011
323012
323013
323014
323015
323016
323017
323018
323019
323020
323021
323022
323470
323471
323472
323473
323474
323475
323476
323477
323478
323479
323480
323481
323482
323483
323484
323485
323486
323487
323488
323489
323490
323491
323492
323493
323494
323953
323954
323955
323956
323957
323958
323959
323960
323961
323962
323963
323964
323965
323966
323967
323968
323969
323970
323971
323972
323973
323974
323975
324461
324462
324463
324464
324465
324466
324467
324468
324469
324470
324471
324472
324473
324474
324475
324476
324477
324478
324479
324480
324481
324482
324483
324484
324485
324975
324976
324977
324978
324979
324980
324981
324982
324983
324984
324985
324986
324987
324988
324989
324990
324991
324992
324993
324994
324995
324996
324997
324998
324999
325000
325001
325002
325503
325504
325505
325506
325507
325508
325509
325510
325511
325512
325513
325514
325515
325516
325517
325518
325519
325520
325521
325522
325523
325524
325525
325526
325527
325528
325529
325530
325531
326026
326027
326028
326029
326030
326031
326032
326033
326034
326035
326036
326037
326038
326039
326040
326041
326042
326043
326044
326045
326046
326047
326048
326049
326050
326051
326542
326543
326544
326545
326546
326547
326548
326549
326550
326551
326552
326553
326554
326555
326556
326557
326558
326559
326560
326561
326562
326563
326564
326565
326566
326567
327060
327061
327062
327063
327064
327065
327066
327067
327068
327069
327070
327071
327072
327073
327074
327075
327076
327077
327078
327079
327080
327081
327575
327576
327577
327578
327579
327580
327581
327582
327583
327584
327585
327586
327587
327588
327589
327590
327591
327592
327593
327594
327595
327596
327597
327598
328104
328106
328107
328108
328109
328110
328111
328112
328113
328114
328115
328116
328117
328118
328119
328120
328121
328122
328123
328124
328125
328126
328603
328604
328605
328606
328607
328608
328609
328610
328611
328612
328613
328614
328615
328616
328617
328618
328619
328620
328621
328622
328623
328624
328625
329076
329077
329078
329080
329081
329082
329083
329084
329085
329086
329087
329088
329089
329090
329091
329092
329093
329094
329095
329096
329097
329098
329099
329100
329101
329102
329103
329104
329535
329538
329539
329543
329544
329545
329546
329547
329548
329549
329550
329551
329552
329553
329554
329555
329556
329557
329558
329559
329560
329561
329562
329563
329564
329565
329566
329567
329568
329986
329987
329988
329989
329990
329991
329994
329995
329996
329997
329998
329999
330000
330001
330002
330003
330004
330005
330006
330007
330008
330009
330010
330011
330012
330013
330014
330015
330016
330017
330448
330449
330450
330451
330452
330453
330457
330458
330459
330460
330461
330462
330463
330464
330465
330466
330467
330468
330469
330470
330471
330472
330473
330474
330475
330476
330477
330916
330917
330918
330919
330920
330921
330922
330924
330925
330926
330927
330929
330930
330931
330932
330933
330934
330935
330936
330937
330938
330939
330940
330941
330942
330943
330944
330945
330946
330947
330948
330949
331389
331390
331391
331392
331393
331394
331395
331396
331397
331398
331399
331400
331401
331402
331403
331404
331405
331406
331407
331408
331409
331410
331411
331412
331413
331414
331415
331416
331417
331418
331860
331861
331862
331863
331864
331866
331867
331868
331869
331870
331871
331872
331873
331874
331875
331876
331877
331878
331879
331880
331881
331882
331883
331884
331885
331886
331887
331888
331889
331890
331891
332342
332343
332344
332345
332346
332347
332348
332349
332350
332351
332352
332353
332354
332355
332356
332357
332358
332359
332360
332361
332362
332363
332364
332365
332366
332367
332368
332369
332370
332371
332372
332373
332829
332830
332831
332832
332833
332834
332835
332836
332837
332838
332839
332840
332841
332842
332843
332844
332845
332846
332847
332848
332849
332850
332851
332852
332853
332854
332855
332856
332857
332858
333328
333329
333330
333331
333332
333333
333334
333336
333337
333338
333339
333341
333342
333343
333344
333345
333346
333347
333348
333349
333350
333351
333352
333353
333354
333355
333356
333357
333358
333359
333804
333805
333806
333807
333808
333809
333810
333811
333812
333813
333817
333818
333819
333820
333821
333822
333823
333824
333825
333826
333827
333828
333829
333830
333831
333832
333833
334255
334256
334257
334258
334259
334260
334261
334262
334263
334264
334265
334269
334270
334271
334272
334275
334276
334277
334278
334279
334280
334281
334282
334283
334719
334720
334721
334722
334723
334725
334726
334727
334728
334729
334730
334737
334738
334739
334740
334741
334742
334743
334744
334745
334746
334747
334748
334749
334750
335177
335178
335179
335180
335184
335185
335186
335187
335188
335197
335198
335199
335200
335201
335202
335203
335204
335205
335206
335207
335208
335629
335630
335635
335636
335651
335652
335655
335656
335657
335658
335659
335660
335661
336094
336095
336096
336097
336098
336115
336116
336117
336118
336119
336120
336570
336571
336572
336573
336597
336598
336599
337058
337059
337060
337083
337574
337575
337576
337577
337578
337582
338109
338110
338111
338112
338113
338114
338117
338118
338653
338654
338655
338656
338657
338658
338659
339185
339186
339187
339188
339189
339190
339709
339710
339711
339712
339713
339714
339715
340236
340237
340238
340239
340240
340772
340773