411099
411100
411101
411568
411571
412032
412035
412036
412037
412039
412040
412041
412523
412524
412525
412526
412527
412528
412529
412530
412531
412532
412533
412534
413003
413013
413014
413015
413016
413017
413018
413019
413020
413021
413022
413023
413024
413025
413026
413028
413029
413030
413496
413497
413498
413503
413504
413505
413506
413507
413508
413509
413510
413511
413512
413513
413514
413515
413516
413517
413518
413519
413520
413521
413522
413523
413524
413525
413975
413976
413977
413978
413980
413981
413982
413983
413984
413985
413986
413987
413988
413989
413990
413991
413992
413993
413994
413995
413996
413997
413998
413999
414000
414001
414002
414003
414004
414005
414006
414007
414465
414466
414467
414468
414469
414470
414471
414472
414473
414474
414475
414476
414477
414478
414479
414480
414481
414482
414483
414484
414485
414486
414487
414488
414489
414490
414491
414973
414974
414975
414976
414977
414978
414979
414980
414981
414982
414983
414984
414985
414986
414987
414988
414989
414990
414991
414992
414993
414994
414995
414996
414997
414998
414999
415000
415002
415003
415004
415006
415007
415008
415009
415010
415011
415012
415013
415014
415504
415505
415506
415507
415508
415509
415510
415511
415512
415513
415514
415515
415516
415517
415518
415519
415520
415521
415522
415523
415524
415525
415526
415527
415528
415529
415530
415531
415532
415533
415537
415538
415539
415540
415541
415542
415543
415544
416031
416032
416033
416034
416035
416036
416037
416038
416039
416040
416041
416042
416043
416044
416045
416046
416047
416048
416049
416050
416051
416052
416053
416054
416055
416056
416057
416058
416059
416060
416061
416064
416065
416066
416067
416068
416069
416546
416547
416548
416549
416550
416551
416552
416553
416554
416555
416556
416557
416558
416559
416560
416561
416562
416563
416564
416565
416566
416567
416568
416569
416570
416571
416574
416575
416576
416577
416578
416580
416582
416583
416584
416585
416586
416587
416588
417039
417040
417041
417042
417043
417044
417046
417047
417048
417049
417050
417051
417052
417053
417054
417055
417056
417057
417058
417059
417060
417061
417062
417063
417064
417065
417066
417067
417068
417069
417070
417071
417072
417073
417074
417075
417501
417502
417503
417505
417507
417508
417509
417510
417511
417512
417513
417514
417515
417516
417517
417518
417519
417520
417521
417522
417523
417524
417525
417526
417527
417528
417529
417530
417531
417532
417533
417534
417535
417537
417538
417998
417999
418000
418001
418002
418003
418004
418005
418006
418007
418008
418009
418010
418011
418012
418013
418014
418015
418016
418017
418018
418019
418020
418023
418024
418025
418026
418027
418483
418484
418485
418486
418487
418488
418489
418490
418491
418492
418493
418494
418498
418500
418502
418507
418508
418509
418510
418511
418981
418982
418983
418984
418985
418986
418987
418988
418989
418990
418991
418992
418993
418994
418999
419000
419002
419007
419008
419009
419010
419011
419483
419484
419485
419486
419487
419488
419489
419490
419502
419503
419504
419505
419506
419507
419508
419515
419516
419517
419969
419970
419971
419972
419973
419974
419975
419976
419988
419989
419990
419991
419992
419993
419994
419995
420001
420002
420003
420004
420005
420468
420469
420470
420471
420472
420473
420474
420475
420486
420488
420489
420490
420491
420492
420493
420494
420495
420496
420497
420499
420500
420501
420502
420957
420958
420959
420973
420974
420975
420976
420977
420978
420979
420980
420981
420982
420983
420984
420985
420986
420987
420988
420989
420990
420991
420992
420993
420994
421429
421430
421431
421439
421440
421441
421447
421448
421449
421450
421451
421452
421453
421454
421455
421456
421457
421458
421459
421460
421461
421462
421463
421464
421465
421466
421893
421894
421895
421896
421905
421906
421907
421908
421911
421912
421913
421914
421915
421916
421917
421918
421919
421920
421921
421922
421923
421924
421925
421926
421927
421928
421929
421930
422355
422367
422368
422369
422370
422371
422372
422373
422374
422375
422376
422377
422378
422379
422380
422381
422382
422383
422384
422385
422386
422387
422830
422831
422832
422833
422834
422835
422836
422837
422838
422839
422840
422841
422842
422843
422844
422845
422846
422847
422848
422849
422850
423306
423307
423308
423310
423311
423312
423313
423314
423315
423316
423317
423318
423319
423320
423321
423322
423323
423324
423325
423326
423792
423793
423794
423795
423796
423797
423798
423799
423800
423801
423802
423803
423804
423805
423806
423807
423808
423809
423810
423811
424271
424272
424273
424274
424275
424276
424277
424278
424279
424280
424281
424282
424283
424284
424285
424286
424287
424288
424289
424290
424291
424292
424293
424764
424765
424766
424767
424768
424769
424770
424771
424772
424773
424774
424775
424776
424777
424778
424779
424780
424781
424782
424783
424784
424785
424786
424787
425245
425246
425247
425248
425249
425250
425251
425252
425253
425254
425255
425256
425257
425258
425259
425260
425261
425262
425263
425264
425265
425266
425267
425268
425269
425721
425722
425723
425724
425725
425726
425727
425728
425729
425730
425731
425732
425733
425734
425735
425736
425737
425738
425739
425740
425741
425742
426209
426210
426211
426212
426213
426214
426215
426216
426217
426218
426219
426220
426221
426222
426223
426224
426225
426714
426715
426716
426717
426718
426719
426720
426721
426722
426723
426724
426725
426726
426727
426728
426729
427245
427246
427247
427248
427249
427250
427251
427252
427253
427254
427255
427256
427257
427258
427259
427260
427763
427764
427765
427766
427767
427768
427769
427770
427771
427772
427773
427774
428278
428279
428280
428281
428282
428283
428284
428285
428286
428287
428288
428289
428290
428291
428794
428795
428796
428797
428798
428799
428800
428801
428802
428803
428804
428805
429329
429330
429331
429332
429333
429334
429335
429336
429343
429872
429873
429874
429875
429876
429877
429878
429879
429880
429881
429882
429883
429884
429889
429890
429891
429892
429893
429894
430406
430407
430408
430409
430410
430411
430412
430413
430414
430415
430416
430417
430418
430422
430426
430427
430428
430929
430930
430931
430932
430933
430934
430935
430936
430937
430938
430939
430941
430942
430943
430945
430946
430947
430948
430949
430950
430951
431461
431462
431463
431464
431465
431466
431467
431468
431469
431471
431472
431473
431474
431475
431476
431477
431478
431479
431972
431973
431974
431975
431976
431977
431978
431979
431980
431981
431982
431983
431984
431985
431986
431987
431988
431989
432490
432491
432492
432493
432494
432495
432496
432497
432498
432499
432500
432501
432502
432503
432504
432505
432506
433007
433008
433009
433010
433011
433012
433013
433014
433015
433016
433017
433018
433019
433526
433527
433528
433529
433530
433531
433532
433533
433534
433535
433536
434032
434033
434034
434035
434036
434037
434038
434039
434524
434525
434526
434527
434528
434529
434530
435018
435019
435020
435021
435022
435023
435024
435517
435518
435519
436004
436005
436460
436461
436462