233975
233976
233977
234524
234525
234526
234527
234528
234529
235084
235085
235086
235087
235636
235637
235638
235639
235640
236223
236224
236225
236226
236227
236228
236233
236234
236831
236832
236833
236834
236835
236836
236837
236838
236839
236840
236841
236842
237446
237447
237448
237449
237450
237451
237452
237453
237454
237455
237456
237457
237458
238065
238066
238067
238068
238069
238070
238071
238072
238073
238074
238075
238076
238077
238078
238666
238667
238668
238669
238670
238671
238672
238673
238674
238675
238676
238677
238678
238679
239287
239288
239289
239290
239291
239292
239293
239294
239295
239296
239297
239298
239299
239300
239907
239908
239909
239910
239911
239912
239913
239914
239915
239916
239917
239918
239919
239920
239921
239922
240515
240516
240517
240518
240519
240520
240521
240522
240523
240524
240525
241097
241098
241099
241100
241672
241673
241674
241675
241676
242258
242259
242260
242261
242262
242263
242264
242265
242266
242845
242846
242847
242848
242849
242850
242851
242852
242853
242854
242855
242856
242857
243449
243450
243451
243452
243453
243454
243455
243456
243457
243458
243459
243460
243461
243462
244048
244049
244050
244051
244052
244053
244054
244055
244056
244057
244058
244059
244060
244061
244632
244633
244634
244635
244636
244637
244638
244639
244640
244641
244642
244643
245250
245251
245252
245253
245254
245255
245256
245257
245258
245259
245260
245261
245262
245263
245848
245849
245850
245851
245852
245853
245854
245855
245856
245857
245858
245859
245860
245861
246429
246430
246431
246432
246433
246434
246435
246436
246437
246438
246439
246440
246441
246442
247023
247024
247025
247026
247027
247028
247029
247030
247031
247032
247033
247034
247035
247597
247598
247599
247600
247601
247602
247603
247604
247605
247607
247608
248154
248155
248157
248158
248159
248160
248161
248162
248163
248164
248165
248721
248722
248723
248724
248725
248726
248727
248728
248729
248730
248731
248732
249270
249271
249272
249273
249274
249275
249276
249277
249278
249279
249280
249281
249282
249283
249284
249285
249286
249287
249828
249829
249830
249831
249832
249833
249834
249835
249836
249837
249838
249839
249840
249841
249842
249843
249844
249845
250376
250377
250378
250379
250380
250381
250382
250383
250384
250385
250386
250387
250388
250389
250390
250922
250923
250924
250925
250926
250927
250928
250929
250930
250931
250932
250933
250934
250935
250936
250937
250938
251467
251468
251469
251470
251471
251472
251473
251474
251475
251476
251477
251478
251479
252032
252033
252034
252035
252036
252037
252038
252039
252040
252041
252042
252043
252044
252045
252624
252625
252626
252627
252628
252629
252630
252631
252632
252633
252634
252635
252636
253195
253196
253197
253198
253199
253200
253201
253202
253203
253204
253205
253206
253207
253208
253775
253776
253777
253778
253779
253780
253781
253782
253783
253784
253785
253786
253787
253788
253789
254352
254353
254354
254355
254356
254357
254358
254359
254360
254361
254362
254976
254977
254978
254979
254980
254981
254982
254983
255600
255601
255602
255603
255604
256200
256201
256202
256203
256204
256205
256206
256811
256812
256813
256814
257430
257431
257432
258048
258049
258050
258667
258668
258669
258670
258671
259304
259305
259306
259307
259308
259309
259310
259311
259958
259959
259960
259961
259962
259963
259964
259965
259966
259967
259968
259969
260604
260605
260606
260607
260608
260609
260610
260611
260612
260613
260614
260615
261231
261232
261233
261234
261235
261236
261237
261238
261239
261240
261241
261242
261243
261841
261842
261843
261844
261845
261846
261847
261848
261849
261850
261851
261852
261853
261854
261855
261856
262448
262449
262450
262451
262452
262453
262454
262455
262456
262457
262458
262459
262460
262461
262462
263058
263059
263060
263061
263062
263063
263064
263065
263066
263067
263068
263069
263070
263071
263072
263073
263074
263653
263654
263657
263658
263659
263660
263661
263662
263663
263664
263665
263666
263667
264245
264246
264247
264248
264249
264250
264251
264252
264253
264254
264255
264256
264257
264258
264259
264881
264882
264883
264884
264885
264886
264887
264888
264889
264890
264891
264892
264893
264894
265512
265513
265514
265515
265516
265517
265518
265519
265520
265521
265522
266147
266148
266149
266150
266151
266152
266153
266154
266155
266156
266739
266740
266741
266742
266743
266744
266745
266746
266747
266748
266749
266750
266751
266752
267348
267349
267350
267351
267352
267353
267354
267355
267356
267357
267358
267359
267360
267361
267362
267970
267971
267972
267979
267980
267981
267982
267983
267984
267985
267986
267987
267988
267989
267990
267991
267992
267993
268594
268595
268596
268597
268598
268599
268606
268607
268608
268609
268610
268611
268612
268613
268614
268615
268616
268617
268618
268619
269222
269223
269224
269225
269226
269227
269228
269229
269230
269231
269234
269235
269236
269237
269238
269239
269240
269241
269242
269243
269244
269245
269246
269247
269862
269863
269864
269865
269866
269867
269868
269869
269870
269871
269872
269873
269874
269875
269876
269877
269878
269879
269880
269881
269882
269883
269884
269885
269886
270505
270509
270510
270511
270512
270513
270514
270515
270516
270517
270518
270519
270520
270521
270522
270523
270524
270525
270526
270527
270528
270529
271160
271161
271162
271163
271164
271165
271166
271167
271168
271169
271170
271171
271172
271173
271174
271175
271176
271177
271178
271179
271180
271815
271816
271817
271818
271819
271820
271821
271822
271823
271824
271825
271826
271827
271828
271829
271830
271831
271832
271833
271836
272461
272462
272463
272464
272465
272466
272467
272468
272469
272470
272471
272472
272473
272474
272475
272476
272477
272478
272481
273108
273109
273110
273111
273112
273113
273114
273115
273116
273117
273118
273119
273120
273121
273122
273123
273124
273125
273126
273130
273131
273132
273767
273768
273769
273770
273771
273772
273773
273774
273775
273776
273777
273778
273779
273780
273781
273782
273783
273784
273785
273788
273789
273790
274428
274429
274430
274431
274432
274433
274434
274435
274436
274437
274438
274439
274440
274441
274442
274443
274444
274445
274446
274447
274448
274449
274450
275052
275053
275054
275058
275059
275060
275061
275062
275063
275064
275065
275066
275067
275068
275069
275070
275071
275072
275073
275074
275075
275076
275077
275078
275679
275684
275685
275686
275687
275688
275689
275690
275691
275692
275693
275694
275695
275696
275697
275698
275699
275700
275701
275702
275703
275704
276304
276305
276306
276307
276312
276313
276314
276315
276316
276317
276318
276319
276320
276321
276322
276323
276324
276325
276326
276327
276328
276329
276330
276331
276332
276333
276920
276921
276922
276928
276929
276930
276931
276932
276933
276934
276935
276936
276937
276938
276939
276940
276941
276942
276943
276944
276945
277540
277541
277550
277551
277556
277557
277558
277559
277560
277561
277562
277563
277564
278171
278172
278173
278174
278175
278176
278177
278783
278784
278785