426268
426270
426772
426774
426775
426776
426777
426778
427306
427307
427308
427309
427310
427311
427312
427313
427314
427315
427820
427821
427822
427823
427824
427825
427826
427827
427828
427829
427830
428342
428343
428344
428345
428346
428347
428350
428351
428352
428353
428354
428355
428847
428848
428849
428850
428851
428854
428855
428856
428857
428858
428859
429382
429383
429384
429385
429386
429389
429390
429391
429392
429393
429394
429395
429941
429942
429943
429944
429945
429946
429947
429949
429950
429951
429952
429953
429954
430488
430489
430490
430491
430492
430493
430494
430495
430496
430497
431016
431017
431018
431019
431020
431021
431022
431023
431024
431537
431538
431539
431540
431542
431543
431544
431545
432038
432039
432041
432045
432046
432047
432554
433068
433585
433586
433590
434086
434087
434088
434089
434090
434091
434577
434578
434579
434580
434581
434582
434583
434584
434585
435071
435072
435073
435075
435076
435077
435078
435569
435570
435571
435572
435598
436051
436053
436076
436077
436078
436079
436500
436503
436507
436508
436509
436530
436531
436532
436533
436534
436535
436536
436936
436937
436938
436939
436940
436941
436943
436944
436947
436948
436949
436971
436972
436973
436974
437383
437384
437385
437386
437387
437388
437389
437390
437391
437392
437393
437395
437396
437397
437398
437399
437400
437401
437402
437423
437424
437425
437426
437427
437428
437429
437430
437431
437432
437433
437831
437832
437833
437834
437835
437836
437837
437838
437839
437840
437841
437842
437843
437844
437845
437846
437847
437848
437849
437850
437851
437870
437871
437872
437873
437874
437875
437876
437877
437878
437879
437880
437881
437882
438278
438279
438280
438281
438282
438283
438284
438285
438286
438287
438288
438289
438290
438291
438292
438293
438294
438295
438296
438297
438298
438314
438315
438316
438317
438318
438319
438320
438321
438322
438323
438324
438325
438326
438327
438328
438329
438330
438331
438332
438721
438722
438723
438724
438725
438726
438727
438728
438729
438730
438731
438732
438733
438734
438735
438736
438737
438738
438739
438740
438741
438742
438743
438753
438754
438756
438757
438758
438759
438760
438761
438762
438763
438764
438765
438766
438767
438768
438769
438770
438771
438772
438773
438774
438775
439160
439161
439162
439163
439164
439165
439166
439167
439168
439170
439171
439172
439173
439174
439175
439176
439177
439178
439179
439180
439181
439182
439183
439184
439185
439194
439195
439198
439199
439200
439201
439202
439203
439204
439205
439206
439207
439208
439209
439210
439211
439212
439213
439214
439215
439216
439217
439218
439576
439577
439578
439579
439580
439581
439582
439583
439584
439585
439586
439587
439588
439589
439590
439591
439592
439593
439594
439595
439596
439597
439598
439599
439600
439601
439608
439609
439610
439611
439612
439613
439614
439615
439616
439617
439618
439619
439620
439621
439622
439623
439624
439625
439626
439627
439628
439629
439630
439631
439632
439633
439634
439635
439989
439990
439991
439992
439993
439994
439995
439996
439997
439998
439999
440000
440001
440002
440003
440004
440005
440006
440007
440008
440009
440010
440019
440020
440021
440022
440023
440024
440025
440026
440027
440028
440029
440030
440031
440032
440033
440034
440035
440036
440037
440038
440039
440040
440041
440369
440370
440371
440372
440373
440374
440375
440376
440377
440378
440379
440380
440381
440382
440383
440384
440385
440386
440387
440388
440389
440390
440391
440400
440401
440402
440403
440404
440405
440406
440407
440408
440409
440410
440411
440412
440413
440414
440415
440416
440417
440418
440419
440420
440421
440422
440423
440424
440425
440760
440761
440762
440763
440764
440765
440766
440767
440768
440769
440770
440771
440772
440773
440774
440775
440776
440777
440778
440779
440780
440781
440782
440791
440792
440793
440794
440795
440796
440797
440798
440799
440800
440801
440802
440803
440804
440805
440806
440807
440808
440809
440810
440811
440812
440813
440814
440815
440816
441129
441130
441131
441132
441133
441134
441135
441136
441137
441138
441139
441140
441141
441142
441143
441144
441145
441146
441147
441148
441149
441150
441151
441152
441153
441154
441155
441156
441158
441159
441163
441164
441165
441166
441167
441168
441169
441170
441171
441172
441173
441174
441175
441176
441177
441178
441179
441180
441181
441182
441183
441184
441185
441186
441187
441188
441189
441190
441191
441525
441526
441527
441528
441529
441530
441531
441532
441533
441534
441535
441536
441537
441538
441539
441540
441541
441542
441543
441544
441545
441546
441547
441548
441549
441550
441551
441552
441553
441554
441555
441557
441558
441559
441560
441561
441562
441563
441564
441565
441566
441567
441568
441569
441570
441571
441572
441573
441574
441575
441576
441577
441578
441579
441580
441581
441582
441895
441896
441897
441898
441899
441900
441901
441902
441903
441904
441905
441906
441907
441908
441909
441910
441911
441912
441913
441915
441916
441917
441918
441919
441920
441921
441924
441925
441926
441927
441928
441929
441930
441931
441932
441933
441934
441935
441936
441937
441938
441939
441940
441941
441942
442237
442238
442239
442240
442241
442242
442243
442244
442245
442246
442247
442248
442249
442250
442251
442252
442253
442254
442255
442256
442258
442259
442261
442262
442263
442264
442267
442268
442269
442270
442271
442272
442273
442274
442275
442276
442277
442278
442279
442280
442281
442282
442283
442284
442285
442286
442287
442599
442600
442601
442602
442603
442604
442605
442606
442607
442608
442609
442610
442611
442612
442613
442614
442615
442618
442620
442622
442623
442626
442627
442628
442629
442630
442631
442632
442633
442634
442635
442636
442639
442640
442641
442642
442959
442960
442961
442962
442963
442964
442965
442966
442967
442968
442969
442970
442971
442972
442973
442974
442975
442979
442980
442981
442982
442984
442985
442986
442987
442988
442989
442990
442991
442992
442993
442994
442995
443001
443002
443003
443339
443340
443341
443342
443343
443344
443345
443346
443347
443348
443349
443350
443351
443352
443359
443360
443361
443362
443363
443364
443365
443366
443367
443368
443369
443370
443718
443719
443720
443721
443722
443723
443724
443725
443726
443727
443736
443737
443738
443739
443740
443741
443742
443743
443744
444088
444089
444093
444094
444095
444096
444097
444098
444099
444100
444101
444106
444107
444108
444109
444110
444111
444112
444113
444114
444115
444116
444117
444118
444458
444459
444460
444462
444463
444464
444465
444466
444471
444472
444473
444474
444476
444477
444478
444479
444480
444481
444482
444483
444813
444814
444815
444827
444828
444829
444830
444831
444832
444833
444834
444835
444836
444837
444838
444839
444840
445195
445196
445197
445198
445199
445200
445201
445202
445203
445204
445205
445206
445207
445561
445562
445563
445564
445565
445566
445567
445568
445569
445570
445571
445572
445573
445936
445937
445938
445939
445940
445941
446298
446299
446300
446301
446302
446303
446304
446305
446652
446653
446654
446655
446986