378703
378704
379238
379239
379240
379241
379242
379243
379792
379793
379794
379797
379798
379799
379800
379801
379802
379803
380360
380361
380362
380366
380367
380368
380369
380370
380371
380933
380934
380935
380936
380937
380938
380939
380940
380941
380942
380943
381516
381517
381518
381519
381520
381521
381522
381523
381524
381525
382078
382079
382080
382081
382082
382083
382084
382085
382086
382087
382088
382617
382618
382619
382620
382621
382622
382623
382624
382625
382626
382627
383193
383194
383195
383196
383197
383198
383199
383200
383201
383202
383203
383759
383760
383761
383762
383763
383764
383765
383766
384326
384327
384328
384330
384331
384332
384333
384334
384335
384336
384337
384338
384339
384340
384886
384887
384888
384889
384890
384891
384892
384893
384894
384895
384896
384897
384898
384899
384900
384901
385437
385438
385439
385440
385441
385442
385443
385444
385445
385446
385447
385448
385449
385450
385451
386003
386004
386005
386006
386007
386008
386009
386010
386011
386012
386545
386546
386547
386548
386549
386550
386551
386552
386553
386554
386555
386556
386557
386558
387105
387106
387107
387108
387109
387110
387111
387659
387660
387661
387662
387663
388222
388223
388224
388225
388776
388777
388778
388788
388789
389316
389317
389318
389319
389320
389330
389331
389332
389333
389863
389864
389865
389866
389867
389878
389879
389880
390404
390405
390406
390407
390408
390409
390410
390411
390420
390421
390422
390423
390424
390425
390426
390427
390959
390962
390963
390964
390965
390966
390967
390968
390977
390979
390980
390981
390982
390983
390984
390985
390986
390987
390988
390989
391505
391509
391510
391511
391512
391513
391514
391515
391516
391524
391526
391527
391528
391529
391530
391531
391532
391533
391534
391535
391536
391537
391538
392061
392064
392065
392066
392067
392068
392069
392070
392071
392072
392083
392084
392085
392086
392087
392088
392089
392090
392091
392092
392093
392094
392095
392096
392615
392618
392619
392620
392621
392622
392623
392624
392625
392626
392637
392638
392639
392640
392641
392642
392643
392644
392645
392646
392647
392648
392649
392650
392651
392652
393146
393147
393148
393149
393150
393151
393152
393153
393154
393164
393165
393166
393167
393168
393169
393171
393172
393173
393174
393175
393176
393177
393178
393179
393672
393673
393674
393675
393676
393677
393678
393679
393680
393681
393682
393683
393684
393685
393686
393687
393690
393691
393692
393693
393694
393695
393696
393697
393698
393699
393700
393701
393702
393703
393705
393706
393707
393708
393709
393710
393711
393712
393713
394218
394219
394220
394221
394222
394223
394224
394225
394226
394227
394228
394229
394230
394231
394232
394233
394234
394235
394236
394237
394238
394239
394240
394241
394242
394243
394244
394245
394246
394248
394249
394250
394251
394252
394253
394254
394255
394256
394257
394738
394739
394740
394741
394742
394743
394744
394745
394746
394747
394748
394749
394750
394751
394752
394753
394754
394755
394756
394757
394758
394759
394760
394761
394762
394763
394764
394765
394766
394767
394768
394769
394770
394771
394772
394773
394774
394775
395272
395273
395274
395275
395276
395277
395278
395279
395280
395281
395282
395283
395284
395285
395286
395287
395288
395289
395290
395291
395292
395293
395294
395295
395296
395297
395298
395299
395300
395301
395302
395303
395304
395305
395306
395307
395819
395820
395821
395822
395823
395824
395825
395826
395827
395828
395829
395830
395831
395833
395834
395835
395836
395837
395838
395839
395840
395841
395842
395843
395844
395845
395846
395847
395848
395849
395850
395851
395852
395853
396373
396374
396375
396376
396377
396378
396379
396380
396381
396382
396383
396384
396385
396386
396387
396388
396389
396390
396391
396392
396393
396394
396395
396396
396397
396398
396399
396898
396899
396900
396901
396902
396903
396904
396905
396907
396909
396910
396911
396912
396913
396914
396915
396916
396917
396918
396919
396920
396921
396922
396923
396925
397415
397416
397417
397418
397419
397420
397421
397422
397423
397424
397425
397426
397427
397428
397429
397430
397431
397432
397433
397434
397435
397436
397437
397438
397439
397942
397943
397944
397945
397946
397947
397948
397949
397950
397951
397952
397953
397954
397955
397956
397957
397958
397959
397960
397961
397962
397963
397964
397965
397966
397967
397968
397969
397970
397971
397972
397974
397975
397976
397977
398491
398492
398493
398494
398495
398496
398497
398498
398499
398500
398501
398502
398503
398504
398505
398506
398507
398508
398509
398510
398511
398512
398513
398514
398515
398516
398517
398518
398519
398520
398521
398522
398523
398525
398526
398527
398528
398529
399062
399063
399064
399065
399066
399067
399068
399069
399070
399071
399072
399073
399074
399075
399076
399077
399078
399079
399080
399081
399082
399083
399084
399085
399086
399087
399088
399089
399090
399091
399092
399093
399094
399096
399097
399098
399099
399100
399598
399599
399600
399601
399602
399603
399604
399605
399606
399607
399608
399609
399610
399611
399612
399613
399614
399615
399616
399617
399618
399619
399620
399621
399622
399623
399624
399625
399626
399629
399630
399631
399632
399633
399634
400121
400122
400123
400124
400125
400126
400127
400128
400129
400130
400131
400132
400133
400134
400135
400137
400138
400141
400142
400143
400144
400145
400146
400147
400148
400149
400151
400152
400153
400154
400155
400156
400611
400612
400613
400614
400615
400616
400617
400618
400619
400620
400621
400622
400623
400632
400633
400634
400635
400636
400637
400638
400639
400640
400641
400642
400643
400644
401102
401103
401104
401105
401106
401107
401110
401111
401112
401125
401126
401127
401128
401129
401130
401131
401132
401133
401134
401135
401136
401137
401138
401139
401140
401141
401142
401613
401614
401615
401616
401617
401618
401620
401621
401633
401634
401635
401636
401637
401638
401639
401640
401641
401642
401643
401644
401645
401646
401647
402107
402108
402109
402110
402111
402112
402114
402129
402130
402131
402132
402133
402134
402135
402136
402137
402138
402139
402140
402141
402142
402143
402144
402145
402146
402621
402622
402623
402624
402625
402626
402627
402628
402629
402639
402640
402641
402642
402643
402644
402645
402646
402647
402648
402649
402650
402651
402652
402653
402654
402655
402661
402662
402663
403115
403116
403117
403118
403119
403120
403121
403122
403123
403130
403131
403132
403133
403134
403135
403136
403137
403138
403139
403140
403141
403142
403143
403144
403145
403149
403152
403153
403600
403601
403602
403603
403607
403608
403609
403610
403614
403615
403616
403617
403618
403619
403620
403621
403622
403625
403626
403627
403628
403629
403630
404086
404087
404088
404094
404095
404096
404097
404099
404100
404101
404102
404103
404104
404105
404106
404554
404562
404563
404564
404565
404566
404567
404569
404570
404571
404572
404573
404574
404575
405026
405027
405028
405029
405032
405033
405034
405035
405478
405479
405480
405481
405482
405483
405484
405944
405945
405946
405947
406401