265941
266554
266555
266556
267163
267164
267781
267782
268405
268406
268407
268408
268409
269032
269033
269034
269035
269036
269037
269038
269039
269660
269661
269662
269663
269664
269665
269666
269667
269668
269669
269670
269671
270306
270307
270308
270309
270310
270311
270312
270313
270314
270315
270316
270317
270947
270948
270949
270950
270951
270952
270953
270954
270955
270956
271593
271594
271595
271596
271597
271598
271599
271600
271601
271602
271603
271604
271605
272245
272246
272247
272248
272249
272250
272251
272252
272253
272254
272255
272256
272257
272258
272882
272883
272884
272885
272886
272887
272888
272889
272890
272891
272892
272893
273533
273534
273535
273536
273537
273538
273539
273540
273541
273542
273543
273544
273545
273546
273547
274194
274195
274196
274197
274198
274199
274200
274201
274202
274203
274204
274205
274206
274207
274208
274823
274824
274825
274826
274827
274828
274829
274830
274831
274832
274833
274834
275451
275452
275453
275454
275455
275456
275457
275458
275459
275460
275461
275462
275463
276083
276084
276085
276086
276087
276088
276089
276090
276091
276092
276093
276720
276721
276722
276723
276724
276725
276726
276727
276728
276729
276730
276731
277332
277333
277334
277335
277336
277337
277338
277339
277340
277341
277342
277343
277344
277345
277951
277952
277953
277954
277955
277956
277957
277958
277959
277960
277961
277962
277963
278557
278558
278559
278560
278561
278562
278563
278564
278565
278566
278567
278568
278569
279146
279152
279153
279154
279155
279156
279157
279158
279159
279160
279161
279165
279763
279769
279770
279771
279772
279773
279774
279775
279776
279777
280362
280363
280364
280370
280371
280372
280373
280374
280375
280954
280955
280956
280957
280958
280960
280961
280962
280963
280964
280965
281545
281546
281547
281548
281549
281551
281552
281553
281554
281555
281556
281557
281558
281559
281560
281561
281562
282144
282145
282146
282147
282148
282149
282150
282151
282152
282153
282154
282155
282156
282157
282158
282159
282160
282161
282162
282163
282164
282722
282723
282724
282725
282726
282727
282728
282729
282730
282731
282732
282733
282734
282735
282736
282737
282738
282739
282740
282741
282742
282743
282744
282745
282746
283335
283336
283338
283339
283340
283341
283342
283343
283344
283345
283346
283347
283348
283349
283350
283351
283352
283353
283354
283355
283356
283357
283358
283942
283943
283944
283945
283946
283947
283948
283949
283950
283951
283952
283953
283954
283955
283956
283957
283958
283959
283960
283961
283962
283963
283964
283968
283969
283970
284557
284558
284559
284560
284561
284562
284563
284564
284565
284566
284567
284568
284569
284570
284571
284572
284573
284574
284575
284576
284581
284582
284584
284585
284586
284590
285156
285157
285158
285159
285160
285161
285162
285163
285164
285165
285166
285167
285168
285169
285170
285171
285172
285173
285174
285175
285176
285177
285178
285179
285180
285181
285182
285186
285187
285189
285190
285191
285192
285193
285729
285730
285731
285733
285734
285735
285736
285737
285738
285739
285740
285741
285742
285743
285744
285745
285746
285747
285748
285749
285750
285751
285752
285753
285754
285755
285756
285757
285758
285759
285760
285761
285762
285764
285765
285766
285767
286265
286266
286267
286268
286269
286270
286271
286272
286273
286274
286275
286276
286277
286278
286279
286280
286281
286282
286283
286284
286285
286286
286287
286288
286289
286290
286291
286292
286293
286294
286295
286296
286297
286298
286299
286300
286301
286302
286303
286304
286305
286790
286791
286792
286793
286794
286795
286796
286797
286798
286799
286800
286801
286802
286803
286804
286805
286806
286807
286808
286809
286810
286811
286812
286813
286814
286815
286816
286817
286818
286819
286820
286821
286822
286823
286824
286825
286826
286827
286828
286829
286830
286831
287311
287312
287313
287314
287315
287316
287317
287318
287319
287320
287321
287322
287323
287324
287325
287326
287327
287328
287329
287330
287331
287332
287333
287334
287335
287336
287337
287338
287341
287342
287343
287344
287345
287346
287347
287348
287349
287350
287351
287352
287819
287820
287821
287822
287823
287824
287825
287826
287827
287828
287829
287830
287831
287832
287833
287834
287835
287836
287837
287838
287839
287840
287841
287842
287843
287844
287847
287848
287849
287850
287851
287852
287853
287854
287855
287856
287857
287858
287859
288348
288349
288350
288351
288352
288353
288354
288355
288356
288357
288358
288359
288360
288361
288362
288363
288364
288365
288366
288367
288369
288370
288371
288372
288373
288374
288375
288376
288377
288378
288379
288380
288381
288382
288383
288384
288385
288386
288387
288388
288871
288872
288873
288874
288875
288876
288877
288878
288879
288880
288881
288882
288883
288884
288885
288886
288887
288888
288889
288890
288892
288893
288894
288896
288897
288898
288899
288900
288901
288902
288903
288904
288905
288906
288907
289361
289362
289363
289364
289365
289366
289367
289368
289369
289370
289371
289372
289373
289374
289375
289376
289379
289380
289383
289384
289386
289387
289390
289391
289392
289393
289394
289395
289396
289397
289398
289399
289400
289857
289858
289859
289860
289861
289862
289863
289864
289865
289866
289867
289868
289869
289870
289871
289872
289873
289891
289894
289895
289896
289897
289898
289901
289902
289903
289904
289905
289907
290347
290348
290349
290350
290351
290352
290353
290354
290355
290356
290357
290358
290359
290360
290361
290362
290363
290381
290382
290385
290386
290387
290388
290390
290391
290392
290393
290394
290395
290396
290840
290841
290842
290843
290844
290845
290846
290847
290848
290849
290850
290851
290852
290853
290872
290873
290874
290876
290877
290878
290879
290880
290882
290883
290884
290885
290886
290887
290888
291297
291298
291299
291300
291301
291302
291303
291304
291305
291306
291307
291308
291309
291310
291311
291312
291313
291324
291325
291326
291327
291328
291330
291331
291332
291333
291334
291335
291336
291337
291338
291339
291340
291764
291765
291766
291767
291768
291769
291770
291771
291772
291773
291774
291775
291776
291777
291778
291779
291780
291790
291791
291792
291793
291794
291795
291796
291797
291798
291800
291801
291802
291803
291804
291805
291806
291807
291808
291809
291810
292253
292254
292255
292256
292257
292258
292259
292260
292261
292263
292264
292265
292268
292269
292282
292283
292284
292285
292286
292288
292291
292295
292296
292297
292298
292299
292300
292752
292753
292754
292755
292756
292757
292758
292759
292761
292763
292780
292781
292782
292783
292789
292794
292795
293263
293264
293265
293266
293267
293268
293269
293270
293271
293288
293289
293290
293291
293303
293768
293769
293770
293771
293772
293773
293774
293801
293802
294265
294266
294267
294268
294758
294759
294760
295250
295251
295740
295741
295742
296202
296203
296693
296694
296695
296696
297187
297188
297189
297190
297191
297192
297699
297700
297701
297702
297703
297704
298218
298219
298220
298221
298223
298225
298735
298736
298737
299253
299254
299770