114246
114247
114800
114801
115363
115364
115365
115918
115919
115920
115921
116484
116485
116486
117038
117039
117040
117041
117590
117591
117592
117593
118119
118120
118121
118658
118659
118660
119196
119197
119198
119747
119749
119750
119751
120294
120297
120298
120299
120300
120828
120829
120830
120831
120832
120833
120834
120835
120836
120837
120838
121358
121359
121360
121361
121363
121364
121365
121366
121367
121368
121369
121370
121371
121862
121874
121875
121876
121877
121879
121880
121881
121882
121883
121884
121885
121886
121887
121888
121889
121890
121891
121892
121893
122375
122376
122377
122384
122385
122387
122389
122390
122391
122392
122393
122394
122395
122396
122397
122398
122399
122400
122401
122402
122403
122904
122905
122906
122910
122911
122912
122913
122914
122916
122917
122918
122919
122920
122921
122922
122923
122924
122925
122926
122927
122928
122929
122930
122931
123455
123456
123457
123458
123461
123462
123463
123464
123465
123466
123467
123471
123472
123475
123476
123477
123478
123479
123480
123481
123482
124024
124025
124026
124027
124028
124029
124030
124031
124032
124033
124034
124035
124036
124037
124038
124039
124040
124041
124042
124047
124048
124052
124053
124593
124594
124595
124596
124597
124598
124599
124600
124601
124602
124603
124604
124605
124606
124607
124608
124609
124619
124620
125145
125146
125147
125148
125149
125150
125151
125152
125153
125154
125155
125156
125157
125158
125159
125160
125161
125162
125164
125165
125166
125167
125168
125176
125177
125178
125701
125702
125703
125704
125705
125706
125707
125708
125709
125710
125711
125712
125713
125714
125715
125716
125717
125718
125719
125720
125721
125722
125723
125724
125725
125726
125727
125728
125737
125738
125739
126237
126238
126239
126240
126241
126242
126243
126244
126245
126246
126247
126248
126249
126250
126251
126252
126253
126254
126255
126256
126257
126258
126259
126260
126261
126262
126263
126264
126265
126266
126267
126268
126269
126270
126271
126272
126273
126776
126777
126778
126779
126780
126781
126782
126783
126784
126785
126786
126787
126788
126789
126790
126791
126792
126793
126794
126795
126796
126797
126798
126799
126800
126801
126802
126803
126804
126805
126806
126807
126808
126809
126810
126811
126812
126813
126814
126815
126816
127320
127321
127322
127323
127324
127325
127326
127327
127328
127329
127330
127331
127332
127333
127334
127335
127336
127337
127338
127339
127340
127341
127342
127343
127344
127345
127346
127347
127348
127349
127350
127351
127352
127353
127354
127355
127356
127357
127844
127845
127846
127847
127848
127849
127850
127851
127852
127853
127854
127855
127856
127857
127858
127860
127861
127862
127863
127864
127865
127866
127867
127868
127869
127870
127871
127872
127873
127874
127875
127876
127877
127878
127879
127880
128363
128364
128365
128366
128367
128368
128369
128370
128371
128372
128373
128374
128375
128376
128377
128378
128379
128380
128381
128382
128383
128384
128385
128386
128387
128388
128389
128390
128391
128392
128393
128394
128395
128859
128860
128861
128862
128863
128864
128865
128866
128867
128868
128869
128870
128871
128872
128873
128874
128875
128876
128877
128878
128879
128880
128881
128882
128883
128884
128885
128886
128887
128888
128889
128890
129368
129369
129370
129371
129372
129373
129374
129375
129376
129377
129378
129379
129380
129381
129382
129383
129384
129385
129386
129387
129388
129389
129390
129391
129392
129393
129394
129395
129396
129397
129398
129882
129883
129884
129885
129886
129887
129888
129889
129890
129891
129892
129894
129895
129896
129897
129898
129899
129900
129901
129902
129903
129904
129905
129906
129907
129909
129910
129911
129912
129913
129914
129915
130393
130394
130395
130396
130397
130398
130399
130400
130402
130403
130404
130405
130406
130407
130408
130409
130410
130411
130412
130413
130414
130415
130416
130421
130422
130423
130424
130907
130908
130909
130910
130911
130912
130913
130914
130915
130916
130917
130918
130919
130920
130921
130922
130923
130924
130925
130926
130927
130933
130934
131416
131419
131420
131421
131422
131423
131424
131425
131426
131427
131428
131429
131430
131431
131432
131433
131434
131435
131436
131437
131438
131439
131440
131936
131941
131942
131943
131946
131947
131948
131949
131950
131951
131952
131953
131954
131955
131956
131957
131958
131959
131960
131961
132468
132469
132473
132474
132475
132476
132477
132478
132479
132480
132481
132482
132483
132484
132485
132998
132999
133003
133004
133005
133006
133007
133008
133009
133010
133011
133012
133013
133014
133550
133551
133552
133553
133556
133557
133558
133559
133560
133561
133562
133563
133564
133565
133566
133567
133568
134127
134128
134129
134130
134132
134133
134134
134135
134136
134137
134138
134139
134140
134141
134142
134143
134144
134145
134146
134721
134722
134723
134724
134725
134726
134727
134728
134729
134730
134731
134732
134733
134734
134735
134736
134737
134738
135334
135335
135336
135337
135338
135339
135340
135341
135342
135343
135344
135345
135346
135347
135348
135349
135350
135351
135935
135936
135937
135938
135939
135940
135941
135942
135943
135944
135945
135946
135947
135948
135953
136541
136542
136543
136544
136545
136546
136547
136548
136549
136550
136551
136552
136553
136554
136555
136556
136557
136558
136560
136561
136562
136563
136564
137136
137137
137138
137139
137140
137141
137142
137144
137145
137146
137147
137148
137149
137150
137151
137152
137153
137154
137159
137160
137161
137162
137163
137710
137711
137712
137725
137726
137727
137728
137729
137730
137731
137732
137733
137734
137735
137736
137737
137739
137740
137741
137742
137743
138293
138294
138310
138311
138312
138313
138314
138315
138316
138318
138319
138320
138321
138322
138323
138324
138325
138326
138327
138328
138329
138330
138331
138332
138333
138881
138882
138893
138894
138895
138896
138897
138898
138899
138900
138901
138902
138903
138904
138905
138906
138907
138908
138909
138910
138911
138914
138915
138916
139487
139488
139500
139501
139502
139503
139506
139507
139508
139509
139510
139511
139513
139515
139516
139517
139518
139520
139521
139522
139523
139524
140107
140108
140109
140110
140111
140112
140113
140114
140115
140116
140117
140118
140122
140124
140125
140126
140127
140128
140129
140130
140131
140132
140715
140716
140717
140718
140719
140720
140721
140729
140730
140731
140732
140733
140734
140735
140736
140737
140738
141311
141312
141313
141314
141316
141320
141321
141322
141323
141324
141325
141326
141327
141894
141895
141896
141897
141898
141899
141900
141901
141902
141903
141904
141905
141906
141907
141908
141909
141910
141911
142468
142469
142470
142471
142472
142473
142474
142475
142476
142477
142478
142479
142480
142481
142482
142483
142484
142486
143030
143031
143032
143033
143034
143035
143036
143037
143038
143039
143040
143041
143042
143043
143044
143045
143591
143592
143593
143594
143595
143596
143597
143599
143600
143601
143602
143603
144135
144136
144141
144142
144144
144685
144686
145248