455445
455446
455447
455790
455791
455792
456147
456148
456149
456150
456151
456152
456153
456492
456493
456494
456495
456496
456827
456828
456829
457147
457148
457149
457150
457465
457466
457467
457468
457776
457777
457778
457779
457780
457781
458072
458073
458074
458075
458076
458376
458377
458378
458379
458686
458687
458990
459305
459306
459605
459898
460197
460198
460510
460511
460512
460513
460514
460515
460517
460518
460829
460830
460831
460832
460833
460834
460835
460836
460837
460839
460840
461134
461135
461136
461137
461138
461139
461140
461141
461143
461144
461145
461146
461147
461461
461462
461463
461464
461465
461466
461467
461468
461469
461470
461471
461472
461473
461789
461790
461791
461792
461793
461794
461795
461797
461798
461799
462114
462115
462116
462117
462118
462119
462120
462121
462123
462124
462125
462126
462436
462437
462438
462439
462440
462441
462442
462443
462444
462445
462446
462755
462756
462757
462758
462759
462760
462761
462762
462763
463065
463066
463067
463068
463069
463070
463071
463072
463073
463397
463398
463399
463400
463401
463402
463403
463404
463718
463719
463720
463721
463722
463723
463724
463725
463726
463727
463728
464036
464037
464038
464039
464040
464041
464042
464043
464044
464045
464046
464047
464048
464049
464050
464051
464052
464054
464055
464056
464362
464363
464364
464365
464366
464367
464368
464369
464370
464371
464372
464373
464374
464375
464376
464377
464378
464379
464698
464699
464700
464701
464702
464703
464704
464705
464706
464707
464708
464709
464710
464711
464712
464713
464714
465029
465030
465031
465032
465033
465034
465035
465036
465037
465039
465040
465041
465042
465043
465044
465045
465046
465047
465048
465049
465050
465357
465358
465359
465360
465361
465362
465363
465364
465365
465366
465367
465368
465369
465370
465371
465372
465373
465374
465375
465376
465377
465677
465678
465679
465680
465681
465682
465683
465684
465685
465686
465687
465688
465689
465690
465691
465692
465693
465694
465695
465696
465697
465698
465699
465700
465701
465702
465703
465704
465706
465707
465708
466024
466025
466026
466027
466028
466031
466032
466033
466034
466035
466036
466037
466038
466039
466040
466041
466042
466043
466044
466045
466046
466047
466048
466049
466050
466051
466052
466053
466054
466055
466056
466057
466058
466369
466370
466371
466372
466373
466374
466375
466376
466377
466378
466379
466380
466381
466382
466383
466384
466385
466386
466387
466388
466389
466390
466391
466392
466393
466394
466395
466396
466397
466698
466699
466700
466701
466702
466703
466704
466705
466706
466707
466708
466709
466710
466711
466712
466713
466714
466715
466716
466717
466718
466719
467018
467019
467020
467021
467022
467023
467024
467025
467026
467027
467028
467029
467030
467031
467032
467033
467034
467035
467036
467037
467038
467039
467040
467041
467042
467043
467044
467045
467046
467338
467340
467341
467342
467343
467344
467345
467346
467347
467348
467349
467350
467351
467352
467353
467354
467355
467356
467357
467358
467359
467360
467361
467362
467363
467364
467365
467366
467367
467368
467369
467370
467371
467658
467659
467660
467661
467662
467663
467664
467665
467666
467667
467668
467669
467670
467671
467672
467673
467674
467675
467676
467677
467678
467679
467680
467681
467682
467683
467684
467685
467686
467687
467688
467689
467690
467691
467692
467693
467980
467981
467982
467983
467984
467985
467986
467987
467988
467989
467990
467991
467992
467993
467994
467995
467996
467997
467998
467999
468000
468001
468002
468003
468004
468005
468006
468007
468008
468009
468010
468011
468287
468288
468292
468293
468294
468295
468296
468297
468298
468299
468300
468301
468302
468303
468304
468305
468306
468307
468308
468309
468310
468311
468312
468313
468314
468315
468316
468319
468320
468584
468585
468586
468587
468591
468592
468593
468594
468595
468596
468597
468598
468599
468600
468601
468602
468603
468605
468606
468607
468608
468609
468610
468611
468612
468613
468614
468620
468881
468882
468883
468887
468888
468889
468890
468891
468892
468893
468894
468895
468896
468897
468898
468899
468902
468903
468904
468905
468906
469182
469183
469184
469185
469186
469189
469190
469191
469192
469193
469194
469195
469196
469197
469198
469199
469200
469201
469202
469203
469205
469208
469479
469480
469481
469482
469485
469486
469487
469488
469489
469490
469491
469492
469493
469494
469495
469496
469497
469498
469499
469500
469501
469502
469503
469504
469505
469506
469507
469761
469762
469763
469764
469765
469766
469768
469769
469770
469771
469772
469773
469774
469775
469776
469777
469778
469779
469780
469781
469782
469783
469784
469785
469786
469787
469788
469789
469790
469791
469792
470043
470044
470045
470046
470047
470048
470049
470050
470051
470052
470053
470054
470055
470056
470057
470058
470059
470060
470061
470062
470063
470064
470065
470066
470067
470068
470069
470070
470071
470297
470298
470299
470300
470301
470302
470303
470304
470305
470306
470307
470308
470309
470310
470311
470312
470313
470314
470315
470316
470317
470318
470319
470320
470321
470322
470323
470324
470325
470326
470327
470328
470329
470543
470544
470545
470546
470547
470548
470549
470550
470551
470552
470553
470554
470555
470556
470557
470558
470559
470560
470561
470562
470563
470564
470565
470566
470567
470568
470569
470570
470571
470572
470806
470807
470808
470809
470810
470811
470812
470813
470814
470815
470816
470817
470818
470819
470820
470821
470822
470823
470824
470825
470826
470827
470828
470829
470830
470831
470832
470833
470834
470835
471084
471085
471086
471087
471088
471089
471090
471091
471092
471093
471094
471095
471096
471097
471098
471099
471100
471101
471102
471103
471104
471108
471109
471356
471357
471358
471359
471360
471361
471362
471363
471364
471365
471366
471367
471368
471369
471370
471371
471372
471373
471374
471375
471376
471636
471637
471638
471639
471640
471641
471642
471643
471644
471645
471646
471647
471648
471649
471650
471651
471652
471653
471888
471889
471890
471891
471892
471893
471894
471895
471896
471899
471900
471901
471902
471903
471904
471905
472166
472167
472168
472169
472170
472171
472172
472173
472174
472176
472177
472178
472179
472180
472181
472182
472183
472184
472463
472464
472465
472466
472467
472468
472472
472473
472474
472475
472476
472477
472478
472479
472480
472764
472770
472771
472772
472773
472774
472775
472776
472777
473070
473071
473072
473073
473074
473075
473076
473367
473368
473369
473370
473371
473372
473373
473670
473671
473672
473673
473674
473993
473994
473995
473996
473997
474311
474312
474313
474314
474638
474639
474955
474956
474958
475289
475290
475291
475292
475293
475622
475623
475624
475625
475626
475627
475628
475629
475955
475956
475957
475958
475959
475960
475961
476284
476285
476286
476287
476288
476289
476290
476632
476633
476634
476635
476636
476637
476638
476992
476993
476994
476995
476996
476997
476998
477346
477347
477348
477349
477350
477351
477352
477353
477714
477715
477716
477717
477720
477721
478089
478090