415395
415396
415397
415920
415921
415922
415923
415924
415939
415940
415941
415942
416440
416441
416442
416457
416458
416459
416460
416945
416946
416947
416963
416964
416965
416966
416967
416968
417412
417413
417414
417415
417416
417417
417418
417429
417430
417431
417432
417433
417896
417897
417898
417901
417904
417907
417909
417910
417911
417912
417913
417914
417915
417916
417917
418376
418377
418378
418379
418380
418381
418382
418383
418384
418385
418386
418387
418388
418389
418390
418391
418392
418393
418394
418395
418396
418871
418874
418875
418876
418877
418878
418879
418880
418881
418882
418883
418884
418885
418886
418887
418888
418889
418890
418891
418892
418893
418894
418895
418896
418897
418898
419372
419374
419375
419376
419377
419378
419379
419380
419381
419382
419383
419384
419385
419386
419387
419388
419389
419390
419391
419392
419393
419394
419395
419396
419397
419398
419855
419856
419857
419858
419859
419860
419861
419862
419863
419864
419865
419866
419867
419868
419869
419870
419871
419872
419874
419875
419876
419877
419878
419879
419880
419881
419882
419883
420356
420357
420358
420359
420360
420361
420362
420363
420364
420365
420366
420367
420368
420369
420370
420371
420372
420373
420374
420375
420376
420377
420378
420379
420380
420381
420382
420383
420384
420843
420844
420845
420846
420847
420848
420849
420850
420851
420852
420853
420854
420855
420856
420857
420858
420859
420860
420861
420862
420863
420864
420865
420868
420869
421314
421315
421316
421317
421318
421320
421321
421322
421323
421324
421325
421326
421327
421328
421329
421330
421331
421332
421333
421334
421338
421339
421340
421341
421786
421787
421788
421789
421790
421791
421792
421793
421794
421795
421796
421797
421798
421799
421800
421804
422245
422246
422247
422248
422249
422250
422251
422252
422253
422254
422255
422256
422257
422258
422261
422262
422263
422266
422267
422269
422695
422696
422697
422698
422699
422700
422701
422702
422703
422704
422705
422706
422707
422708
422709
422710
422711
422712
422713
422714
422715
422716
423167
423168
423169
423170
423171
423172
423173
423174
423175
423176
423177
423178
423179
423180
423181
423186
423187
423188
423189
423190
423191
423192
423193
423645
423646
423647
423648
423649
423650
423651
423652
423653
423654
423655
423656
423657
423658
423659
423660
423661
423662
423663
423665
423666
423667
423668
423669
423670
423671
423672
424116
424117
424118
424119
424120
424125
424126
424127
424128
424129
424130
424131
424132
424133
424134
424135
424136
424137
424139
424140
424141
424142
424143
424144
424145
424146
424602
424603
424604
424605
424606
424607
424608
424609
424610
424611
424621
424622
424625
424626
424627
424628
424629
424630
424631
424632
424633
424635
424636
424637
424638
424639
424640
424641
424642
425087
425088
425089
425090
425091
425092
425093
425094
425095
425096
425097
425110
425111
425112
425114
425115
425116
425117
425119
425120
425121
425122
425123
425124
425125
425126
425127
425128
425129
425130
425131
425132
425571
425572
425573
425574
425575
425576
425577
425578
425579
425580
425590
425591
425592
425593
425594
425596
425600
425601
425602
425603
425604
425605
425606
426056
426057
426058
426059
426060
426061
426062
426063
426064
426065
426066
426073
426074
426075
426076
426077
426079
426080
426088
426089
426090
426091
426558
426559
426560
426561
426562
426563
426564
426565
426566
426567
426577
426578
426579
426580
426581
426582
426583
426584
426585
426590
426591
426592
426593
427092
427093
427094
427095
427096
427097
427098
427099
427100
427101
427102
427113
427114
427115
427116
427117
427124
427125
427126
427617
427618
427619
427620
427621
427622
427623
427624
427625
427626
427636
427637
427638
427639
427647
427649
427650
427651
428124
428125
428126
428127
428128
428129
428130
428131
428132
428133
428134
428141
428142
428143
428144
428153
428154
428155
428156
428157
428649
428650
428651
428652
428653
428654
428655
428656
428657
428658
428659
428660
428661
428662
428663
428664
428665
428666
428667
428668
428669
428670
428671
428672
428682
428683
428684
429171
429172
429173
429174
429175
429176
429177
429178
429179
429180
429181
429182
429183
429184
429185
429186
429187
429188
429189
429190
429191
429192
429193
429194
429195
429196
429197
429198
429202
429203
429204
429205
429206
429714
429715
429716
429717
429718
429719
429720
429721
429722
429723
429724
429725
429726
429727
429728
429729
429730
429731
429732
429733
429735
429736
429737
429738
429739
429740
429741
429742
429746
429747
429748
429749
429750
429751
430268
430269
430270
430271
430272
430273
430274
430275
430276
430277
430278
430279
430280
430281
430282
430283
430284
430285
430286
430288
430289
430290
430291
430292
430293
430294
430295
430296
430791
430792
430793
430794
430795
430796
430797
430798
430799
430800
430801
430802
430803
430804
430805
430806
430807
430808
430809
430810
430811
430812
430813
430814
430815
430816
430817
430818
430819
431331
431332
431333
431334
431335
431336
431337
431338
431339
431340
431341
431342
431343
431344
431345
431346
431347
431349
431350
431351
431352
431353
431354
431355
431356
431357
431358
431847
431848
431849
431850
431851
431852
431853
431854
431855
431856
431857
431858
431859
431860
431861
431862
431864
431866
431867
431868
431869
431870
432352
432353
432354
432355
432356
432357
432358
432359
432360
432361
432362
432363
432364
432365
432366
432367
432369
432370
432371
432372
432375
432376
432377
432378
432379
432380
432873
432874
432875
432876
432877
432878
432879
432880
432881
432882
432883
432884
432885
432886
432887
432888
432889
432894
432895
432896
432897
432898
432899
432900
432905
432906
433394
433395
433396
433397
433398
433399
433400
433401
433402
433403
433404
433405
433406
433412
433413
433414
433415
433416
433417
433418
433419
433896
433897
433898
433899
433900
433901
433902
433903
433904
433905
433906
433907
433910
433911
433912
433913
433914
433915
433916
433917
433918
434390
434391
434392
434393
434394
434395
434396
434397
434398
434399
434400
434401
434402
434403
434404
434405
434407
434408
434409
434410
434411
434412
434413
434414
434415
434416
434887
434888
434891
434892
434893
434894
434895
434896
434897
434899
434900
434901
434902
434905
434906
434907
434908
434909
434910
435396
435397
435398
435401
435402
435403
435404
435405
435406
435407
435408
435409
435410
435412
435413
435880
435881
435882
435886
435888
435889
435890
435891
435892
435893
435894
435895
435896
435898
435899
436355
436358
436359
436360
436361
436362
436363
436364
436365
436366
436805
436806
436807
436808
436809
436810
436811
436812
436813
436814
436815
436816
436817
437246
437249
437250
437251
437252
437253
437254
437255
437256
437706
437707
437708
437709
437710
438155
438156
438157
438158
438159
438160
438163
438611
438612
438613
438614
438615
438616
438617
438618
439050
439051
439055
439056
439057
439485
439486
439487
439488
439489
439490
439900
439901
439902
439903
439904
440286
440287
440288
440289
440672
440673
440674
440675
441062