388913
389457
389998
390541
390556
390559
390560
390561
390562
391096
391097
391098
391099
391109
391110
391111
391112
391114
391648
391649
391650
391669
391670
391671
391672
391673
391674
392193
392194
392195
392196
392197
392198
392207
392210
392211
392212
392213
392214
392215
392743
392744
392745
392746
392747
392748
392752
392756
392758
392759
392760
392762
392763
392764
392765
392766
393270
393271
393272
393276
393277
393279
393280
393281
393282
393283
393284
393285
393288
393803
393804
393808
393809
393810
393811
393813
393814
393815
393816
393817
393818
393819
393820
393821
393822
393823
393824
394345
394346
394347
394350
394351
394352
394353
394354
394355
394356
394357
394358
394359
394361
394362
394363
394364
394365
394870
394871
394872
394874
394875
394876
394877
394878
394879
394880
394881
394882
394883
394884
394888
394889
394890
394891
394894
394895
395407
395408
395409
395410
395411
395412
395416
395417
395418
395419
395420
395426
395427
395428
395429
395430
395436
395437
395438
395439
395440
395441
395442
395969
395970
395971
395972
395974
395975
395976
395977
395978
395979
395980
395981
395982
395983
395984
395985
395992
395993
395994
395995
395996
396001
396002
396003
396004
396005
396006
396503
396504
396505
396506
396507
396508
396509
396510
396511
396512
396513
396514
396515
396518
396519
396520
396521
396523
396525
396526
396527
396528
396529
396530
396531
396532
396533
396534
396535
396536
396537
396538
397029
397030
397031
397032
397033
397034
397035
397036
397037
397038
397039
397040
397044
397045
397046
397047
397048
397049
397050
397053
397054
397055
397056
397057
397058
397060
397062
397063
397064
397065
397066
397067
397068
397551
397552
397553
397554
397555
397556
397557
397558
397559
397560
397561
397564
397565
397566
397567
397569
397570
397571
397572
397573
397574
397575
397576
397577
397578
397579
397580
397581
397582
397583
397584
397585
397586
397587
397588
398086
398087
398088
398089
398091
398092
398093
398094
398095
398098
398099
398100
398101
398102
398103
398104
398105
398107
398108
398109
398110
398111
398112
398113
398114
398115
398116
398117
398118
398119
398120
398121
398122
398123
398124
398125
398635
398636
398637
398638
398639
398640
398641
398642
398643
398644
398645
398646
398647
398648
398649
398650
398651
398652
398653
398655
398656
398657
398658
398659
398660
398661
398662
398663
398664
398665
398666
398667
398668
398669
398670
398671
398672
398673
399197
399198
399199
399200
399201
399202
399203
399204
399205
399206
399207
399208
399209
399211
399212
399213
399214
399218
399219
399220
399221
399222
399223
399224
399225
399226
399227
399228
399229
399230
399231
399232
399722
399723
399724
399725
399726
399727
399728
399729
399730
399731
399732
399733
399734
399736
399737
399741
399742
399743
399744
399745
399746
399747
399748
399749
399750
399751
399752
399753
399754
399755
400244
400245
400246
400247
400248
400249
400250
400255
400256
400257
400258
400259
400260
400261
400262
400263
400264
400265
400266
400267
400268
400742
400743
400744
400745
400746
400748
400752
400753
400754
400755
400756
400757
400758
400759
400760
400761
400762
400763
400764
400765
400766
401245
401246
401254
401255
401256
401257
401258
401259
401260
401261
401262
401263
401264
401265
401266
401267
401268
401269
401270
401760
401761
401762
401763
401764
401765
401766
401767
401768
401769
401770
401771
401772
401773
401774
401775
401776
401777
402257
402258
402259
402260
402261
402262
402263
402264
402265
402266
402267
402268
402269
402270
402271
402272
402273
402274
402275
402766
402767
402768
402769
402770
402771
402772
402773
402774
402775
402776
402777
402778
402779
402780
402781
402782
402783
403248
403249
403251
403252
403253
403254
403255
403256
403257
403258
403259
403260
403261
403262
403263
403264
403265
403266
403267
403268
403721
403722
403723
403724
403725
403726
403727
403728
403729
403730
403731
403732
403733
403734
403735
403736
403737
403738
403739
403740
403741
403742
403743
404195
404196
404197
404199
404200
404201
404202
404203
404204
404205
404206
404207
404208
404209
404210
404211
404212
404213
404658
404659
404660
404661
404662
404663
404664
404665
404666
404667
404668
404669
405120
405121
405124
405125
405126
405127
405128
405129
405130
405131
405132
405571
405574
405575
405576
405577
405578
405579
405580
405590
405591
406032
406033
406034
406035
406036
406037
406038
406043
406044
406045
406047
406048
406049
406050
406486
406487
406488
406489
406490
406491
406492
406498
406499
406500
406501
406502
406503
406504
406505
406926
406927
406928
406929
406930
406931
406932
406933
406936
406939
406940
406941
406942
406943
406944
406945
406946
407362
407363
407364
407365
407366
407367
407368
407369
407370
407372
407373
407374
407375
407376
407377
407378
407379
407380
407381
407382
407383
407800
407801
407802
407803
407804
407805
407806
407807
407808
407811
407812
407813
407814
407815
407816
407817
407818
407819
407820
408257
408258
408259
408260
408261
408262
408263
408264
408265
408268
408269
408270
408271
408272
408273
408274
408275
408276
408277
408278
408279
408708
408709
408710
408711
408712
408713
408714
408717
408718
408719
408720
408721
408722
408723
408724
408725
408726
409141
409142
409143
409144
409145
409146
409147
409148
409149
409150
409151
409152
409153
409154
409155
409156
409157
409158
409159
409608
409610
409611
409612
409613
409614
409615
409616
409617
409618
409619
409620
409621
409622
409623
409624
409625
409626
409630
409631
409636
410084
410085
410086
410087
410088
410089
410090
410091
410092
410093
410094
410095
410096
410097
410098
410099
410104
410105
410106
410107
410110
410111
410112
410533
410534
410535
410536
410537
410538
410539
410540
410541
410542
410543
410544
410545
410546
410551
410552
410553
410554
410555
410556
410557
410558
410559
410560
410561
410985
410986
410987
410988
410989
410990
410991
410992
410993
410994
410995
410996
410997
410998
410999
411000
411004
411005
411006
411007
411008
411009
411010
411011
411012
411013
411447
411448
411449
411450
411451
411452
411453
411454
411455
411456
411457
411458
411459
411460
411461
411462
411463
411464
411465
411466
411467
411468
411469
411470
411471
411472
411473
411474
411903
411904
411905
411906
411907
411908
411909
411910
411911
411912
411913
411914
411915
411916
411917
411918
411919
411920
411921
411922
411923
411924
411928
412397
412398
412399
412400
412401
412402
412403
412404
412405
412406
412407
412408
412409
412410
412411
412412
412413
412414
412415
412416
412420
412881
412882
412884
412885
412886
412887
412888
412889
412890
412891
412894
412895
412896
412897
412898
412899
412900
412901
412902
413366
413367
413370
413371
413372
413373
413374
413375
413376
413377
413380
413381
413382
413383
413384
413385
413386
413387
413388
413389
413390
413856
413858
413862
413863
413864
413865
413868
413871
413872
414365
414366
414368
414369
414370
414371
414372
414868
414869
414872
414873
414874
415398
415401
415402
415403
415928
415929
415930
416449