199423
199424
199425
199426
200015
200016
200017
200018
200019
200020
200604
200605
200606
200607
200608
200609
200610
200611
200612
201156
201157
201158
201159
201160
201161
201162
201163
201723
201724
201725
201726
201727
201728
201729
201730
201731
201732
201733
201734
202294
202295
202296
202297
202298
202299
202300
202301
202302
202875
202879
202880
202881
202882
202883
202884
202885
202886
202887
202888
202889
202890
203452
203453
203459
203460
203461
203462
203463
203464
203465
203466
203467
203468
203469
203470
203471
204016
204017
204018
204019
204020
204021
204025
204026
204027
204028
204029
204030
204031
204032
204033
204034
204035
204036
204037
204566
204567
204572
204573
204574
204575
204576
204577
204578
204580
204581
204582
204583
204584
204585
204586
204587
204588
204589
204590
204591
205106
205111
205112
205113
205114
205120
205121
205122
205124
205125
205126
205128
205129
205130
205131
205132
205133
205134
205135
205136
205137
205663
205664
205665
205666
205667
205668
205669
205670
205671
205673
205679
205683
205684
205685
205687
205688
205689
205690
205691
205692
205693
205694
205695
206213
206214
206215
206216
206217
206218
206219
206220
206221
206223
206224
206225
206226
206227
206228
206229
206230
206231
206233
206234
206235
206236
206237
206238
206239
206240
206769
206770
206771
206772
206774
206775
206776
206777
206778
206779
206780
206781
206782
206783
206784
206785
206786
206787
206788
206789
206790
206791
206792
206793
206794
206795
206796
206797
206798
207307
207308
207309
207311
207312
207313
207314
207315
207316
207320
207321
207322
207324
207325
207326
207327
207329
207330
207331
207332
207333
207843
207844
207845
207846
207847
207848
207849
207850
207851
207852
207857
207858
207859
207860
207861
207862
207863
207864
207865
207866
207867
207868
207869
207870
208351
208352
208353
208354
208355
208356
208357
208358
208359
208360
208361
208366
208368
208369
208370
208371
208372
208373
208374
208375
208376
208377
208378
208379
208857
208858
208859
208860
208861
208862
208863
208864
208866
208867
208872
208873
208874
208875
208876
208877
208878
208879
208880
208881
208882
208883
208884
209342
209343
209344
209345
209346
209347
209348
209350
209351
209352
209353
209354
209355
209356
209357
209358
209359
209360
209361
209362
209363
209841
209842
209843
209844
209845
209846
209847
209848
209849
209850
209851
209852
209853
209855
209856
209857
209858
209859
209860
209861
209862
209863
209864
209865
209866
209867
209868
210332
210333
210334
210335
210336
210337
210338
210339
210340
210341
210343
210344
210345
210346
210347
210348
210349
210350
210351
210352
210353
210834
210835
210836
210837
210838
210839
210840
210841
210842
210843
210844
210845
210846
210847
210848
210849
210850
210851
210852
210853
210854
210855
210856
210857
211365
211366
211367
211368
211370
211371
211372
211373
211374
211375
211376
211377
211378
211379
211380
211890
211891
211892
211893
211894
211895
211896
211897
211898
211899
211900
211901
211902
212411
212412
212413
212414
212415
212416
212915
212916
212917
212918
212919
212920
213427
213428
213429
213430
213431
213432
213433
213434
213435
213436
213956
213957
213958
213959
213960
213961
213962
213963
213964
213965
213966
214522
214523
214524
214525
214526
214527
214528
214529
214530
214531
214532
214533
214534
214535
214536
215113
215114
215115
215116
215117
215118
215119
215120
215121
215122
215123
215124
215125
215126
215127
215683
215684
215685
215686
215687
215688
215689
215690
215691
215692
215693
215694
215695
215696
215697
215698
216251
216252
216253
216254
216255
216256
216257
216258
216259
216260
216261
216262
216263
216264
216265
216266
216818
216819
216820
216821
216822
216823
216824
216825
216826
216827
216828
216829
216830
216831
216832
217388
217389
217390
217391
217392
217393
217394
217395
217396
217397
217398
217399
217400
217401
217402
217954
217955
217956
217957
217958
217959
217960
217961
217962
217963
217964
217965
217966
217967
218514
218515
218516
218517
218518
218519
218520
218521
218522
218523
218524
218525
218526
218527
218528
218529
219061
219062
219063
219064
219065
219066
219067
219068
219069
219070
219071
219072
219073
219074
219075
219076
219077
219574
219575
219576
219577
219578
219579
219580
219581
219582
219583
219584
219585
219586
219587
219588
219589
219590
219591
220107
220108
220109
220110
220111
220112
220113
220114
220115
220116
220117
220118
220119
220120
220121
220122
220123
220678
220679
220680
220681
220682
220683
220684
220685
220686
220687
220688
220689
220690
220691
220692
220693
221242
221243
221244
221245
221246
221247
221248
221249
221250
221251
221252
221253
221254
221255
221791
221792
221793
221794
221795
221796
221797
221798
221799
221800
221801
221802
221803
221804
221805
221806
222317
222318
222321
222322
222323
222324
222325
222326
222327
222328
222329
222330
222331
222332
222335
222339
222848
222849
222850
222851
222852
222853
222854
222855
222856
222857
222858
222859
222860
222861
222862
222865
222866
222867
222868
222869
222870
222872
222873
223356
223357
223358
223359
223360
223361
223362
223363
223364
223365
223366
223367
223368
223369
223370
223371
223372
223373
223374
223375
223376
223377
223378
223379
223380
223381
223382
223383
223889
223890
223891
223892
223893
223894
223895
223896
223897
223898
223899
223900
223901
223902
223903
223904
223905
223906
223907
223908
223909
223910
223911
224412
224413
224414
224415
224416
224417
224418
224419
224420
224421
224425
224426
224427
224428
224429
224430
224915
224916
224917
224918
224919
224920
224921
224922
224923
224924
224928
224929
224930
224931
224932
224933
225421
225422
225423
225424
225425
225426
225427
225428
225429
225434
225435
225436
225918
225919
225920
225921
225922
225923
225924
225925
225926
225927
225929
225930
225931
225932
225933
226433
226434
226435
226436
226437
226438
226439
226440
226441
226442
226443
226444
226445
226446
226447
226448
226938
226939
226940
226941
226943
226944
226945
226946
226947
226948
226949
226950
226951
226952
226953
226954
226955
227439
227440
227441
227442
227443
227444
227445
227446
227447
227448
227449
227962
227963
227964
227965
227966
227967
227968
227969
227970
228498
228499
228500
228501
228502
228503
228504
228505
229014
229017
229018
229019
229020
229021
229022
229023
229024
229025
229527
229528
229529
229530
229531
229532
229533
229534
229535
229536
229537
229538
230061
230062
230063
230064
230065
230066
230067
230068
230592
230593
230594
230595
230596
230597
230598
230599
230600
230601
230602
231128
231129
231130
231131
231132
231133
231134
231135
231136
231137
231138
231139
231675
231676
231678
231679
231680
231681
231682
231683
231684
231685
231686
232254
232255
232256
232257
232258
232259
232260
232261
232262
232263
232264
232265
232266
232267
232824
232825
232826
232827
232828
232829
232830
232831
232832
232833
232834
233411
233412
233413
233414
233415
233416
233417
233418
233419
234003
234004
234005
234006
234007
234559
234560
234561
235117
235118
235119