95396
96029
96030
96046
96047
96674
96675
96676
96690
96691
96692
96693
96694
97324
97325
97326
97327
97328
97329
97330
97331
97332
97340
97341
97342
97343
97344
97345
97346
97347
97348
97939
97940
97941
97942
97943
97944
97945
97946
97947
97948
97954
97955
97956
97957
97958
97959
97960
97961
97962
97963
97964
97965
98543
98544
98545
98546
98547
98548
98549
98550
98551
98552
98553
98559
98560
98561
98562
98563
98564
98565
98566
98567
98568
98585
98586
99156
99157
99158
99159
99160
99161
99162
99166
99167
99168
99169
99170
99171
99172
99173
99179
99180
99181
99182
99183
99185
99186
99187
99188
99191
99193
99194
99195
99793
99794
99795
99796
99797
99798
99799
99800
99801
99802
99803
99804
99805
99806
99807
99808
99809
99810
99811
99812
99813
99814
99815
99819
99820
99821
99822
99823
99824
99825
99826
99827
99828
99829
99830
99831
99832
99833
99834
99835
100449
100450
100451
100452
100453
100454
100455
100456
100457
100458
100459
100460
100461
100462
100464
100465
100466
100467
100468
100469
100471
100472
100473
100474
100475
100476
100477
100478
100480
100481
100482
100483
100484
100485
100486
100487
100488
101119
101122
101123
101124
101125
101126
101127
101128
101129
101130
101131
101132
101133
101134
101135
101136
101137
101138
101139
101140
101141
101142
101144
101147
101148
101149
101150
101151
101152
101153
101154
101155
101156
101157
101158
101159
101160
101161
101162
101163
101164
101165
101792
101793
101794
101796
101797
101798
101799
101800
101801
101802
101803
101804
101805
101806
101807
101808
101809
101810
101811
101812
101813
101814
101815
101816
101819
101820
101821
101825
101826
101827
101828
101829
101830
101831
101832
101833
101834
101835
102437
102438
102439
102440
102441
102442
102443
102444
102445
102446
102447
102448
102449
102450
102451
102452
102453
102454
102455
102456
102457
102458
102459
102460
102461
102464
102465
102466
102467
102469
102470
102471
102472
102473
102474
102475
102476
102477
102478
102479
102480
102481
103068
103069
103070
103071
103072
103073
103074
103075
103076
103077
103078
103079
103080
103081
103082
103083
103084
103085
103086
103087
103088
103089
103090
103091
103092
103093
103094
103095
103096
103097
103099
103100
103101
103102
103103
103104
103680
103681
103683
103684
103685
103686
103687
103688
103689
103690
103691
103692
103693
103694
103695
103696
103697
103698
103699
103700
103701
103702
103703
103704
103705
103706
103711
103712
103713
104314
104315
104316
104317
104318
104319
104320
104321
104322
104323
104325
104326
104327
104328
104329
104330
104331
104332
104340
104341
104939
104940
104941
104942
104943
104944
104945
104946
104947
104948
104949
104950
104951
104952
104953
104962
104963
105562
105563
105564
105565
105566
105567
105568
105569
105570
105571
105572
105573
105574
105579
105580
105581
105582
105583
105584
105585
105586
106173
106174
106175
106176
106177
106178
106179
106180
106181
106182
106183
106184
106185
106186
106195
106197
106198
106199
106200
106784
106785
106786
106787
106788
106789
106790
106791
106792
106793
106794
106795
106796
106797
106801
106802
106803
106809
106810
106811
106812
107381
107382
107383
107384
107385
107386
107387
107388
107389
107390
107391
107392
107393
107394
107397
107398
107399
107405
107406
107407
107408
107983
107984
107985
107986
107987
107988
107989
107990
107991
107992
107993
107994
107995
107996
107997
107998
107999
108000
108001
108002
108003
108008
108009
108010
108011
108012
108013
108606
108607
108608
108609
108610
108611
108612
108613
108614
108615
108616
108617
108618
108619
108621
108622
108623
108624
108625
108626
108628
108629
108630
108631
108632
109240
109241
109242
109243
109244
109245
109246
109247
109248
109249
109250
109251
109252
109253
109254
109255
109256
109257
109258
109260
109261
109263
109264
109265
109266
109267
109870
109871
109872
109873
109874
109875
109876
109877
109878
109879
109880
109881
109882
109883
109884
109885
109886
109887
109888
109889
109890
109891
109892
109893
109894
109895
109896
109897
109898
109901
109902
109903
109904
109905
109906
110495
110496
110498
110500
110503
110504
110505
110506
110507
110508
110509
110510
110511
110512
110513
110514
110515
110516
110517
110518
110519
110520
110521
110522
110523
110524
111134
111135
111136
111137
111138
111139
111141
111146
111147
111148
111149
111150
111151
111152
111153
111154
111155
111156
111157
111158
111159
111161
111162
111163
111164
111165
111166
111167
111168
111757
111758
111759
111760
111761
111762
111768
111769
111770
111771
111772
111773
111774
111775
111776
111777
111778
111779
111780
111781
111782
111783
111784
111785
112348
112349
112350
112351
112357
112358
112359
112360
112361
112362
112363
112364
112365
112366
112367
112368
112369
112370
112371
112372
112373
112374
112375
112376
112942
112943
112944
112945
112951
112952
112953
112954
112955
112956
112957
112958
112959
112960
112961
112962
112963
112964
112965
112966
112967
112968
112969
112970
112971
113534
113535
113543
113544
113545
113546
113547
113548
113549
113550
113551
113552
113553
113554
113555
113556
113557
113558
113559
113560
113561
113562
114104
114105
114106
114113
114114
114115
114116
114117
114118
114119
114120
114121
114122
114123
114124
114125
114663
114665
114666
114671
114672
114673
114674
114675
114676
114677
115217
115218
115219
115220
115221
115222
115223
115224
115226
115227
115228
115229
115230
115231
115232
115233
115765
115766
115767
115768
115769
115770
115771
115772
115773
115774
115775
115776
115777
115778
115779
115780
115781
115782
116324
116325
116326
116327
116328
116329
116330
116331
116332
116333
116334
116335
116336
116337
116338
116339
116340
116341
116342
116875
116876
116877
116878
116879
116880
116881
116882
116883
116884
116885
116886
116887
116889
116890
116891
116892
116893
117442
117443
117444
117445
117446
117447
117448
117449
117450
117451
117452
117453
117454
117455
117456
117457
117458
117459
117460
117982
117983
117984
117985
117986
117987
117988
117989
117990
117991
117992
117993
117994
117996
117997
118000
118001
118002
118003
118004
118522
118523
118524
118525
118526
118527
118528
118529
118530
118531
118532
118533
118534
118535
118536
118543
118544
118545
118546
118547
119051
119052
119053
119054
119055
119056
119057
119058
119059
119060
119061
119062
119070
119071
119072
119073
119074
119075
119076
119077
119078
119079
119597
119600
119601
119602
119603
119604
119605
119606
119607
119614
119615
119616
119617
119618
119619
119620
119621
119622
119623
119624
119625
119626
119627
120144
120147
120148
120149
120150
120156
120157
120158
120159
120160
120161
120162
120163
120164
120165
120166
120167
120168
120169
120686
120687
120688
120689
120697
120699
120700
120701
120702
120703
120704
120705
120706
120707
121224
121225
121231
121232
121233
121234
121235
121236
121237
121238
121744
121750
121751
121752
122270
122271