250585
251133
251134
251135
251136
251137
251138
251139
251678
251679
251680
251681
251682
251683
251685
252258
252259
252260
252261
252848
252849
252850
252851
252852
253426
253427
253428
253429
253430
253431
254002
254003
254004
254005
254006
254595
254596
254597
254598
254599
254600
254601
254602
254603
255210
255211
255212
255213
255214
255215
255216
255217
255218
255818
255819
255820
255821
255822
255823
255824
255825
255826
255827
256441
256442
256443
256444
256445
256446
256447
256448
256449
256455
257052
257053
257054
257055
257056
257057
257058
257059
257060
257061
257062
257064
257066
257067
257068
257678
257679
257680
257681
257682
257683
257684
257685
257686
257687
257688
257689
257690
257692
257693
257694
258289
258290
258291
258292
258293
258294
258295
258296
258297
258298
258299
258302
258903
258904
258905
258906
258907
258909
258910
258911
258912
258913
258914
258920
259544
259545
259546
259547
259548
259549
259552
259553
259554
259555
259556
259557
259558
259559
259563
259564
260192
260193
260194
260195
260196
260197
260198
260199
260202
260203
260204
260205
260206
260207
260208
260209
260210
260211
260212
260213
260827
260828
260829
260830
260831
260832
260833
260834
260835
260836
260837
260838
260839
260840
260841
260842
260843
260844
260845
260846
260847
260848
261445
261446
261447
261448
261449
261450
261451
261452
261453
261454
261455
261456
261457
261458
261459
261460
261461
261462
261463
261464
261465
261466
261467
262055
262056
262057
262058
262059
262060
262061
262062
262063
262064
262065
262066
262067
262068
262069
262070
262071
262072
262073
262074
262075
262076
262077
262078
262079
262080
262666
262667
262668
262669
262670
262671
262672
262673
262674
262675
262676
262677
262678
262679
262680
262681
262682
262683
262684
262685
262686
262687
262688
262689
262690
262691
262692
262693
262694
262695
262696
262697
263266
263267
263268
263269
263270
263271
263272
263273
263274
263275
263276
263277
263278
263279
263280
263281
263282
263283
263284
263285
263286
263287
263288
263289
263290
263291
263292
263293
263294
263295
263296
263297
263865
263866
263867
263868
263869
263870
263871
263872
263873
263874
263875
263876
263877
263878
263879
263880
263881
263882
263883
263884
263885
263886
263887
263888
263889
263890
263891
263892
263893
263894
263895
263896
264481
264482
264483
264484
264485
264486
264487
264488
264489
264490
264491
264492
264493
264494
264495
264496
264497
264498
264499
264500
264501
264502
264503
264504
264505
264506
264507
264508
264509
264510
264511
264512
264513
265106
265107
265108
265109
265110
265111
265112
265113
265114
265115
265116
265117
265118
265119
265120
265121
265122
265123
265124
265125
265126
265127
265128
265129
265130
265131
265132
265133
265739
265740
265741
265742
265743
265744
265745
265746
265747
265748
265749
265750
265751
265752
265753
265754
265755
265756
265757
265758
265759
265760
265761
265764
265765
266366
266368
266369
266370
266371
266372
266373
266374
266375
266376
266377
266378
266379
266380
266381
266382
266383
266384
266385
266386
266387
266388
266389
266390
266391
266971
266972
266973
266974
266975
266976
266977
266978
266979
266980
266981
266982
266983
266984
266985
266986
266987
266988
266989
266990
266991
266992
266993
266994
266995
266996
266997
266998
266999
267576
267577
267578
267579
267580
267581
267582
267583
267584
267585
267586
267587
267588
267589
267590
267591
267592
267593
267594
267595
267596
267597
267598
267599
267600
267601
267604
267605
267606
267607
267608
268207
268208
268209
268210
268211
268212
268213
268214
268215
268216
268217
268218
268219
268220
268221
268222
268223
268224
268225
268226
268227
268228
268229
268230
268231
268232
268233
268237
268238
268831
268832
268833
268834
268835
268836
268837
268838
268839
268840
268841
268842
268843
268844
268845
268846
268847
268848
268849
268850
268851
268852
268853
268854
268855
268856
268857
268862
268863
269453
269454
269455
269456
269457
269458
269459
269460
269461
269462
269463
269464
269465
269466
269467
269468
269469
269470
269471
269472
269473
269474
269475
269481
269483
270097
270098
270099
270100
270101
270102
270103
270104
270105
270106
270107
270108
270109
270110
270111
270112
270113
270114
270115
270116
270117
270118
270119
270127
270128
270129
270739
270740
270741
270742
270743
270744
270745
270746
270747
270748
270749
270750
270751
270752
270753
270754
270755
270756
270757
270758
270759
270761
270762
270772
270773
271389
271390
271391
271392
271393
271394
271395
271396
271397
271398
271399
271400
271401
271402
271403
271404
271405
271406
271407
271408
271409
271410
271411
271412
271420
271421
271422
272041
272042
272043
272044
272045
272046
272047
272048
272049
272050
272051
272052
272053
272054
272055
272056
272057
272058
272059
272060
272061
272062
272063
272064
272065
272066
272067
272069
272070
272077
272078
272079
272080
272081
272082
272686
272687
272688
272689
272690
272691
272692
272693
272694
272695
272696
272697
272698
272699
272700
272701
272702
272703
272704
272705
272706
272707
272708
272709
272710
272711
272712
272713
272714
272715
272719
272722
272723
272724
273341
273342
273343
273344
273345
273346
273347
273348
273349
273350
273351
273352
273353
273354
273355
273356
273357
273358
273359
273360
273361
273362
273363
273364
273365
273366
273367
273368
273369
273374
273375
273376
273377
273378
273379
273380
273998
273999
274000
274001
274002
274003
274004
274005
274006
274007
274008
274009
274010
274011
274012
274013
274014
274015
274016
274017
274018
274019
274020
274021
274022
274023
274024
274025
274026
274027
274028
274033
274034
274035
274036
274037
274038
274648
274649
274651
274652
274653
274654
274655
274656
274657
274658
274659
274660
274661
274662
274663
274664
274665
274666
274667
274668
274669
274670
274671
274672
274673
274674
274675
274676
274680
274681
274682
274683
274684
275279
275280
275281
275282
275283
275284
275285
275286
275287
275288
275289
275290
275291
275292
275293
275294
275295
275296
275297
275309
275310
275917
275918
275919
275920
275921
275922
275923
275924
275925
275926
275927
275928
275929
275930
275931
275932
275933
275934
275935
275936
276569
276570
276571
276572
276573
276574
276575
276576
276579
276580
276581
276582
277181
277182
277183
277184
277185
277186
277187
277188
277192
277193
277194
277798
277799
277800
277801
277802
277803
277804
277809
277810
277811
277812
278409
278410
278411
278412
278413
278414
278415
278416
278417
278421
278422
278423
279007
279008
279009
279010
279011
279012
279014
279015
279627
279628
279629
279630
279631
280230
280231
280232
280233
280234
280821
280822
280823
280824
280825
280826
280827
280828
280829
281407
281408
281409
281410
281411
281412
281413
281414
282010
282011
282012
282013
282014
282015
282016
282017
282593
282594
282595
282596
282597
282598
282599
282600
282601
283194
283195
283196
283197
283198
283199
283200
283201
283202
283203
283204
283802
283803
283804
283807
283808
283809
283811
284419
284420
284421
285032
285033