330258
330725
330726
330727
331201
331202
331203
331663
331664
331665
331666
332151
332152
332153
332154
332635
332636
332637
332638
332639
333113
333114
333115
333116
333117
333118
333119
333120
333121
333598
333599
333600
333601
333602
333603
333604
333605
334042
334043
334044
334045
334046
334047
334048
334049
334050
334051
334500
334501
334502
334503
334504
334505
334506
334507
334508
334509
334954
334955
334956
334957
334958
334959
334960
334961
334962
334963
334964
334965
335397
335398
335399
335400
335401
335402
335403
335404
335405
335406
335407
335408
335409
335410
335855
335856
335857
335858
335859
335860
335861
335862
335863
335864
335865
335866
335867
335868
335869
335870
336322
336323
336324
336325
336326
336327
336328
336329
336330
336331
336332
336333
336334
336335
336336
336337
336338
336340
336811
336812
336813
336814
336815
336816
336817
336818
336819
336820
336821
336822
336823
336824
336825
336826
336827
336828
336829
336830
337322
337323
337324
337325
337326
337327
337328
337329
337330
337331
337332
337333
337334
337335
337336
337337
337838
337839
337840
337841
337842
337843
337844
337845
337846
337847
337848
337849
337850
337851
337852
337853
337854
337855
337856
338376
338377
338378
338379
338380
338381
338382
338383
338384
338385
338386
338387
338388
338389
338390
338391
338392
338393
338394
338395
338396
338397
338398
338399
338400
338912
338913
338914
338915
338916
338917
338918
338919
338920
338921
338922
338923
338924
338925
338926
338927
338928
338929
338930
338931
338932
338933
338934
338935
338936
338937
338938
338939
339435
339436
339437
339438
339439
339440
339441
339442
339443
339444
339445
339446
339447
339448
339449
339450
339451
339452
339453
339454
339455
339456
339457
339458
339459
339460
339461
339963
339964
339965
339966
339967
339968
339969
339970
339971
339972
339973
339974
339975
339976
339977
339978
339979
339980
339981
339982
339983
339984
339985
339986
339987
339988
339989
340494
340495
340496
340497
340498
340499
340500
340501
340502
340503
340504
340505
340506
340507
340508
340509
340510
340511
340512
340513
340514
340515
340516
340517
340518
340522
340523
340524
340525
340526
340527
340528
340529
340530
340531
340532
341048
341049
341050
341051
341052
341053
341054
341055
341056
341057
341058
341059
341060
341061
341062
341063
341064
341065
341066
341067
341068
341069
341074
341075
341076
341077
341078
341079
341080
341081
341082
341083
341084
341085
341086
341087
341088
341089
341090
341579
341580
341581
341582
341583
341584
341585
341586
341587
341588
341589
341590
341591
341592
341593
341594
341595
341596
341601
341602
341603
341604
341605
341606
341607
341608
341609
341610
341611
341612
341613
341614
341615
341616
342104
342105
342106
342107
342108
342109
342110
342111
342112
342113
342114
342115
342116
342117
342118
342122
342123
342124
342125
342126
342127
342128
342129
342130
342131
342132
342133
342134
342135
342136
342642
342643
342644
342645
342646
342647
342648
342649
342650
342651
342652
342653
342654
342655
342656
342657
342658
342661
342662
342663
342664
342665
342666
342667
342668
342669
342670
342671
343201
343202
343203
343204
343205
343206
343207
343208
343209
343210
343211
343212
343213
343214
343219
343220
343221
343222
343223
343224
343225
343226
343227
343228
343229
343230
343774
343775
343776
343777
343778
343779
343780
343781
343782
343783
343784
343785
343787
343788
343789
343790
343791
343792
343793
343794
343795
343796
343797
344317
344318
344319
344320
344321
344322
344323
344324
344325
344326
344327
344328
344329
344330
344331
344332
344333
344334
344335
344336
344337
344338
344339
344340
344341
344853
344854
344855
344856
344857
344858
344859
344860
344861
344862
344863
344864
344865
344866
344867
344868
344869
344870
344871
344872
344873
344874
344875
344876
344877
345390
345391
345392
345393
345394
345395
345396
345397
345398
345399
345400
345401
345402
345403
345404
345405
345406
345407
345408
345409
345410
345411
345412
345413
345414
345415
345419
345929
345930
345931
345932
345933
345934
345935
345936
345937
345938
345939
345940
345941
345942
345943
345944
345945
345946
345947
345948
345949
345950
345951
345952
345953
345954
345955
346465
346466
346467
346468
346469
346470
346471
346472
346473
346474
346475
346476
346477
346478
346479
346480
346481
346482
346483
346484
346485
346486
346487
346488
346489
346490
347008
347012
347013
347014
347015
347016
347017
347018
347019
347020
347021
347022
347023
347024
347025
347026
347027
347028
347029
347030
347031
347032
347033
347034
347035
347559
347560
347566
347567
347568
347569
347570
347571
347572
347573
347574
347575
347576
347577
347578
347579
347580
347581
347582
347583
347584
347585
347586
348143
348144
348145
348146
348147
348148
348149
348150
348151
348152
348153
348154
348155
348156
348157
348158
348159
348160
348161
348162
348163
348725
348726
348727
348728
348729
348730
348731
348732
348733
348734
348735
348736
348737
348738
348741
348742
348743
348745
349323
349324
349325
349326
349327
349328
349329
349330
349331
349332
349333
349334
349335
349336
349337
349338
349339
349340
349341
349342
349347
349348
349349
349350
349925
349926
349927
349928
349929
349930
349931
349932
349933
349934
349935
349936
349937
349938
349939
349940
349941
349948
349950
349951
350519
350520
350521
350522
350523
350524
350525
350526
350527
350528
350529
350530
350531
350532
350543
350544
350545
350546
350547
351078
351079
351080
351081
351082
351083
351084
351085
351086
351087
351088
351089
351090
351091
351092
351093
351094
351095
351096
351097
351098
351108
351109
351110
351111
351112
351642
351643
351644
351645
351646
351647
351648
351649
351650
351651
351652
351653
351654
351655
351656
351657
351658
351659
351660
351661
351662
351663
351671
351674
352205
352206
352207
352208
352209
352210
352211
352212
352213
352214
352215
352216
352217
352218
352219
352220
352221
352222
352223
352769
352770
352771
352772
352773
352774
352775
352776
352777
352778
352779
352780
352781
352782
352783
352784
352785
352786
352787
352788
352789
352790
353337
353338
353339
353340
353341
353342
353343
353344
353345
353346
353347
353348
353349
353350
353351
353352
353353
353925
353926
353927
353928
353929
353930
353931
353932
353933
353934
353935
353936
353937
353938
353939
354505
354506
354507
354508
354509
354510
354511
354512
354513
354514
354515
355099
355100
355101
355102
355103
355104
355105
355106
355107
355108
355109
355110
355111
355695
355696
355697
355698
355699
355700
355701
355702
355703
355704
355705
355706
355707
355708
355709
356267
356268
356269
356270
356271
356272
356273
356274
356275
356276
356277
356278
356279
356840
356841
356842
356843
356844
356845
356846
356847
356848
356849
357392
357393
357394
357395
357396
357397
357398
357399
357954
357955
357956
357957
357958
357959
357960
357961
357962
357963
357964
357965
358501
358502
358503
358504
358505
358506
358507
358508
358509
359050
359051
359052
359054
359055
359056
359579
359581
359583
360119
360631