176797
176798
177439
177440
177441
177442
177443
177444
178088
178090
178092
178093
178094
178095
178115
178745
178746
178747
178748
178766
178767
179378
179379
179380
179381
179397
179399
179400
179401
179402
179403
179404
180009
180011
180012
180013
180014
180016
180034
180035
180036
180037
180038
180039
180655
180657
180658
180659
180660
180662
180663
180664
180682
180683
180684
180685
180686
180687
181327
181328
181329
181330
181331
181332
181333
181334
181335
181336
181337
181338
181349
181350
181351
181352
181987
181988
181989
181990
181992
181993
181994
181995
181996
181997
181998
181999
182000
182001
182011
182012
182013
182014
182015
182016
182632
182633
182634
182635
182636
182637
182638
182639
182640
182641
182642
182643
182644
182654
182655
182656
182657
182658
182659
183261
183263
183264
183265
183266
183267
183268
183269
183270
183271
183272
183273
183282
183283
183284
183285
183286
183287
183288
183853
183854
183855
183856
183857
183858
183859
183860
183861
183862
183863
183864
183865
183866
183867
183868
183869
183870
183874
183875
183876
183877
183878
183879
183880
184432
184433
184434
184435
184436
184437
184438
184439
184440
184441
184442
184443
184444
184445
184446
184447
184448
184449
184450
184453
184454
184455
184456
184457
184458
184459
185046
185047
185048
185049
185050
185051
185052
185053
185054
185055
185056
185057
185058
185059
185060
185061
185062
185063
185066
185067
185068
185069
185070
185071
185072
185073
185074
185075
185076
185689
185690
185691
185692
185693
185694
185695
185696
185697
185698
185699
185700
185701
185702
185703
185704
185705
185706
185707
185708
185710
185711
185712
185713
185714
185715
185716
185717
185718
186342
186343
186344
186345
186346
186347
186348
186349
186350
186351
186352
186353
186354
186355
186356
186358
186359
186360
186361
186362
186363
186364
186365
186366
186367
186368
186369
186370
186979
186980
186981
186982
186983
186984
186985
186986
186987
186988
186989
186990
186991
186992
186993
186994
186995
186996
186997
186998
186999
187000
187001
187002
187003
187004
187005
187006
187007
187008
187009
187010
187011
187590
187591
187592
187593
187594
187595
187596
187597
187598
187599
187600
187601
187602
187603
187604
187605
187606
187607
187608
187609
187610
187611
187612
187613
187614
187615
187616
187617
187618
187619
187620
187621
187622
187623
187624
187625
187626
187627
187628
188198
188199
188200
188201
188202
188203
188204
188205
188206
188207
188208
188209
188210
188211
188212
188213
188214
188215
188216
188217
188218
188219
188220
188221
188222
188223
188224
188225
188226
188227
188228
188229
188230
188231
188232
188233
188234
188235
188236
188237
188238
188239
188811
188812
188813
188814
188815
188816
188817
188818
188819
188820
188821
188822
188823
188824
188825
188826
188827
188828
188829
188830
188831
188832
188833
188834
188835
188836
188837
188838
188839
188840
188841
188842
188843
188844
188845
188846
188847
189415
189416
189417
189418
189419
189420
189421
189422
189423
189424
189425
189426
189427
189428
189429
189430
189431
189432
189433
189434
189435
189436
189437
189438
189439
189440
189441
189442
189443
189444
189445
189446
189447
189448
189449
189450
189451
189452
189453
189454
190011
190012
190013
190014
190015
190016
190017
190018
190019
190020
190021
190022
190023
190024
190025
190026
190027
190028
190029
190030
190031
190032
190033
190034
190035
190036
190037
190038
190039
190040
190041
190042
190043
190044
190045
190046
190602
190603
190604
190605
190606
190607
190608
190609
190610
190611
190612
190613
190614
190615
190616
190617
190618
190619
190620
190621
190622
190623
190624
190625
190626
190627
190628
190629
190630
190631
190632
190633
190634
191173
191174
191175
191176
191177
191178
191179
191180
191181
191182
191183
191184
191185
191186
191187
191188
191189
191190
191191
191192
191193
191194
191195
191196
191197
191198
191199
191200
191201
191202
191203
191204
191205
191206
191207
191736
191737
191738
191739
191740
191741
191742
191743
191744
191745
191746
191747
191748
191749
191750
191751
191752
191753
191754
191755
191756
191757
191758
191759
191760
191761
191762
191763
191764
191765
191766
191767
191768
191769
191770
192296
192297
192298
192299
192300
192301
192302
192303
192304
192305
192306
192307
192308
192309
192310
192311
192312
192313
192314
192315
192316
192317
192318
192319
192320
192321
192322
192323
192324
192325
192326
192327
192328
192846
192847
192848
192849
192850
192851
192852
192853
192854
192855
192856
192857
192858
192859
192860
192861
192862
192863
192864
192865
192866
192867
192868
192869
192870
192871
192872
192873
193402
193403
193404
193405
193406
193407
193408
193409
193410
193411
193412
193413
193414
193415
193416
193417
193418
193419
193420
193421
193422
193423
193424
193425
193426
193427
193944
193945
193946
193947
193948
193949
193950
193951
193952
193953
193954
193955
193956
193957
193958
193963
193964
193965
193966
193967
193968
193969
193970
193971
193972
194513
194514
194515
194516
194517
194518
194519
194520
194521
194522
194523
194530
194531
194532
194533
194534
194535
194536
194537
194538
195078
195079
195080
195081
195082
195083
195084
195085
195088
195090
195091
195092
195093
195094
195095
195096
195097
195098
195099
195611
195612
195613
195614
195615
195616
195624
195625
195626
195627
195629
195630
195631
195632
195633
195634
195635
195636
195637
195638
196151
196152
196153
196154
196155
196156
196159
196160
196161
196162
196163
196164
196165
196166
196167
196168
196169
196170
196171
196172
196173
196672
196673
196674
196675
196676
196677
196678
196679
196680
196681
196682
196683
196684
196685
196686
196687
196688
196689
196690
196691
196692
196693
196694
197186
197187
197188
197189
197190
197191
197192
197193
197194
197195
197196
197197
197198
197199
197200
197201
197202
197203
197204
197205
197206
197712
197713
197714
197715
197716
197717
197718
197719
197720
197721
197722
197723
197724
197725
197726
197727
197728
197729
197730
197731
197732
197733
197734
197735
197736
197737
197738
197739
197740
198267
198268
198269
198270
198271
198272
198273
198274
198275
198276
198277
198278
198279
198280
198281
198282
198283
198284
198285
198286
198287
198288
198289
198290
198840
198841
198842
198843
198844
198845
198846
198847
198848
198849
198850
198851
198852
198853
198854
198855
198856
198857
198858
198859
198860
198861
198862
199427
199428
199429
199430
199431
199432
199433
199434
199435
199436
199437
199438
199439
199440
199441
199442
199443
199444
199445
199446
199447
200021
200022
200023
200024
200025
200026
200027
200028
200029
200030
200031
200032
200033
200034
200035
200036
200037
200038
200039
200040
200613
200614
200615
200616
200617
200618
200619
200620
200621
200622
200623
200624
200625
200626
200627
201164
201166
201167
201168
201169
201170
201171
201172
201173
201174
201175
201176
201177
201178
201735
201737
201738
201739
201740
201741
201742
201743
201744
201745
201746
202303
202304
202305
202306
202891
202892
203472
203473