183519
184104
184105
184106
184107
184108
184707
184708
184709
184710
184711
184712
184713
184714
185328
185329
185330
185331
185332
185333
185334
185335
185336
185337
185338
185339
185972
185973
185974
185975
185976
185977
185978
185979
185980
186614
186615
186616
186617
186618
186619
186620
186621
186622
186623
186624
187235
187236
187237
187238
187239
187240
187241
187242
187243
187244
187841
187842
187843
187844
187845
187846
187847
187848
187849
187850
187851
187852
187853
187855
188448
188449
188450
188451
188452
188453
188454
188455
188456
188457
188458
188459
188460
188461
188462
188463
188464
188465
188466
188467
189063
189064
189065
189066
189067
189068
189069
189070
189071
189072
189073
189074
189075
189076
189077
189078
189079
189080
189081
189082
189665
189666
189667
189668
189669
189670
189671
189672
189673
189674
189675
189676
189677
189678
189679
189680
189681
189682
189683
190244
190245
190246
190247
190248
190249
190250
190251
190252
190253
190254
190255
190256
190257
190258
190259
190260
190261
190262
190825
190826
190827
190828
190829
190830
190831
190832
190833
190834
190835
190836
190837
190838
190839
190840
190841
190842
191384
191385
191386
191387
191388
191389
191390
191391
191392
191393
191394
191395
191396
191397
191398
191399
191400
191401
191402
191948
191949
191950
191951
191952
191953
191954
191955
191956
191957
191958
191959
191960
191961
191962
191963
191964
191965
191966
192509
192510
192511
192512
192513
192514
192515
192516
192517
192518
192519
192520
192521
192522
192523
192524
192525
192526
193068
193069
193070
193071
193072
193073
193074
193075
193076
193077
193078
193079
193080
193081
193082
193083
193084
193085
193086
193632
193633
193634
193635
193636
193637
193638
193639
193640
193641
193642
193643
193644
193645
193646
193647
194191
194192
194193
194194
194195
194196
194197
194198
194199
194200
194201
194202
194203
194757
194758
194759
194760
194761
194762
194763
194764
194765
194766
194767
194768
195302
195303
195304
195305
195306
195307
195308
195309
195849
195850
195851
195852
195853
195854
196368
196369
196370
196371
196372
196373
196374
196375
196376
196377
196378
196379
196380
196381
196894
196895
196896
196897
196898
196899
196900
196901
196902
196903
196904
196905
196906
196907
196908
196909
197414
197415
197416
197417
197418
197419
197420
197421
197422
197423
197424
197425
197426
197427
197428
197429
197972
197973
197974
197975
197976
197977
197978
197979
197980
197981
197982
197983
197984
197985
197986
197987
197988
197989
197990
197991
198531
198532
198533
198534
198535
198536
198537
198538
198539
198540
198541
199116
199117
199118
199119
199120
199121
199122
199123
199124
199125
199126
199127
199128
199129
199130
199131
199705
199706
199707
199708
199709
199710
199711
199712
199713
199714
199715
199716
199717
200291
200292
200297
200298
200299
200300
200301
200302
200303
200304
200305
200306
200307
200308
200309
200870
200871
200872
200873
200874
200875
200876
200877
200878
200879
200880
200881
200882
200883
200884
200885
200886
200887
200888
201421
201422
201423
201424
201425
201426
201427
201428
201429
201430
201431
201432
201433
201434
201435
201436
201437
201983
201984
201985
201986
201987
201988
201989
201990
201991
201992
201993
201994
201995
201996
201997
201998
201999
202000
202001
202003
202559
202560
202561
202562
202563
202564
202565
202566
202567
202568
202569
202570
202571
202572
202573
202574
202575
202576
202577
202578
202579
202580
202581
202582
203144
203145
203146
203147
203148
203149
203150
203151
203152
203153
203154
203155
203156
203157
203158
203159
203160
203161
203162
203163
203164
203165
203721
203722
203723
203724
203725
203726
203727
203728
203729
203730
203731
203732
203733
203734
203735
203736
203737
203738
203739
203740
203741
204275
204276
204277
204278
204279
204280
204281
204282
204283
204284
204285
204286
204287
204288
204289
204290
204291
204292
204293
204294
204295
204296
204297
204298
204299
204300
204829
204830
204831
204832
204833
204834
204835
204836
204837
204838
204839
204840
204841
204842
204843
204844
204845
204846
204847
204848
204849
205374
205375
205376
205377
205378
205379
205380
205381
205382
205383
205384
205385
205386
205387
205388
205389
205390
205391
205392
205393
205394
205395
205396
205397
205398
205399
205400
205926
205927
205928
205929
205930
205931
205932
205933
205934
205935
205936
205937
205938
205939
205940
205941
205942
205943
205944
205945
205946
205947
205948
205949
206476
206477
206478
206479
206480
206481
206482
206483
206484
206485
206486
206488
206489
206490
206491
206492
206493
206494
206495
206496
207022
207023
207024
207025
207026
207027
207028
207029
207030
207031
207032
207034
207035
207036
207037
207038
207039
207040
207041
207553
207554
207555
207556
207557
207558
207559
207560
207561
207562
207563
207564
207565
207566
207567
207569
207570
207571
207572
207573
208072
208073
208074
208075
208076
208077
208078
208079
208080
208081
208082
208083
208084
208085
208086
208087
208088
208090
208091
208092
208093
208094
208577
208578
208579
208580
208581
208582
208583
208584
208585
208586
208587
208588
208589
208590
208591
208592
208593
208594
208595
208596
208597
208598
208599
208600
208601
209071
209072
209073
209074
209075
209076
209077
209078
209079
209080
209081
209082
209083
209084
209085
209086
209087
209088
209089
209090
209091
209092
209093
209094
209095
209096
209097
209098
209550
209551
209552
209553
209554
209555
209556
209557
209558
209559
209560
209561
209562
209563
209564
209565
209566
209567
209568
209569
209570
209571
209572
209573
209574
209575
210047
210048
210049
210050
210051
210052
210053
210054
210055
210056
210057
210058
210059
210060
210063
210064
210065
210066
210067
210068
210069
210070
210071
210072
210073
210074
210075
210076
210533
210534
210535
210536
210537
210538
210539
210540
210541
210542
210543
210544
210545
210546
210547
210548
210549
210550
210551
210552
210553
210554
210555
210556
210557
210558
210559
210560
210561
210562
211045
211046
211047
211048
211049
211050
211051
211052
211053
211055
211056
211057
211058
211059
211060
211061
211062
211063
211064
211065
211066
211067
211068
211069
211070
211071
211072
211561
211562
211563
211564
211565
211566
211567
211568
211569
211570
211571
211572
211573
211574
211575
211576
211577
211578
211579
211580
211581
211582
211583
211584
211585
211586
211587
211588
211589
211590
211591
212084
212085
212086
212087
212088
212090
212091
212092
212093
212094
212095
212096
212097
212098
212099
212100
212101
212102
212103
212104
212105
212595
212596
212597
212598
212599
212600
212605
212606
212607
212608
212609
212610
212611
212612
212613
212614
212615
212616
212617
212618
213123
213124
213125
213126
213127
213128
213129
213132
213133
213134
213135
213136
213137
213138
213139
213140
213141
213142
213143
213144
213665
213666
213668
213669
213670
213671
213674
213675
213676
213677
213678
213679
213680
213681
213682
213683
214225
214226
214227
214228
214229
214230
214236
214808
215387