163030
163459
163466
163467
163468
163904
163905
163906
163907
163911
163912
163913
163914
163915
163916
164342
164343
164344
164345
164346
164347
164350
164351
164352
164353
164354
164355
164356
164819
164820
164821
164822
164823
164824
164825
164826
164827
164828
164829
164830
164831
164832
164833
164834
164835
164836
164844
164845
164846
165290
165291
165292
165293
165294
165295
165296
165297
165299
165300
165301
165302
165303
165304
165305
165306
165307
165308
165319
165320
165321
165322
165323
165760
165764
165765
165766
165767
165768
165769
165770
165771
165772
165773
165774
165775
165776
165789
165790
165791
165792
165793
165794
165795
165796
165797
165798
166248
166249
166250
166251
166252
166253
166254
166255
166256
166257
166258
166259
166260
166261
166262
166263
166272
166273
166274
166275
166276
166277
166278
166279
166280
166281
166282
166283
166284
166732
166733
166734
166738
166739
166740
166741
166742
166743
166744
166745
166746
166747
166748
166753
166754
166757
166758
166759
166760
166761
166762
166763
166764
166765
166766
166767
166768
166769
166770
167221
167226
167227
167228
167229
167230
167231
167232
167233
167234
167235
167236
167237
167242
167243
167244
167245
167246
167247
167248
167249
167250
167251
167252
167253
167254
167255
167256
167742
167743
167744
167745
167746
167747
167748
167749
167750
167755
167756
167757
167759
167760
167761
167762
167763
167764
167765
167766
167767
167768
167769
168260
168261
168262
168263
168264
168265
168266
168267
168268
168269
168270
168271
168272
168275
168276
168277
168278
168279
168280
168281
168282
168283
168284
168285
168286
168287
168288
168289
168773
168774
168775
168776
168777
168778
168782
168783
168784
168785
168786
168787
168788
168789
168790
168791
168792
168793
168794
168795
168796
168797
168798
168799
168800
169283
169284
169285
169286
169287
169288
169290
169292
169293
169294
169295
169296
169297
169298
169299
169300
169301
169302
169303
169304
169305
169306
169307
169308
169309
169801
169802
169803
169804
169805
169806
169807
169808
169809
169810
169811
169812
169813
169814
169815
169816
169817
169818
169819
169820
169821
169822
169823
169824
169825
169826
169827
170324
170325
170326
170327
170328
170329
170330
170331
170332
170333
170334
170335
170336
170337
170338
170339
170340
170341
170342
170343
170344
170345
170346
170347
170348
170349
170869
170870
170871
170872
170873
170874
170875
170876
170877
170878
170879
170880
170881
170882
170883
170884
170885
170886
170887
170888
170889
170890
170891
170892
170893
170894
170895
170896
171405
171406
171407
171408
171409
171410
171411
171412
171413
171414
171415
171416
171417
171418
171419
171420
171421
171422
171423
171424
171425
171426
171427
171428
171429
171430
171941
171942
171943
171944
171945
171946
171947
171948
171949
171950
171951
171952
171953
171954
171955
171956
171957
171958
171959
171960
171961
171962
171963
171964
171965
171966
171967
172456
172457
172458
172459
172460
172461
172462
172463
172464
172465
172466
172467
172468
172469
172470
172471
172472
172473
172474
172475
172476
172477
172478
172479
172480
172481
172482
172962
172963
172964
172965
172966
172967
172968
172969
172970
172971
172972
172973
172974
172975
172976
172977
172978
172979
172980
172981
172982
172983
172984
172985
172986
172987
172988
172989
172990
172991
172992
173487
173488
173489
173490
173491
173492
173493
173494
173495
173496
173497
173498
173499
173500
173501
173502
173503
173504
173505
173506
173507
173508
173509
173510
173511
173512
173513
173514
173515
173516
174018
174019
174020
174021
174022
174023
174024
174025
174026
174027
174028
174029
174030
174031
174032
174033
174034
174035
174036
174037
174038
174039
174040
174041
174042
174043
174044
174045
174046
174565
174566
174567
174568
174569
174570
174571
174572
174573
174574
174575
174576
174577
174578
174579
174580
174581
174582
174583
174584
174585
174586
174587
174588
174589
174590
174591
174592
174593
175108
175109
175110
175111
175112
175113
175114
175115
175116
175117
175118
175119
175120
175121
175122
175123
175124
175125
175126
175127
175128
175129
175130
175131
175132
175133
175632
175633
175634
175635
175636
175637
175638
175639
175640
175641
175642
175643
175644
175645
175646
175647
175648
175649
175650
175651
175652
175653
175654
175655
175656
175657
175658
175659
176217
176218
176219
176220
176221
176222
176223
176224
176225
176226
176227
176228
176229
176230
176231
176232
176233
176234
176235
176236
176237
176238
176239
176240
176241
176242
176243
176244
176245
176824
176825
176826
176827
176828
176829
176830
176831
176832
176833
176834
176835
176836
176837
176838
176839
176840
176841
176842
176843
176844
176845
176846
176847
176848
176849
177468
177469
177470
177471
177472
177473
177474
177475
177476
177477
177478
177479
177480
177481
177482
177483
177484
177485
177486
177487
177488
177489
177490
178116
178117
178118
178119
178120
178121
178122
178123
178124
178125
178126
178127
178128
178129
178130
178131
178132
178133
178134
178135
178136
178137
178768
178769
178770
178771
178772
178773
178774
178775
178776
178777
178778
178779
178780
178781
178782
178783
179407
179408
179409
179410
179411
179412
179413
179414
179415
179416
179417
179418
179419
179420
179421
180051
180052
180053
180054
180055
180056
180057
180058
180059
180697
180698
180699
180700
180701
180702
180703
180704
180705
180706
180707
181363
181364
181365
181366
181367
181368
181369
181370
181371
181372
181373
181374
182022
182023
182027
182028
182029
182030
182031
182032
182033
182034
182035
182036
182037
182666
182667
182668
182669
182672
182673
182674
182675
182676
182677
183294
183295
183296
183301
183302
183303
183304
183305
183306
183307
183308
183309
183310
183311
183884
183885
183886
183890
183891
183892
183893
183894
183895
183896
183897
183898
184462
184463
184464
184471
184472
184473
184474
184475
184476
184477
184478
184479
184480
184481
185078
185079
185080
185081
185082
185090
185091
185092
185093
185094
185095
185096
185097
185098
185099
185100
185101
185103
185719
185720
185721
185722
185723
185724
185725
185726
185727
185733
185734
185735
185736
185737
185738
185739
185740
185741
185742
185743
185744
185745
185746
186371
186372
186373
186374
186375
186376
186377
186378
186379
186385
186386
186387
186388
186389
186390
186391
186392
186393
186394
186395
186396
186397
186398
186399
186400
187016
187017
187018
187019
187020
187021
187022
187023
187028
187029
187030
187031
187032
187033
187034
187035
187036
187037
187038
187039
187040
187634
187635
187636
187637
187638
187639
187643
187644
187645
187646
187647
187648
187649
187650
187651
187652
187654
187655
187656
188246
188247
188248
188251
188252
188253
188254
188255
188256
188856
188857
188858
188859
188860
188861
188862
188863
188864
188865
188866
188867
188868
189463
189464
189465
189466
189467
189468
189469
189470
189471
189472
189473
189474
190055
190056
190057
190058
190060
190061
190062
190063
190064
190065
190066
190645
190646
190649
191216
191217