29764
29765
29766
29767
30231
30232
30233
30234
30235
30729
30730
30731
30732
30733
30734
31231
31232
31233
31234
31235
31236
31237
31731
31732
31733
31734
31735
31736
31737
31738
31739
31740
32250
32251
32252
32262
32263
32264
32265
32266
32267
32268
32269
32270
32271
32779
32781
32788
32790
32791
32792
32793
32794
32795
32796
33270
33271
33272
33273
33274
33275
33276
33277
33278
33279
33281
33282
33283
33284
33285
33286
33287
33288
33289
33290
33291
33292
33777
33780
33781
33782
33783
33784
33786
33787
33788
33789
33790
33791
33792
33793
33794
33795
33796
33797
33798
33799
33800
33801
34285
34286
34287
34288
34290
34291
34292
34293
34294
34295
34296
34299
34300
34301
34302
34303
34304
34305
34306
34307
34308
34802
34805
34806
34807
34808
34810
34811
34812
34813
34815
34818
34819
34820
34821
34822
34823
34824
34825
34826
34827
34828
34829
35323
35324
35325
35327
35328
35329
35332
35333
35334
35335
35336
35339
35340
35341
35342
35344
35345
35346
35347
35348
35349
35350
35833
35834
35835
35836
35837
35838
35839
35842
35843
35844
35845
35846
35847
35850
35851
35852
35853
35854
35855
35856
35857
35858
35859
35860
35861
36333
36334
36335
36336
36337
36338
36339
36340
36341
36342
36343
36344
36347
36348
36350
36351
36352
36353
36354
36355
36356
36357
36812
36813
36814
36815
36816
36817
36818
36819
36820
36821
36822
36823
36824
36826
36827
36829
36830
36831
36832
36833
36834
36835
36836
37285
37286
37287
37288
37289
37290
37291
37292
37293
37294
37295
37296
37297
37299
37300
37301
37302
37303
37304
37305
37306
37759
37760
37761
37762
37763
37764
37765
37766
37767
37768
37769
37770
37771
37772
37773
37774
37775
37776
37777
37778
37779
37780
37781
37782
37783
38238
38239
38240
38241
38242
38243
38244
38245
38246
38247
38248
38249
38250
38251
38252
38253
38254
38255
38256
38257
38258
38259
38260
38261
38262
38263
38264
38265
38266
38267
38752
38753
38754
38755
38757
38758
38759
38760
38761
38762
38763
38764
38765
38766
38767
38768
38769
38770
38771
38772
38773
38774
38775
38776
38777
38778
38779
38780
39273
39274
39275
39276
39277
39278
39279
39280
39281
39282
39284
39285
39286
39287
39288
39289
39290
39291
39292
39293
39294
39295
39296
39297
39298
39299
39300
39301
39302
39303
39304
39804
39805
39806
39807
39808
39809
39810
39811
39812
39813
39817
39818
39819
39820
39821
39822
39823
39824
39825
39826
39827
39828
39829
39830
39831
39832
39833
39834
39835
39836
39837
39838
40330
40331
40332
40333
40334
40335
40336
40337
40338
40339
40346
40347
40348
40349
40350
40351
40352
40353
40354
40355
40356
40358
40359
40360
40361
40362
40363
40364
40864
40865
40866
40867
40868
40869
40870
40871
40872
40877
40878
40879
40880
40881
40882
40883
40884
40885
40886
40887
40888
40889
40890
40891
40892
40893
40894
40895
41405
41406
41407
41408
41409
41410
41411
41412
41413
41414
41415
41416
41417
41418
41419
41420
41421
41422
41423
41424
41425
41426
41427
41428
41429
41430
41431
41432
41433
41434
41435
41436
41974
41975
41976
41977
41978
41979
41980
41981
41982
41984
41985
41986
41987
41988
41989
41990
41991
41992
41993
41994
41995
41996
41997
41998
41999
42000
42001
42002
42003
42004
42005
42006
42007
42556
42557
42558
42559
42560
42561
42562
42563
42564
42567
42568
42569
42570
42571
42572
42573
42574
42575
42576
42577
42578
42579
42580
42581
42582
42583
42584
42585
42586
42587
42588
42589
42590
42591
43131
43132
43133
43134
43135
43139
43140
43141
43142
43143
43144
43145
43146
43147
43148
43149
43150
43151
43152
43153
43154
43155
43156
43157
43158
43159
43160
43161
43162
43677
43678
43679
43680
43681
43682
43683
43684
43685
43686
43687
43688
43689
43690
43691
43692
43693
43694
43695
43696
43697
43698
43699
43700
43701
43702
43703
43704
43705
43706
43707
43708
43709
43710
43711
44227
44228
44229
44230
44231
44232
44233
44234
44235
44236
44237
44238
44239
44240
44241
44242
44243
44244
44245
44246
44247
44248
44249
44250
44251
44252
44253
44254
44255
44256
44760
44761
44762
44763
44764
44767
44768
44769
44770
44771
44772
44773
44774
44775
44776
44777
44778
44779
44780
44781
44782
44783
44784
44785
44786
44787
44790
44791
44792
44793
44794
45289
45290
45293
45294
45295
45296
45297
45298
45299
45300
45301
45302
45303
45304
45305
45306
45307
45308
45309
45310
45311
45312
45313
45314
45315
45316
45317
45318
45319
45320
45321
45322
45810
45811
45812
45813
45814
45815
45816
45817
45818
45819
45820
45821
45822
45823
45824
45825
45826
45827
45828
45829
45830
45831
45832
45833
45834
45835
45836
46317
46318
46319
46320
46321
46322
46323
46324
46325
46326
46327
46328
46329
46330
46331
46332
46333
46334
46335
46336
46337
46338
46339
46340
46341
46342
46797
46798
46799
46801
46802
46803
46804
46805
46806
46807
46808
46809
46810
46811
46812
46813
46814
46815
46816
46817
46818
46819
46820
46821
47266
47267
47268
47274
47275
47276
47277
47278
47279
47280
47281
47282
47283
47284
47285
47286
47287
47288
47289
47290
47291
47292
47293
47720
47721
47722
47723
47724
47725
47726
47727
47728
47729
47730
47731
47732
47733
47734
47735
47741
47742
48174
48175
48176
48177
48180
48181
48182
48183
48184
48185
48186
48187
48188
48189
48190
48191
48192
48193
48194
48195
48196
48197
48198
48199
48200
48648
48649
48659
48660
48661
48662
48663
48664
48665
48666
48667
48668
48669
48670
48671
48672
49124
49125
49126
49127
49128
49129
49130
49131
49132
49133
49134
49135
49595
49596
49597
49598
49599
49600
49601
49602
49604
49605
49606
49607
49608
49609
50079
50080
50081
50084
50089
50090
50091
50092
50093
50548
50549
50556
50557
50558
50559
50560
50561
50562
51025
51026
51027
51028
51029
51030
51031
51482
51483
51484
51485
51486
51487
51488
51489
51491
51492
51493
51494
51495
51496
51497
51498
51946
51947
51948
51949
51951
51952
51953
51954
51955
51956
51957
51958
51959
51960
51961
51962
52411
52412
52413
52415
52416
52417
52418
52419
52420
52421
52422
52423
52424
52877
52878
52879
52880
52884
52885
52886
52887
52888
52889
53331
53335
53336
53786
53787
53788
53792
53793
54251
54252
54253
54254
54255
54728
54729
54730
54731
54732
55199
55200
55201
55202