388903
389431
389432
389444
389445
389446
389975
389976
389977
389978
389981
389984
389985
389986
389987
389988
389989
390528
390529
390530
390532
390533
390534
390535
390536
390537
390538
390539
390540
390541
390542
390543
390544
390545
390546
390547
390548
390549
390551
390553
390554
391080
391081
391082
391083
391084
391085
391086
391087
391088
391089
391090
391091
391092
391093
391094
391095
391096
391097
391098
391099
391100
391101
391102
391103
391104
391105
391106
391107
391623
391624
391625
391626
391627
391628
391629
391630
391631
391632
391633
391634
391635
391636
391637
391638
391639
391640
391642
391643
391644
391645
391646
391647
391648
391649
391650
391651
391652
391653
391654
391655
391656
391657
391658
391659
391660
391661
392174
392175
392176
392177
392178
392179
392180
392181
392182
392183
392184
392185
392186
392187
392188
392189
392190
392191
392192
392193
392194
392195
392196
392197
392198
392199
392200
392201
392202
392203
392204
392205
392723
392724
392725
392726
392727
392728
392729
392730
392731
392732
392733
392734
392735
392736
392737
392738
392739
392740
392741
392742
392743
392744
392745
392746
392747
392748
392749
392750
392751
392752
392753
392754
392755
393255
393256
393257
393258
393259
393260
393261
393262
393263
393264
393265
393266
393267
393268
393269
393270
393271
393272
393273
393274
393275
393276
393277
393278
393789
393790
393791
393792
393793
393794
393795
393796
393797
393798
393799
393800
393801
393802
393803
393804
393805
393806
393807
393808
393809
393810
393811
393812
393813
393814
393821
393822
393823
394336
394337
394338
394339
394340
394341
394342
394343
394344
394345
394346
394347
394348
394349
394350
394351
394352
394355
394363
394364
394859
394860
394861
394862
394863
394864
394870
394871
394872
394873
394874
394875
394876
394878
394882
394883
394884
394888
394889
394890
394891
395398
395399
395400
395401
395407
395408
395409
395410
395411
395412
395417
395418
395419
395420
395421
395426
395427
395428
395429
395430
395962
395963
395964
395965
395971
395972
395974
395975
395976
395977
395978
395979
395980
395981
395982
395983
395984
395985
395992
395993
395994
395995
395996
396494
396495
396496
396497
396498
396499
396500
396507
396508
396509
396511
396512
396514
396515
396518
396519
396520
396521
396523
396525
396526
396527
396528
396529
396530
397024
397025
397026
397033
397034
397035
397036
397037
397044
397045
397046
397047
397048
397049
397050
397053
397054
397055
397056
397057
397058
397539
397540
397541
397542
397543
397544
397545
397546
397547
397553
397554
397555
397556
397557
397564
397565
397566
397567
397568
397569
397570
397571
397572
397573
397574
397575
397576
398077
398078
398079
398080
398081
398082
398083
398084
398085
398086
398087
398088
398089
398091
398092
398093
398094
398095
398103
398104
398106
398107
398108
398109
398110
398111
398626
398627
398628
398629
398630
398631
398632
398633
398634
398635
398636
398637
398638
398639
398642
398643
398651
398652
398654
398655
398656
398657
398658
398659
398660
398661
398666
398667
398668
399191
399192
399193
399194
399195
399196
399197
399198
399199
399205
399211
399212
399213
399214
399215
399216
399217
399218
399219
399221
399222
399225
399226
399227
399228
399229
399717
399718
399719
399720
399721
399722
399723
399724
399728
399729
399730
399735
399736
399737
399738
399739
399740
399741
399742
399750
399752
400236
400237
400238
400239
400240
400241
400242
400243
400244
400245
400246
400247
400251
400252
400253
400254
400255
400256
400262
400263
400264
400265
400266
400733
400734
400735
400736
400737
400738
400740
400741
400742
400743
400744
400747
400749
400750
400751
400752
400753
400754
400755
400756
400761
400762
400763
400764
400765
400766
401238
401239
401240
401241
401242
401243
401244
401245
401246
401247
401248
401249
401250
401251
401252
401256
401257
401258
401259
401260
401261
401262
401264
401265
401266
401267
401268
401269
401270
401740
401741
401743
401744
401746
401747
401748
401749
401750
401751
401752
401753
401754
401755
401756
401757
401758
401759
401761
401762
401763
401764
401765
401766
401767
401768
401769
401770
401771
401772
401773
401774
401775
401776
401777
402238
402239
402240
402241
402242
402243
402244
402245
402246
402247
402248
402249
402250
402251
402252
402253
402254
402255
402256
402259
402260
402261
402262
402263
402264
402265
402266
402267
402268
402270
402271
402272
402273
402274
402275
402276
402745
402746
402747
402748
402749
402750
402751
402752
402753
402754
402755
402756
402757
402758
402759
402760
402761
402764
402765
402766
402767
402768
402769
402770
402771
402772
402773
402774
402777
402778
402779
402780
402781
402782
402783
402784
403233
403234
403235
403236
403237
403238
403239
403240
403241
403242
403243
403244
403245
403246
403247
403248
403249
403250
403251
403252
403253
403254
403255
403256
403257
403258
403259
403261
403262
403263
403264
403265
403266
403267
403268
403269
403706
403707
403708
403709
403710
403711
403712
403713
403714
403715
403716
403717
403718
403719
403720
403721
403722
403723
403724
403725
403726
403727
403728
403729
403730
403731
403732
403733
403734
403735
403736
403737
403738
403739
403740
403741
403742
403743
403744
403745
403746
404185
404186
404187
404188
404189
404190
404191
404192
404193
404194
404195
404197
404198
404199
404200
404201
404202
404203
404204
404205
404206
404207
404208
404209
404210
404211
404212
404213
404214
404215
404216
404638
404640
404641
404642
404643
404644
404645
404646
404647
404648
404649
404650
404651
404652
404653
404654
404655
404656
404657
404658
404659
404660
404661
404662
404663
404664
404665
404666
404667
404668
404669
404670
404671
404672
405097
405098
405099
405100
405101
405102
405103
405104
405105
405106
405107
405108
405109
405110
405111
405112
405113
405114
405115
405116
405117
405118
405120
405124
405125
405126
405127
405128
405129
405130
405131
405132
405133
405134
405135
405136
405547
405549
405551
405552
405553
405554
405555
405556
405557
405558
405559
405560
405561
405562
405563
405564
405565
405566
405567
405568
405569
405570
405574
405575
405576
405577
405578
405579
405580
405581
405582
405583
405584
406005
406006
406007
406008
406009
406010
406011
406012
406013
406014
406015
406016
406017
406018
406021
406022
406023
406024
406025
406026
406032
406033
406034
406035
406036
406037
406038
406039
406040
406041
406465
406466
406467
406468
406469
406470
406471
406472
406473
406474
406479
406480
406481
406482
406486
406487
406488
406489
406490
406491
406492
406493
406494
406495
406902
406903
406904
406906
406907
406908
406909
406910
406914
406915
406916
406917
406918
406919
406920
406926
406927
406928
406929
406930
406931
406932
406933
406934
406935
407337
407338
407339
407340
407341
407342
407343
407344
407351
407352
407353
407362
407363
407364
407365
407366
407367
407368
407369
407371
407771
407773
407774
407778
407788
407789
407790
407791
407800
407801
407802
407803
407804
408257
408258
408259
408260
408261
408708
408709
408710