364654
364655
365154
365155
365156
365157
365158
365159
365160
365633
365634
365635
365636
365637
365638
365639
366103
366104
366105
366106
366107
366108
366109
366110
366111
366112
366113
366573
366574
366575
366576
366577
366578
366579
366580
366581
366582
367060
367061
367062
367063
367066
367067
367068
367069
367070
367071
367076
367077
367570
367571
367572
367573
367574
367575
367576
367577
367578
367579
367580
367581
367582
367583
367584
367585
367588
367589
368068
368069
368070
368071
368072
368073
368074
368075
368076
368077
368078
368079
368080
368082
368083
368084
368085
368086
368087
368088
368089
368575
368576
368577
368578
368579
368580
368581
368582
368583
368584
368585
368586
368588
368589
368590
368591
368592
368593
368594
368595
368596
369075
369076
369077
369078
369079
369080
369081
369082
369083
369084
369085
369086
369087
369088
369089
369091
369092
369093
369094
369095
369096
369097
369098
369099
369100
369101
369552
369553
369554
369555
369556
369557
369558
369559
369560
369561
369562
369563
369564
369565
369566
369567
369568
369569
369570
369571
369572
369573
369574
369575
369576
369577
369578
370029
370030
370031
370032
370033
370034
370035
370036
370037
370039
370040
370041
370042
370043
370045
370046
370047
370048
370052
370053
370054
370055
370519
370520
370521
370522
370523
370524
370525
370526
370527
370528
370529
370530
370531
370532
370535
370536
370542
370543
371016
371017
371018
371019
371020
371021
371022
371023
371024
371028
371029
371033
371039
371040
371041
371523
371524
371525
371526
371527
371528
371529
371530
371531
371532
371533
371535
371546
371547
371551
371552
371553
372039
372040
372041
372042
372043
372044
372045
372046
372047
372048
372059
372060
372061
372062
372063
372064
372065
372066
372067
372539
372540
372541
372542
372543
372544
372545
372546
372547
372548
372549
372550
372557
372558
372559
372560
372561
372562
372563
372564
372565
372566
372567
372568
372569
373051
373052
373053
373054
373055
373056
373057
373058
373059
373060
373061
373062
373063
373064
373068
373069
373070
373071
373072
373073
373074
373075
373076
373077
373596
373597
373598
373599
373600
373601
373602
373604
373605
373606
373607
373608
373609
373610
373611
373612
373613
373614
373615
373616
373617
373618
373619
373620
373621
373622
373623
374143
374144
374145
374146
374147
374148
374149
374150
374151
374152
374153
374155
374156
374157
374158
374159
374160
374161
374162
374163
374164
374165
374166
374167
374168
374169
374170
374171
374172
374173
374174
374175
374715
374716
374717
374718
374719
374720
374721
374722
374723
374724
374725
374730
374731
374732
374733
374734
374735
374736
374737
374738
374739
374740
374741
374742
374743
374744
374745
374746
374747
374748
374749
374750
374751
374752
374753
374754
375290
375291
375292
375293
375294
375295
375296
375297
375298
375299
375300
375301
375302
375303
375304
375310
375311
375312
375313
375314
375315
375316
375317
375318
375319
375320
375321
375322
375323
375324
375325
375326
375327
375329
375330
375332
375333
375883
375884
375885
375886
375887
375889
375890
375891
375892
375893
375894
375895
375898
375901
375902
375903
375904
375905
375906
375908
375909
375910
375911
375912
375913
375914
375915
375916
375917
375919
375920
375921
375922
376489
376490
376491
376493
376494
376495
376496
376497
376498
376499
376500
376501
376502
376503
376505
376506
376507
376508
376509
376512
376513
376514
376515
376516
376517
376518
376519
376520
376521
376522
376523
376524
376525
376526
376527
377090
377091
377092
377093
377094
377095
377096
377097
377098
377099
377100
377101
377102
377103
377104
377105
377106
377107
377108
377109
377110
377111
377112
377115
377116
377117
377118
377119
377120
377121
377122
377123
377124
377125
377126
377127
377128
377129
377130
377680
377681
377682
377683
377684
377685
377686
377687
377688
377689
377690
377691
377692
377693
377694
377695
377696
377697
377698
377699
377700
377701
377702
377703
377704
377705
377706
377708
377709
377711
377712
377713
377714
377715
377716
377717
377718
377719
377720
377721
377722
378229
378230
378231
378232
378233
378234
378235
378236
378237
378238
378239
378241
378242
378243
378245
378246
378247
378248
378249
378250
378251
378252
378253
378254
378255
378259
378262
378263
378264
378265
378266
378267
378268
378269
378270
378271
378272
378764
378765
378766
378767
378768
378769
378770
378771
378772
378773
378774
378775
378776
378777
378778
378779
378781
378782
378783
378784
378785
378786
378787
378788
378789
378790
378791
378792
378793
378794
378796
378797
378798
378799
378800
378801
378802
378803
378804
378805
378806
378807
379309
379310
379311
379318
379319
379320
379321
379322
379323
379325
379326
379327
379328
379329
379330
379331
379332
379333
379334
379335
379336
379337
379340
379341
379342
379343
379344
379345
379346
379347
379348
379349
379350
379351
379352
379353
379876
379877
379878
379883
379884
379885
379886
379887
379889
379890
379891
379892
379893
379894
379895
379896
379897
379898
379899
379900
379901
379902
379906
379907
379908
379909
379910
379911
379912
379913
379914
379915
379916
379917
380447
380448
380449
380450
380456
380457
380458
380459
380460
380461
380462
380463
380464
380465
380466
380467
380472
380474
380475
380478
380479
380480
380481
380482
380483
380484
380485
380486
380487
380488
380489
381019
381020
381021
381025
381026
381027
381028
381029
381030
381031
381032
381033
381034
381035
381036
381037
381038
381042
381048
381049
381050
381051
381052
381053
381054
381055
381056
381597
381598
381599
381600
381601
381603
381604
381605
381606
381607
381608
381609
381610
381611
381612
381613
381614
381615
381616
381617
381631
381632
381633
381634
381635
381636
381637
382150
382151
382152
382153
382154
382155
382156
382157
382158
382159
382160
382161
382162
382163
382164
382165
382166
382167
382168
382169
382170
382171
382172
382173
382174
382175
382190
382191
382192
382193
382194
382195
382196
382690
382691
382692
382693
382694
382695
382696
382697
382698
382699
382700
382701
382702
382703
382704
382705
382706
382707
382708
382709
382710
382711
382712
382729
382730
382731
382732
382733
383275
383276
383277
383278
383279
383280
383281
383282
383283
383285
383286
383287
383288
383289
383290
383291
383292
383293
383294
383295
383296
383297
383308
383309
383310
383311
383312
383313
383849
383850
383851
383852
383853
383854
383855
383856
383859
383860
383861
383862
383863
383864
383865
383866
383877
383878
383879
383880
383881
384423
384424
384425
384426
384431
384432
384433
384434
384447
384448
384449
384450
384451
384990
384991
384992
384993
384994
384997
384998
384999
385001
385016
385017
385018
385019
385020
385535
385536
385537
385538
385539
385543
385544
385545
385546
385547
385548
385566
385569
386094
386095
386096
386097
386103
386104
386105
386106
386107
386108
386109
386110
386111
386638
386639
386640
386641
386642
386648
386649
386650
386651
386652
386653
386654
386655
387184
387185
387186
387190
387735
387740
387741
388296