333328
333329
333330
333331
333332
333333
333334
333335
333340
333804
333805
333806
333807
333808
333809
333810
333811
333814
333815
333816
334256
334257
334258
334260
334261
334262
334263
334264
334265
334266
334267
334268
334722
334723
334724
334726
334727
334728
334729
334730
334731
334732
334733
334734
334735
334736
335181
335182
335183
335184
335185
335186
335187
335188
335189
335190
335191
335192
335193
335194
335195
335196
335632
335633
335634
335635
335636
335637
335638
335639
335641
335642
335643
335644
335645
335646
335647
335648
335649
335650
336094
336095
336096
336097
336099
336100
336102
336103
336104
336105
336106
336107
336108
336109
336110
336111
336570
336571
336572
336574
336575
336576
336577
336578
336579
336580
336581
336582
336583
336584
336585
336586
337058
337059
337060
337061
337062
337063
337064
337065
337066
337067
337068
337069
337070
337071
337072
337073
337074
337574
337575
337576
337577
337578
337579
337580
337581
337582
337583
337584
337585
337586
337587
337588
337589
338109
338110
338111
338112
338113
338114
338115
338116
338117
338118
338119
338120
338121
338122
338123
338653
338654
338655
338656
338657
338658
338659
338660
338661
339183
339184
339185
339186
339187
339188
339189
339190
339707
339708
339709
339710
339711
339712
339713
339714
339715
339716
340233
340234
340235
340236
340237
340238
340239
340240
340241
340242
340770
340771
340772
340773
340774
340775
340776
340777
340778
340781
340782
340783
340786
340787
340792
341316
341317
341318
341319
341320
341321
341322
341323
341324
341325
341326
341327
341328
341329
341332
341333
341334
341337
341338
341806
341821
341822
341823
341824
341825
341826
341827
341828
341829
341830
341831
341832
341833
341834
341835
341836
341837
341838
341839
341840
341841
341842
341843
341844
341845
341846
341847
341848
341849
342332
342333
342334
342345
342346
342351
342352
342353
342354
342355
342356
342357
342358
342359
342360
342361
342362
342363
342364
342365
342366
342367
342368
342369
342370
342371
342372
342373
342374
342375
342376
342377
342378
342379
342380
342381
342382
342383
342870
342871
342872
342873
342874
342875
342877
342885
342886
342887
342888
342889
342890
342891
342892
342893
342894
342895
342896
342897
342898
342899
342900
342901
342902
342903
342904
342905
342906
342907
342908
342909
342910
342911
342912
342913
342914
342915
342916
342917
342918
342919
342920
342921
342922
343430
343431
343434
343435
343436
343437
343438
343443
343444
343445
343446
343447
343448
343449
343450
343451
343452
343453
343454
343455
343456
343457
343458
343459
343460
343461
343462
343463
343464
343465
343466
343467
343468
343469
343470
343471
343472
343473
343474
343475
343476
343477
343478
343479
343480
343481
343482
343483
343484
343485
343486
343989
343990
343991
343992
343993
343997
343998
343999
344004
344005
344006
344007
344008
344009
344010
344011
344012
344013
344014
344015
344016
344017
344018
344019
344020
344021
344022
344023
344024
344025
344026
344027
344028
344029
344030
344031
344033
344034
344035
344036
344037
344038
344039
344040
344041
344042
344043
344044
344045
344046
344051
344547
344552
344553
344554
344555
344556
344557
344558
344560
344561
344562
344563
344564
344565
344566
344567
344568
344569
344570
344571
344572
344573
344574
344575
344576
344577
344578
344579
344580
344581
344582
344585
344586
344587
344588
344589
344590
344591
344592
344593
344594
344595
344596
344597
344598
344599
344602
344603
344604
345084
345085
345086
345087
345088
345089
345091
345092
345093
345094
345095
345096
345097
345098
345099
345100
345101
345102
345103
345104
345105
345106
345107
345108
345109
345110
345111
345112
345113
345114
345115
345116
345117
345118
345119
345120
345123
345124
345125
345126
345127
345128
345129
345130
345131
345132
345133
345134
345135
345136
345137
345138
345139
345140
345141
345142
345143
345648
345649
345650
345651
345652
345654
345655
345656
345657
345658
345659
345660
345661
345662
345663
345664
345665
345666
345667
345668
345669
345670
345671
345672
345673
345674
345675
345678
345679
345680
345685
345686
345687
345688
345689
345690
345691
345692
345693
345694
345695
345696
345697
345698
345700
345701
345702
345703
345704
345705
345706
345707
345708
346186
346187
346188
346189
346190
346191
346194
346195
346196
346197
346198
346199
346200
346201
346202
346203
346204
346205
346206
346207
346208
346209
346210
346211
346212
346213
346214
346215
346216
346217
346221
346222
346227
346228
346229
346230
346231
346232
346233
346234
346235
346236
346237
346238
346239
346240
346241
346242
346243
346244
346245
346246
346247
346248
346732
346733
346734
346735
346736
346739
346740
346741
346742
346743
346744
346745
346746
346747
346748
346749
346750
346751
346752
346753
346754
346755
346756
346757
346758
346759
346760
346764
346765
346770
346771
346772
346773
346774
346775
346776
346777
346778
346779
346780
346781
346782
346783
346785
346786
346787
346788
346789
346790
346791
347291
347294
347295
347296
347297
347298
347299
347300
347301
347302
347303
347304
347305
347306
347307
347308
347309
347310
347311
347312
347313
347314
347322
347323
347324
347325
347326
347327
347328
347329
347330
347331
347332
347333
347334
347335
347336
347337
347338
347339
347340
347341
347342
347343
347861
347862
347863
347864
347865
347866
347867
347868
347869
347870
347871
347872
347873
347874
347875
347876
347877
347878
347879
347880
347881
347882
347883
347884
347885
347898
347899
347900
347901
347902
347903
347904
347905
347906
347907
347908
347909
347910
347913
347914
347915
348437
348438
348439
348440
348441
348442
348443
348444
348446
348447
348448
348449
348450
348451
348452
348453
348454
348455
348456
348457
348458
348459
348460
348461
348476
348477
348479
348480
348481
348482
348483
348484
348485
348486
348488
348489
349035
349036
349037
349038
349039
349040
349041
349042
349045
349046
349047
349048
349049
349050
349051
349052
349053
349054
349055
349056
349057
349058
349059
349060
349076
349077
349078
349079
349080
349081
349082
349083
349084
349085
349086
349087
349088
349089
349653
349654
349655
349656
349657
349658
349661
349662
349663
349664
349665
349666
349667
349668
349669
349670
349671
349672
349673
349674
349675
349676
349690
349691
349692
349693
349694
349695
349697
349698
349699
349700
350251
350253
350254
350255
350256
350260
350261
350262
350263
350264
350265
350266
350267
350268
350269
350270
350271
350272
350285
350286
350287
350288
350289
350294
350295
350296
350833
350838
350839
350840
350841
350842
350843
350844
350845
350859
350860
350861
351411
351412
351413
351414
351431
351975
351976
351977
351978
352537
352538
352539
352540
352541
353097
353098
353099
353100
353101
353686
353687
353688
353689
353690
353691
353692
353693
354257
354258
354259
354260
354261
354850
354851
354852
354853
354854
354855
354856
355459
355460
355461
355462
355463
355464
355465
355466
356051
356052
356053
356054
356055
356634
356635
357200
357201
357759
357760
358305
358306
358841
359374