369860
370362
370866
370867
370868
370869
371363
371364
371365
371366
371367
371368
371369
371370
371870
371871
371872
371873
371874
371875
371876
371877
371878
372380
372381
372382
372383
372384
372385
372890
372891
372892
372893
372894
372895
372896
372897
372917
372918
373419
373420
373421
373422
373423
373424
373425
373426
373449
373959
373960
373961
373962
373963
373964
373965
373989
374528
374529
374530
374531
374532
374533
374534
374535
374558
374559
374560
375112
375113
375114
375115
375116
375117
375118
375119
375120
375139
375140
375141
375142
375143
375144
375703
375704
375705
375706
375707
375708
375709
375710
375711
375712
375727
375729
375730
375731
375732
375733
375734
376298
376299
376300
376301
376302
376303
376304
376305
376306
376307
376308
376309
376310
376311
376312
376313
376314
376315
376316
376317
376318
376329
376330
376334
376335
376336
376337
376909
376910
376911
376912
376913
376914
376915
376916
376917
376918
376919
376920
376921
376922
376923
376924
376925
376926
376927
376928
376932
376933
376938
376939
376940
376941
376942
376943
377507
377508
377509
377510
377511
377512
377513
377514
377515
377516
377517
377518
377519
377520
377521
377522
377523
377524
377525
377526
377527
377528
377529
377533
377534
377539
377540
377541
377542
377543
377544
377545
377546
377547
378069
378070
378071
378072
378073
378074
378075
378076
378077
378078
378079
378080
378081
378082
378083
378084
378085
378086
378087
378088
378089
378090
378091
378092
378093
378094
378095
378096
378097
378098
378099
378100
378101
378102
378103
378104
378105
378106
378107
378108
378619
378620
378621
378622
378623
378624
378625
378626
378627
378628
378629
378630
378631
378632
378633
378634
378635
378636
378637
378638
378639
378640
378641
378642
378643
378644
378645
378646
378647
378648
378649
378650
378651
379156
379157
379158
379159
379160
379161
379162
379163
379164
379165
379166
379167
379168
379169
379170
379171
379172
379173
379174
379175
379176
379177
379178
379179
379180
379181
379182
379183
379184
379185
379186
379712
379713
379715
379716
379717
379718
379719
379720
379721
379722
379723
379724
379725
379726
379727
379728
379729
379730
379731
379732
379733
379734
379735
379736
379737
379738
379739
379740
379741
380280
380281
380282
380283
380284
380285
380286
380287
380288
380289
380290
380291
380292
380293
380294
380295
380296
380297
380298
380299
380300
380301
380302
380303
380304
380305
380306
380307
380308
380309
380310
380311
380856
380857
380858
380859
380860
380861
380862
380863
380864
380865
380866
380867
380868
380869
380870
380871
380872
380873
380874
380875
380876
380877
380878
380879
380880
380881
380882
380883
380884
380885
380886
380887
381444
381445
381446
381449
381450
381451
381452
381453
381454
381455
381456
381457
381458
381459
381460
381461
381462
381463
381464
381465
381466
381467
381468
381469
381470
382007
382008
382009
382011
382012
382013
382014
382015
382016
382017
382018
382019
382020
382021
382022
382023
382024
382025
382031
382032
382033
382034
382035
382036
382548
382549
382550
382551
382552
382553
382554
382555
382556
382557
382558
382559
382560
382561
382562
382563
382564
382565
382566
382567
382568
382569
382580
382581
383120
383121
383122
383123
383124
383125
383126
383127
383128
383129
383130
383131
383132
383133
383134
383135
383136
383137
383138
383139
383149
383681
383682
383683
383684
383685
383686
383687
383688
383689
383690
383691
383692
383693
383694
383695
383696
383697
383698
383699
383700
383701
383702
383703
383704
383705
384261
384262
384263
384264
384265
384266
384267
384268
384269
384270
384271
384272
384273
384274
384275
384276
384277
384278
384279
384280
384281
384282
384830
384831
384832
384833
384834
384835
384836
384837
384838
384839
384840
384841
384842
384843
384844
384845
384847
384848
384850
384851
385384
385385
385386
385387
385388
385389
385391
385392
385393
385394
385395
385396
385397
385398
385399
385400
385948
385949
385950
385951
385952
385953
385954
385955
385956
385957
385958
385959
385960
385961
385962
386497
386498
386499
386500
386501
386502
386503
386504
386505
386507
387048
387049
387050
387051
387052
387053
387054
387055
387056
387057
387059
387060
387061
387602
387603
387604
387605
387606
387607
387608
387609
387610
387611
387613
387614
387615
388160
388161
388162
388163
388164
388165
388166
388167
388168
388169
388170
388171
388172
388173
388174
388720
388721
388722
388723
388724
388725
388726
388727
388728
388729
388730
388731
388732
388733
389261
389262
389263
389264
389265
389266
389267
389268
389269
389270
389271
389272
389273
389274
389808
389809
389810
389811
389812
389813
389814
389815
389816
389817
389818
389819
389820
390357
390358
390359
390360
390361
390362
390363
390364
390365
390366
390367
390368
390904
390905
390906
390907
390908
390909
390910
390911
390912
390913
390914
390915
390916
390917
390918
390919
390920
390922
390923
390924
391454
391455
391456
391457
391458
391459
391460
391461
391462
391463
391464
391465
391466
391467
391468
391469
391470
391472
391473
391474
392006
392007
392008
392009
392010
392011
392012
392013
392014
392015
392016
392017
392018
392019
392020
392021
392022
392023
392024
392025
392026
392027
392028
392029
392031
392032
392033
392562
392563
392564
392565
392566
392567
392568
392569
392570
392571
392572
392573
392574
392575
392576
392577
392578
392579
392580
392581
392582
392583
392584
392585
392586
392587
392588
392589
392590
392591
393085
393086
393087
393088
393089
393090
393091
393092
393093
393094
393095
393096
393097
393098
393099
393101
393102
393103
393104
393105
393106
393107
393108
393109
393110
393111
393112
393113
393114
393612
393613
393614
393615
393616
393617
393618
393619
393620
393621
393622
393623
393624
393625
393626
393627
393628
393629
393630
393631
393632
393633
393634
393635
393636
393637
393638
393639
394145
394146
394147
394148
394149
394150
394151
394152
394153
394154
394155
394156
394157
394158
394159
394160
394161
394162
394163
394164
394165
394166
394167
394168
394169
394170
394171
394172
394173
394175
394671
394672
394673
394674
394675
394676
394677
394678
394679
394680
394681
394682
394683
394684
394685
394686
394687
394688
394689
394690
394691
394692
394693
394694
395202
395203
395204
395205
395206
395207
395208
395209
395210
395211
395212
395213
395214
395215
395216
395217
395218
395219
395220
395221
395222
395223
395224
395225
395226
395746
395747
395748
395749
395750
395751
395752
395753
395754
395755
395756
395757
395758
395759
395760
395761
395762
395763
395764
395765
395766
395767
395768
396312
396313
396314
396315
396316
396317
396318
396319
396320
396321
396322
396323
396324
396325
396326
396327
396328
396329
396330
396842
396843
396844
396845
396846
396847
396848
396849
396850
396851
396852
396853
396854
396855
397368
397369
397370
397373
397374
397375
397893
397894
397895
397896
397898
397899
397900
398434
398435
398436
398437
398438
399002
399003
399004
399005
399006
399007
399543
399544
399545
399546
400062
400063