439994
440376
440377
440767
440768
441136
441137
441531
441532
441895
441896
441897
441898
442237
442238
442239
442595
442597
442598
442953
442954
442955
442956
442957
442958
443333
443334
443335
443336
443337
443338
443339
443340
443341
443714
443715
443716
443718
443719
444083
444084
444085
444086
444088
444089
444090
444119
444120
444121
444452
444453
444454
444455
444456
444457
444458
444459
444460
444467
444484
444485
444486
444808
444809
444810
444811
444812
444813
444814
444815
444816
444817
444818
444820
444821
444841
444842
444843
445174
445175
445176
445177
445178
445179
445180
445181
445182
445183
445184
445185
445186
445187
445188
445208
445209
445210
445537
445538
445539
445540
445541
445542
445543
445544
445545
445546
445547
445548
445549
445550
445551
445552
445554
445574
445575
445576
445577
445578
445910
445911
445912
445913
445914
445915
445916
445917
445918
445919
445920
445921
445922
445923
445924
445925
445926
445927
445929
445942
445943
445944
445945
446270
446271
446272
446273
446274
446275
446276
446277
446278
446279
446280
446281
446282
446283
446284
446285
446286
446287
446288
446289
446290
446291
446292
446293
446294
446306
446307
446308
446309
446310
446627
446628
446629
446630
446631
446632
446633
446634
446635
446636
446637
446638
446639
446640
446641
446642
446643
446644
446645
446646
446647
446656
446657
446658
446659
446660
446661
446961
446962
446963
446964
446965
446966
446967
446968
446969
446970
446971
446972
446973
446974
446975
446976
446977
446978
446979
446987
446988
446989
446990
446991
447275
447276
447277
447278
447279
447280
447281
447282
447283
447284
447285
447286
447287
447288
447289
447290
447291
447292
447293
447294
447295
447296
447297
447301
447302
447303
447304
447305
447306
447579
447580
447581
447582
447583
447584
447585
447586
447587
447588
447589
447590
447591
447592
447593
447594
447595
447596
447597
447598
447599
447600
447601
447602
447603
447604
447605
447606
447607
447608
447609
447610
447611
447894
447895
447896
447898
447899
447900
447901
447902
447903
447904
447905
447906
447907
447908
447909
447910
447911
447912
447913
447914
447915
447916
447917
447918
447919
447920
447922
447923
447924
447925
447926
447927
447928
447929
447930
447931
447932
447933
447934
447935
447936
447937
447938
447939
448221
448222
448223
448224
448225
448226
448227
448228
448229
448230
448231
448232
448233
448234
448235
448236
448237
448238
448239
448240
448241
448242
448243
448244
448245
448246
448247
448248
448249
448250
448251
448252
448253
448254
448255
448256
448257
448258
448259
448260
448261
448262
448264
448265
448266
448267
448268
448551
448553
448554
448555
448556
448557
448558
448559
448560
448561
448562
448563
448564
448565
448566
448567
448568
448569
448570
448571
448572
448573
448574
448575
448576
448577
448578
448579
448580
448581
448582
448583
448584
448585
448586
448587
448588
448589
448590
448591
448875
448876
448877
448878
448879
448880
448881
448882
448883
448884
448885
448886
448887
448888
448889
448890
448891
448892
448893
448894
448895
448896
448897
448898
448899
448900
448901
448902
448903
448904
448905
448906
448907
448908
448909
448910
448911
448912
448913
448914
448915
448916
448917
449196
449197
449198
449199
449200
449201
449202
449203
449204
449205
449206
449207
449208
449209
449210
449211
449212
449213
449214
449215
449216
449217
449218
449219
449220
449221
449222
449223
449224
449225
449226
449227
449228
449229
449230
449231
449232
449233
449234
449235
449236
449523
449524
449525
449526
449527
449528
449529
449530
449531
449532
449533
449534
449535
449536
449537
449538
449539
449540
449541
449542
449543
449544
449545
449546
449547
449548
449549
449550
449551
449552
449553
449554
449555
449556
449557
449558
449559
449560
449855
449856
449857
449858
449859
449860
449861
449862
449863
449864
449865
449866
449867
449868
449869
449870
449871
449872
449873
449874
449875
449876
449877
449878
449879
449880
449881
449882
449883
449884
449885
450196
450197
450198
450199
450200
450201
450202
450203
450204
450205
450206
450207
450208
450209
450210
450211
450212
450213
450214
450215
450216
450217
450218
450219
450220
450542
450543
450544
450545
450546
450547
450548
450549
450550
450551
450552
450553
450554
450555
450556
450557
450558
450559
450560
450561
450562
450563
450564
450565
450566
450567
450861
450862
450863
450864
450865
450866
450867
450868
450869
450870
450871
450872
450873
450874
450875
450876
450877
450878
450879
450880
450881
450882
450883
450884
450885
450886
450887
450888
451191
451192
451193
451194
451195
451196
451197
451198
451199
451200
451201
451202
451203
451204
451205
451206
451207
451208
451209
451210
451211
451212
451213
451518
451519
451520
451521
451522
451523
451524
451525
451526
451527
451528
451529
451530
451531
451532
451533
451835
451836
451838
451839
451840
451841
451842
451843
451844
451845
451846
451847
451848
451849
451850
452163
452166
452167
452168
452169
452170
452171
452172
452173
452174
452175
452176
452177
452478
452479
452480
452481
452482
452483
452484
452485
452486
452487
452488
452489
452490
452491
452492
452813
452814
452815
452816
452817
452818
452819
452820
452821
452822
452823
452824
452825
452826
452827
453150
453151
453152
453153
453154
453155
453156
453157
453158
453159
453160
453161
453162
453163
453164
453165
453166
453167
453477
453478
453479
453480
453481
453482
453483
453484
453485
453486
453487
453488
453489
453490
453491
453492
453493
453794
453795
453796
453797
453798
453799
453800
453801
453802
453803
453804
453805
453806
453807
453808
453809
453810
453811
453812
454105
454106
454107
454108
454109
454110
454111
454112
454113
454114
454115
454116
454117
454118
454119
454120
454121
454415
454416
454417
454418
454419
454420
454421
454422
454423
454424
454425
454426
454427
454428
454429
454430
454431
454733
454734
454735
454736
454737
454738
454739
454740
454741
454742
454743
454744
454745
454746
454747
455041
455042
455043
455044
455045
455046
455047
455048
455049
455050
455051
455052
455053
455054
455055
455356
455357
455358
455359
455360
455361
455362
455363
455364
455365
455366
455367
455368
455369
455370
455693
455694
455695
455696
455697
455698
455699
455700
455701
455702
455703
455704
455705
455706
455707
455708
455709
455710
455711
455712
455713
456050
456051
456052
456053
456054
456055
456056
456057
456058
456059
456060
456061
456062
456063
456064
456065
456066
456067
456068
456069
456070
456071
456072
456399
456400
456401
456402
456403
456404
456405
456406
456407
456408
456409
456410
456411
456412
456413
456414
456415
456416
456417
456418
456737
456738
456739
456740
456741
456742
456743
456744
456745
456746
456747
456748
456749
456750
456751
456752
456753
456754
456755
456756
457060
457061
457062
457063
457064
457065
457066
457067
457068
457069
457070
457072
457073
457074
457075
457373
457374
457375
457376
457377
457378
457379
457380
457381
457382
457383
457388
457389
457692
457693
457694
457695
457696
457707
457708
457709
457997
457998
457999