126411
126412
126960
126961
126962
126963
126964
126965
127493
127494
127495
127496
127497
127498
127499
128021
128022
128023
128024
128025
128026
128027
128028
128537
128538
128539
128540
128541
128542
128544
129020
129021
129022
129023
129024
129025
129026
129027
129028
129034
129035
129538
129539
129540
129541
129542
129543
129544
129545
129550
129551
130064
130065
130066
130067
130068
130069
130070
130071
130072
130074
130076
130077
130078
130575
130576
130577
130578
130579
130581
130582
130583
130584
130585
130586
130587
130588
130589
130590
130591
131085
131086
131087
131088
131089
131090
131091
131092
131093
131094
131095
131096
131097
131098
131099
131100
131599
131603
131604
131605
131606
131607
131608
131609
131610
131611
132125
132126
132127
132128
132129
132130
132131
132132
132648
132649
132650
132651
132652
132653
132654
132655
132656
132657
133192
133193
133194
133195
133196
133197
133198
133199
133200
133201
133754
133756
133757
133758
133759
133760
133761
133762
133763
133764
134340
134341
134342
134343
134344
134345
134346
134348
134349
134350
134930
134931
134932
134933
134934
134935
135542
135543
135544
136149
136150
136751
136752
137342
137343
137344
137345
137909
137910
137911
138500
138501
138502
138503
138504
138505
139090
139091
139092
139093
139094
139095
139694
139695
139696
139697
139698
139699
140315
140316
140317
140318
140927
140928
140929
140930
140931
140932
141502
141514
141515
141516
141517
141518
142076
142077
142078
142079
142080
142093
142094
142095
142644
142645
142646
142647
142663
142664
142665
143196
143197
143198
143199
143200
143201
143203
143204
143223
143762
143763
143764
143765
143766
143767
143768
143769
143770
143787
144282
144283
144284
144285
144286
144287
144288
144289
144290
144302
144304
144831
144832
144833
144834
144835
144836
144837
144838
144839
144851
144852
144853
144854
144856
144857
145400
145406
145407
145408
145409
145410
145411
145420
145421
145422
145423
145424
145425
145426
145959
145960
145961
145965
145966
145967
145968
145969
145970
145971
145972
145973
145974
145975
145976
145982
145985
145986
145987
145988
145989
145990
145991
145992
145993
146520
146522
146523
146526
146527
146528
146529
146530
146531
146532
146533
146534
146535
146536
146537
146538
146539
146540
146541
146544
146545
146547
146548
146549
146550
146551
146552
146553
147063
147064
147065
147066
147067
147068
147069
147070
147071
147072
147073
147074
147075
147076
147077
147078
147079
147080
147081
147082
147083
147084
147085
147086
147088
147089
147090
147091
147092
147093
147094
147095
147096
147616
147617
147618
147619
147620
147621
147622
147623
147624
147625
147626
147627
147628
147629
147630
147631
147632
147633
147634
147635
147638
147640
147641
147642
147643
147644
147645
148134
148135
148148
148149
148150
148151
148152
148153
148154
148155
148156
148157
148158
148159
148160
148161
148162
148163
148164
148165
148166
148167
148168
148169
148170
148171
148172
148173
148174
148175
148692
148693
148694
148695
148696
148704
148705
148706
148707
148708
148709
148710
148711
148712
148713
148714
148715
148716
148717
148718
148719
148720
148721
148722
148723
148724
148725
148726
148727
148728
148729
148730
148731
149212
149213
149214
149215
149220
149221
149222
149223
149224
149225
149226
149227
149228
149229
149230
149231
149232
149233
149234
149235
149236
149237
149238
149239
149240
149241
149242
149243
149244
149245
149246
149247
149248
149751
149752
149753
149754
149755
149756
149757
149758
149759
149760
149761
149762
149763
149764
149765
149766
149767
149768
149769
149770
149771
149772
149773
149774
149775
149776
149777
149778
149779
150287
150288
150289
150290
150291
150292
150294
150295
150296
150297
150298
150299
150300
150301
150302
150303
150304
150305
150306
150307
150308
150309
150310
150311
150312
150313
150316
150317
150318
150319
150320
150321
150322
150815
150816
150817
150818
150819
150820
150821
150822
150823
150825
150826
150827
150828
150829
150830
150831
150832
150833
150834
150835
150836
150837
150838
150839
150840
150841
150842
150843
150844
150845
150848
150849
150850
150851
150852
150853
150854
150855
151361
151362
151363
151366
151367
151368
151369
151370
151371
151372
151373
151374
151375
151376
151377
151378
151379
151380
151381
151382
151383
151384
151385
151386
151387
151388
151389
151390
151391
151392
151393
151394
151395
151396
151397
151398
151926
151927
151928
151931
151932
151933
151934
151935
151936
151937
151938
151939
151940
151941
151942
151943
151944
151945
151946
151947
151948
151949
151950
151951
151952
151953
151954
151955
151956
151957
151958
151959
151960
151961
151962
151963
151964
151965
151966
151967
152494
152496
152497
152498
152500
152502
152503
152504
152505
152506
152507
152508
152509
152510
152511
152512
152513
152514
152515
152516
152517
152518
152519
152520
152521
152522
152523
152524
152525
152526
152527
152528
152529
152530
152531
152532
152533
152534
153031
153032
153033
153034
153035
153036
153037
153038
153039
153040
153041
153042
153043
153044
153045
153046
153047
153048
153049
153050
153051
153052
153053
153054
153055
153056
153057
153058
153059
153061
153062
153063
153064
153065
153066
153067
153068
153564
153565
153566
153567
153568
153569
153570
153571
153572
153573
153574
153575
153576
153577
153578
153579
153580
153581
153582
153583
153584
153585
153586
153587
153588
153589
153590
153592
153593
153594
153595
153598
153599
153600
153601
153602
153603
154078
154079
154081
154082
154083
154084
154085
154086
154087
154088
154089
154090
154091
154092
154093
154094
154095
154096
154097
154098
154099
154100
154101
154102
154103
154104
154105
154106
154107
154108
154109
154110
154111
154112
154113
154114
154115
154116
154117
154118
154119
154120
154592
154593
154594
154595
154596
154597
154598
154599
154600
154601
154602
154603
154604
154605
154606
154607
154608
154610
154611
154612
154613
154614
154615
154616
154617
154618
154619
154620
154621
154622
154623
154624
154625
154626
154627
154628
154629
154630
154631
154632
154633
155096
155097
155098
155099
155100
155101
155102
155103
155104
155105
155107
155108
155109
155110
155111
155112
155113
155114
155115
155116
155117
155120
155121
155122
155123
155576
155577
155578
155579
155580
155581
155582
155583
155584
155585
155586
155587
155588
155589
155590
155591
155592
155593
155594
155598
155599
156035
156036
156037
156038
156039
156040
156042
156043
156044
156045
156046
156047
156048
156049
156050
156051
156052
156053
156054
156055
156057
156506
156507
156508
156509
156510
156512
156513
156514
156515
156516
156517
156518
156519
156520
156521
156522
156523
156524
156994
156995
156996
156997
156998
156999
157000
157001
157002
157003
157004
157005
157006
157007
157008
157009
157010
157487
157488
157489
157490
157491
157492
157493
157494
157495
157496
157497
157498
157499
157500
157501
157502
157975
157976
157978
157979
157980
157981
157982
157983
158474
158475
158941
158942
158943
159383
159384
159811
159812
159813
159814
160248