76984
76985
76986
76987
77540
77541
77543
77544
78116
78117
78118
78119
78133
78134
78695
78696
78697
78698
78702
78703
78710
78711
78712
78713
78714
79288
79289
79290
79291
79294
79295
79296
79298
79303
79304
79305
79875
79876
79877
79878
79879
79880
79881
79883
79884
79885
79886
79887
79888
79889
79891
79892
79893
79894
80465
80466
80467
80468
80469
80470
80472
80473
80474
80475
80476
80477
80478
80479
80480
80481
81035
81036
81048
81049
81050
81051
81052
81053
81054
81055
81057
81058
81059
81060
81061
81062
81063
81064
81065
81066
81067
81068
81070
81075
81587
81588
81596
81597
81598
81601
81602
81604
81605
81606
81607
81608
81609
81610
81611
81612
81613
81614
81615
81616
81617
81618
81619
81620
81621
81622
82161
82162
82163
82164
82165
82166
82167
82168
82169
82170
82171
82172
82173
82174
82178
82179
82180
82181
82182
82183
82184
82187
82188
82189
82190
82191
82192
82193
82194
82195
82196
82197
82198
82199
82200
82201
82202
82203
82204
82205
82206
82211
82213
82752
82753
82754
82755
82756
82757
82758
82759
82760
82761
82762
82763
82764
82765
82766
82767
82768
82769
82770
82775
82776
82777
82778
82779
82780
82781
82782
82783
82784
82785
82786
82789
82790
82791
82792
82793
82794
82795
82796
82797
82798
82799
82800
82801
82802
82803
82804
82805
82806
82811
82812
82813
82814
82815
82816
83340
83341
83342
83343
83344
83345
83346
83347
83348
83349
83350
83351
83352
83353
83354
83355
83356
83357
83358
83362
83363
83364
83365
83366
83367
83368
83369
83370
83371
83372
83373
83375
83376
83377
83378
83379
83380
83381
83382
83383
83384
83385
83386
83387
83388
83389
83390
83391
83392
83393
83394
83395
83396
83397
83398
83399
83400
83401
83402
83403
83404
83405
83406
83909
83910
83911
83912
83913
83914
83915
83916
83917
83918
83919
83920
83921
83922
83923
83924
83925
83926
83927
83933
83935
83936
83937
83938
83939
83940
83941
83942
83943
83944
83945
83946
83947
83948
83952
83953
83954
83955
83956
83957
83958
83959
83960
83961
83962
83963
83964
83965
83966
83967
83968
83969
83970
83971
83972
83973
83974
84476
84477
84478
84479
84480
84481
84482
84483
84484
84485
84486
84487
84488
84489
84490
84491
84492
84493
84498
84499
84503
84505
84506
84507
84508
84509
84510
84511
84512
84513
84514
84517
84518
84519
84520
84521
84522
84523
84524
84525
84526
84527
84528
84529
84530
84531
84532
84533
84534
84535
84536
84537
84538
84539
84540
84541
85049
85050
85051
85052
85053
85054
85055
85056
85057
85058
85059
85060
85061
85062
85063
85064
85067
85068
85069
85070
85073
85076
85077
85078
85079
85080
85081
85082
85083
85086
85087
85088
85089
85090
85091
85092
85093
85094
85095
85096
85097
85098
85099
85100
85101
85102
85103
85104
85105
85106
85107
85108
85109
85110
85111
85112
85113
85628
85629
85630
85631
85632
85633
85634
85635
85636
85637
85638
85639
85640
85641
85642
85643
85644
85645
85646
85647
85648
85649
85650
85651
85652
85653
85661
85662
85663
85666
85667
85668
85669
85670
85671
85672
85673
85674
85675
85676
85677
85678
85679
85680
85681
85682
85683
85684
85685
85686
85687
85688
85689
85690
86186
86187
86188
86189
86190
86191
86192
86193
86194
86195
86196
86197
86198
86199
86200
86201
86202
86203
86204
86205
86206
86207
86209
86210
86211
86223
86224
86225
86226
86227
86230
86231
86232
86233
86234
86235
86236
86237
86238
86239
86240
86241
86242
86243
86244
86245
86246
86247
86248
86249
86746
86747
86748
86749
86750
86751
86752
86753
86754
86755
86756
86757
86758
86759
86760
86761
86762
86763
86764
86765
86766
86767
86768
86769
86779
86780
86781
86782
86783
86784
86785
86786
86787
86788
86789
86790
86791
86792
86793
86794
86795
86796
86797
86798
86799
86800
86801
86802
86803
87288
87289
87290
87291
87293
87294
87295
87296
87297
87298
87299
87300
87301
87302
87303
87304
87305
87306
87307
87308
87309
87310
87311
87329
87330
87331
87335
87336
87339
87340
87341
87342
87343
87344
87345
87346
87347
87348
87349
87350
87811
87812
87813
87816
87817
87818
87819
87820
87821
87822
87823
87824
87825
87826
87827
87828
87829
87830
87831
87832
87833
87834
87851
87855
87859
87860
87861
87862
87863
87864
87865
87866
87867
87868
87869
88325
88328
88329
88333
88334
88335
88336
88337
88338
88339
88340
88341
88342
88343
88344
88345
88346
88347
88348
88349
88350
88375
88376
88377
88378
88379
88380
88381
88382
88383
88845
88846
88847
88848
88849
88850
88853
88854
88855
88856
88857
88858
88859
88860
88861
88862
88863
88864
88865
88866
88867
88868
88869
88870
88871
88872
88897
88898
88899
88900
88901
88902
88903
88904
89352
89353
89354
89359
89360
89361
89362
89363
89364
89365
89366
89367
89368
89369
89370
89371
89372
89373
89374
89375
89376
89377
89401
89402
89403
89404
89405
89406
89407
89408
89409
89887
89888
89891
89892
89893
89894
89895
89896
89897
89898
89899
89900
89901
89902
89903
89904
89905
89906
89907
89908
89937
89938
89939
89940
89941
89942
89943
90415
90416
90422
90423
90424
90425
90426
90427
90428
90429
90430
90431
90432
90433
90434
90435
90436
90437
90438
90439
90466
90467
90468
90469
90470
90471
90472
90473
90966
90967
90968
90969
90970
90975
90976
90977
90978
90979
90980
90981
90982
90983
90984
90986
90987
90988
90989
90990
91016
91017
91018
91019
91020
91021
91536
91537
91542
91543
91544
91545
91546
91547
91548
91549
91550
91551
91552
91553
91554
91555
91556
91583
91584
91585
91586
91587
91588
91589
91590
91591
91592
92105
92106
92109
92110
92111
92112
92113
92114
92115
92116
92117
92118
92119
92120
92121
92122
92123
92147
92148
92149
92150
92151
92152
92156
92157
92158
92159
92685
92686
92688
92689
92690
92691
92692
92693
92694
92695
92696
92697
92698
92699
92700
92722
92723
92724
92730
92731
92732
92733
93265
93266
93268
93269
93270
93271
93272
93273
93274
93275
93276
93277
93278
93279
93280
93281
93282
93283
93308
93315
93886
93891
93892
93893
93894
93895
93896
93897
93898
93899
93900
93901
93902
93903
93904
93905
94505
94506
94507
94508
94509
94510
94511
94513
94514
94515
94516
94517
94518
94519
95130
95131
95132
95133
95138
95139
95789
95790
95791
95792
95793
95794
95801
96428
96429
96430
97078
97079
97080