136412
136413
136414
137007
137008
137009
137010
137011
137012
137013
137014
137015
137016
137598
137599
137600
137601
137602
137603
137604
137605
137606
138171
138175
138176
138177
138178
138179
138180
138181
138182
138183
138184
138759
138763
138764
138765
138766
138767
138768
138769
138770
139344
139345
139350
139351
139352
139353
139354
139355
139356
139357
139358
139359
139360
139361
139944
139945
139946
139947
139952
139953
139954
139955
139956
139957
139958
139959
139960
139961
139962
140545
140546
140547
140548
140549
140550
140552
140553
140554
140555
140556
140557
140558
140559
140560
140561
140562
140563
140564
141148
141149
141150
141151
141152
141153
141154
141155
141156
141157
141158
141159
141160
141161
141162
141163
141164
141165
141166
141721
141722
141723
141724
141725
141726
141727
141728
141729
141730
141731
141732
141733
141734
141735
141736
141737
141738
141739
141740
142286
142287
142288
142289
142290
142291
142292
142293
142294
142295
142296
142297
142298
142299
142300
142301
142302
142303
142304
142305
142306
142307
142851
142852
142853
142854
142855
142856
142857
142858
142859
142860
142861
142865
142866
142867
142868
142869
142870
143415
143416
143417
143418
143419
143420
143424
143425
143426
143427
143428
143429
143962
143963
143964
143965
143966
143967
143968
143969
143970
143975
143976
144491
144492
144493
144494
144495
144496
144497
144498
144499
144500
144501
144506
144507
144508
145040
145041
145042
145043
145044
145045
145046
145047
145048
145049
145050
145054
145055
145056
145057
145058
145598
145602
145603
145604
145606
145607
145608
145609
145610
145611
145612
145613
145618
145619
145620
145621
145622
146161
146162
146163
146164
146165
146166
146168
146170
146171
146172
146173
146174
146175
146176
146177
146178
146179
146180
146181
146186
146187
146188
146189
146732
146733
146734
146735
146736
146737
146738
146739
146740
146741
146742
146743
146744
146745
146746
146747
146748
146749
146750
146751
146752
146753
146754
146755
146756
146757
146758
146759
146760
147284
147285
147286
147287
147288
147289
147290
147291
147292
147293
147294
147295
147296
147297
147298
147299
147300
147301
147302
147303
147304
147305
147306
147307
147308
147309
147310
147832
147833
147834
147835
147836
147837
147838
147839
147840
147841
147842
147843
147844
147845
147846
147847
147848
147849
147850
147851
147852
147853
147854
147855
148376
148377
148378
148379
148380
148381
148382
148383
148384
148385
148386
148387
148388
148389
148390
148391
148392
148393
148394
148395
148396
148397
148398
148918
148919
148920
148921
148922
148923
148924
148925
148926
148927
148928
148929
148930
148931
148932
148933
148934
148935
148936
148937
148938
148939
148940
148941
148942
149462
149464
149465
149467
149468
149469
149470
149471
149472
149473
149474
149475
149476
149477
149478
149479
150004
150005
150006
150007
150008
150009
150010
150011
150012
150537
150538
150539
150540
150541
151064
151065
151066
151067
151068
151069
151070
151071
151608
151609
151610
151611
151612
151613
151614
151615
151616
151617
151618
152178
152179
152180
152181
152182
152183
152184
152185
152186
152735
152737
152738
152739
152740
152741
152742
152743
152744
153267
153268
153269
153270
153271
153792
153793
153794
153795
153796
153797
153798
154314
154315
154316
154317
154318
154319
154320
154821
154822
154823
154824
154825
154826
155308
155309
155773
155774
156223
156224
156225
156702
156703
156704
156705
156706
156707
156712
157198
157199
157200
157201
157202
157206
157671
157672
157673
157674
157675
157676
157677
157678
157679
157681
157682
158155
158156
158157
158158
158159
158160
158161
158162
158163
158164
158165
158166
158636
158637
158638
158639
158640
158641
158642
158643
158644
158645
158646
158647
159094
159095
159096
159097
159099
159100
159101
159526
159527
159528
159529
159530
159531
159532
159533
159534
159535
159970
159971
159972
159973
159974
159975
159976
159977
159978
159979
160402
160403
160404
160405
160406
160407
160834
160835
160836
160837
160838
160839
160840
160841
160842
161288
161289
161290
161291
161292
161293
161294
161295
161296
161297
161298
161299
161300
161759
161760
161762
161763
161764
161765
161766
161767
161770
161771
161772
162249
162253
162254
162255
162256
162257
162258
162259
162260
162261
162262
162263
162732
162733
162734
162735
162736
162737
162738
162739
162740
162741
162742
162746
163188
163189
163190
163191
163192
163193
163194
163199
163200
163635
163636
163637
163638
163639
163640
163641
163646
163647
163648
164079
164087
164088
164089
164528
164529
164530
164531
164532
164535
164536
164537
164538
165017
165018
165019
165020
165021
165022
165023
165024
165025
165026
165027
165493
165494
165495
165496
165497
165498
165499
165500
165501
165502
165503
165504
165505
165506
165507
165971
165972
165973
165974
165975
165978
165980
165981
165982
165983
165984
166457
166458
166459
166462
166463
166464
166467
166468
166469
166470
166471
166945
166947
166950
166951
166952
166953
166954
166955
166956
166957
166958
166959
166960
166961
166962
167443
167444
167445
167448
167449
167450
167451
167456
167457
167458
167459
167460
167461
167959
167960
167961
167962
167963
167964
167966
167967
167968
167972
168486
168487
168489
168490
168493
168494
168495
168498
168997
168998
168999
169000
169001
169004
169005
169509
169510
169511
169512
169513
169514
169515
170024
170025
170026
170027
170028
170029
170030
170031
170555
170556
170557
170558
170559
170560
170561
170562
171108
171109
171110
171111
171112
171626
171627
171628
171629
171630
171631
172148
172149
172150
172151
172152
172153
172664
172665
172666
173165
173171
173172
173688
173689
173690
173691
173692
173697
173698
174211
174212
174213
174214
174215
174216
174217
174219
174220
174222
174752
174753
174754
174755
174756
174757
174758
174762
174763
174764
175273
175274
175275
175276
175277
175278
175279
175280
175281
175282
175283
175284
175285
175286
175800
175802
175803
175804
175805
175806
175807
175808
175809
175810
175811
175812
175813
175814
175815
175816
175817
175818
176393
176394
176395
176396
176397
176398
176399
176400
176401
176402
176403
176404
176405
176406
176407
176408
176410
176412
176413
177009
177010
177011
177012
177013
177014
177015
177016
177017
177018
177019
177020
177022
177028
177029
177659
177660
177661
177662
177663
177664
177665
177666
177667
177668
177676
177677
178311
178312
178313
178314
178315
178316
178323
178948
178949
178950
178951
178952
178953
179600
179601
179602
179603
179605
180237
180238
180239
180240
180241
180242
180243
180244
180245
180903
180904
180905
180906
180907
180908
180909
180910
181580
181581
181582
181583
181584
181585
181586
181587
182245
182246
182247
182248
182249
182250
182251
182252
182882
182883
182884
182885
182886
182887
182888
182889
182890
183510
183511
183512
183513
183514
183515
183516
183517
183518
184095
184096
184097
184098
184099
184100
184101
184102
184103
184703
184704
184705
184706
185327
185969
185970
185971
186612
186613
187233
187234