325638
326152
326153
326154
326664
326665
326666
326667
326668
327174
327175
327176
327177
327178
327179
327180
327181
327182
327183
327697
327698
327699
327700
327704
327705
327706
327707
327708
327709
327710
327711
327712
327713
327714
327715
327716
327717
327718
327719
328225
328226
328227
328228
328229
328231
328232
328233
328234
328235
328236
328237
328238
328239
328240
328241
328242
328243
328244
328245
328246
328247
328248
328249
328724
328725
328726
328727
328728
328729
328730
328731
328732
328733
328734
328735
328736
328737
328738
328739
328740
328741
328742
328743
328744
328745
328746
328747
328748
328749
328750
329206
329207
329208
329209
329210
329211
329212
329213
329214
329215
329216
329217
329218
329219
329220
329221
329222
329223
329224
329225
329226
329227
329228
329229
329230
329231
329232
329666
329667
329668
329669
329670
329671
329672
329673
329674
329675
329676
329677
329678
329679
329680
329681
329682
329683
329684
329685
329686
329687
329688
329689
330116
330117
330118
330119
330120
330121
330122
330123
330124
330125
330126
330127
330128
330129
330130
330131
330132
330133
330134
330135
330136
330137
330138
330139
330140
330141
330142
330571
330572
330573
330574
330575
330576
330577
330578
330579
330580
330581
330582
330583
330584
330585
330586
330587
330588
330589
330590
330591
330592
330593
330594
330595
330596
330597
330598
330599
330600
331044
331045
331046
331047
331048
331049
331050
331051
331052
331053
331054
331055
331056
331057
331058
331059
331060
331061
331062
331064
331065
331066
331067
331068
331069
331070
331071
331512
331513
331514
331515
331516
331517
331518
331519
331520
331521
331522
331523
331524
331525
331526
331527
331528
331529
331530
331531
331532
331533
331534
331535
331536
331537
331538
331539
331540
331541
331542
331543
331544
331548
331990
331991
331992
331993
331994
331995
331996
331997
331998
331999
332000
332001
332002
332003
332004
332005
332006
332007
332008
332009
332010
332011
332012
332013
332014
332015
332016
332017
332018
332019
332020
332021
332022
332023
332024
332469
332470
332471
332472
332473
332474
332475
332476
332477
332478
332479
332480
332481
332482
332483
332484
332485
332486
332487
332488
332489
332490
332491
332492
332493
332494
332495
332496
332497
332498
332499
332500
332501
332502
332503
332504
332505
332506
332507
332508
332509
332954
332955
332956
332957
332958
332959
332960
332961
332962
332963
332964
332965
332966
332967
332968
332969
332970
332971
332972
332973
332974
332975
332976
332977
332978
332979
332980
332981
332982
332983
332984
332985
332986
332987
332988
332989
332990
332991
332992
332993
332994
332995
333443
333444
333445
333446
333447
333448
333449
333450
333451
333452
333453
333454
333455
333456
333457
333458
333459
333460
333461
333462
333463
333464
333465
333466
333473
333474
333475
333476
333477
333478
333479
333480
333481
333482
333483
333484
333485
333486
333487
333488
333895
333896
333897
333898
333899
333900
333901
333902
333903
333904
333905
333906
333907
333908
333909
333910
333911
333912
333913
333914
333915
333916
333922
333923
333924
333925
333926
333927
333928
333929
333930
333931
333932
333933
333934
333935
333936
334350
334351
334352
334353
334354
334355
334356
334357
334358
334359
334360
334361
334362
334363
334364
334365
334366
334367
334368
334369
334375
334376
334377
334378
334379
334380
334381
334382
334383
334384
334385
334386
334387
334388
334389
334390
334391
334392
334815
334816
334817
334818
334819
334823
334824
334825
334826
334827
334828
334829
334830
334831
334832
334842
334843
334844
334845
334846
334847
334848
334849
334850
334851
334852
334853
334854
335273
335275
335276
335277
335281
335282
335283
335284
335285
335286
335287
335288
335298
335299
335300
335301
335302
335303
335304
335305
335306
335307
335308
335309
335735
335736
335737
335742
335743
335744
335745
335746
335749
335750
335762
335763
335764
335765
335766
335767
335768
335769
335770
335771
335772
335773
336191
336195
336196
336202
336203
336214
336215
336216
336217
336218
336219
336220
336221
336222
336223
336224
336679
336682
336689
336690
336691
336702
336703
336705
336706
336707
336708
336709
336710
336711
336712
337180
337181
337183
337191
337205
337206
337207
337208
337209
337210
337211
337212
337213
337214
337216
337217
337218
337690
337691
337692
337693
337694
337695
337696
337719
337720
337721
337722
337723
337724
337725
337726
337727
337728
337729
337730
337731
337732
337733
337734
337735
338225
338226
338227
338228
338229
338230
338231
338232
338233
338234
338255
338256
338257
338258
338259
338260
338261
338262
338264
338265
338266
338267
338269
338271
338767
338768
338769
338770
338771
338772
338773
338774
338775
338776
338792
338793
338794
338795
338796
338797
338798
338799
338800
338801
338802
338803
338804
338805
338806
338807
338809
338810
338811
339296
339297
339298
339301
339302
339303
339304
339305
339306
339325
339327
339328
339329
339330
339331
339332
339334
339335
339336
339337
339338
339823
339824
339825
339827
339830
339831
339832
339833
339858
339859
339860
339861
339862
339863
339864
339865
340355
340356
340357
340358
340359
340360
340361
340362
340363
340364
340366
340367
340396
340397
340398
340399
340400
340401
340402
340403
340908
340909
340910
340911
340912
340913
340914
340915
340916
340919
340920
340946
340947
340948
340949
340950
340951
340952
340953
340954
341454
341456
341457
341458
341460
341488
341489
341490
341491
341492
341493
341494
341495
341496
341497
341958
341959
341960
341961
341962
341964
341965
341966
341998
341999
342000
342001
342002
342003
342004
342005
342006
342007
342008
342009
342494
342495
342502
342526
342528
342529
342530
342531
342532
342533
342534
342535
342536
342537
342538
342539
343044
343045
343051
343052
343084
343085
343086
343087
343088
343089
343090
343091
343092
343093
343094
343095
343096
343097
343098
343099
343612
343613
343614
343620
343654
343655
343656
343657
343658
343659
343660
343661
343662
343663
344167
344168
344202
344203
344204
344205
344206
344207
344208
344209
344710
344745
344746
344747
344748
344749
344750
345247
345248
345249
345290
345291
345292
345800
345801
345802
345843
345844
345845
345846
345847
346339
346340
346341
346342
346374
346375
346376
346377
346378
346379
346887
346888
346889
346890
346891
346923
346924
346925
346926
346927
346928
346929
347439
347442
347443
347444
347445
347446
347447
347476
347477
347478
347479
347480
347481
347482
348014
348015
348016
348017
348018
348019
348020
348021
348022
348023
348066
348067
348068
348069
348070
348071
348072
348073
348595
348596
348597
348598
348599
348600
348601
348649
348650
348651
348652
348653
348654
348655
349199
349200
349201
349202
349203
349204
349255
349256
349809
349810
349811
349812
349813
350405
350406
350407
350408
350409
350410
350411
350969
350970
350971
350972
350973
351544
351545
351546
351547
352105
352106
352107
352108
352663
352664
352665
352666
353220
353221
353222
353808
353809
354385
354386
354387
354977
354978
354979