163440
163885
163886
164323
164324
164800
164801
164802
165269
165270
165271
165272
165745
165746
165747
165748
166227
166228
166229
166230
166231
166232
166233
166234
166704
166705
166706
166707
166708
166709
166710
166711
166712
166713
166714
166715
166716
166717
167192
167193
167194
167195
167196
167197
167198
167199
167200
167201
167202
167203
167707
167708
167709
167710
167711
167712
167713
167714
167715
167716
167717
167718
168226
168227
168228
168229
168230
168231
168232
168233
168234
168235
168236
168237
168238
168239
168743
168744
168745
168746
168747
168748
168749
168750
168751
168752
168753
168754
168755
169250
169251
169252
169253
169254
169255
169256
169257
169258
169259
169260
169261
169262
169263
169264
169760
169761
169762
169763
169764
169765
169766
169767
169768
169769
169770
169771
169772
169773
169774
170279
170280
170281
170282
170283
170284
170285
170286
170287
170288
170289
170290
170291
170292
170824
170825
170826
170827
170828
170829
170830
170831
170832
170833
170834
171367
171368
171369
171370
171371
171372
171373
171374
171375
171376
171377
171378
171896
171897
171899
171900
171901
171902
171903
171904
171905
171906
171907
171908
171909
171910
172405
172406
172407
172408
172410
172411
172412
172413
172414
172415
172416
172417
172418
172419
172420
172421
172422
172423
172424
172906
172907
172908
172910
172911
172912
172913
172914
172915
172916
172917
172918
172919
172920
172921
172922
172923
172924
173427
173428
173429
173430
173436
173437
173438
173439
173440
173441
173442
173443
173444
173445
173446
173447
173448
173449
173450
173451
173452
173952
173953
173954
173955
173961
173962
173963
173964
173965
173966
173967
173968
173969
173970
173971
173972
173973
173974
173975
174496
174497
174506
174507
174508
174509
174510
174511
174512
174513
174514
174515
174516
174517
174518
175040
175041
175044
175050
175051
175052
175053
175054
175055
175056
175057
175058
175059
175060
175061
175557
175558
175559
175560
175561
175567
175568
175569
175570
175571
175572
175573
175574
175575
175576
175577
175578
176138
176139
176140
176142
176143
176144
176145
176146
176147
176148
176149
176150
176151
176152
176153
176154
176155
176156
176157
176158
176159
176160
176161
176162
176163
176164
176165
176166
176745
176746
176747
176748
176749
176750
176751
176752
176753
176754
176755
176756
176757
176758
176759
176760
176761
176762
176763
176766
176767
176768
176769
176770
176771
176772
176773
177379
177380
177381
177382
177384
177385
177386
177387
177388
177389
177390
177391
177392
177393
177394
177395
177396
177400
177401
177402
177403
177404
177405
178017
178018
178020
178021
178022
178023
178024
178025
178026
178027
178028
178029
178030
178031
178032
178033
178034
178035
178036
178045
178672
178673
178674
178675
178676
178677
178678
178679
178680
178681
178682
178683
178684
178685
178686
178687
178688
178689
179302
179303
179304
179305
179306
179307
179308
179309
179310
179311
179312
179313
179314
179315
179930
179932
179933
179934
179935
179936
179937
179938
179939
179940
179941
180576
180577
180578
180579
180580
180581
180582
181246
181247
181248
181249
181250
181251
181252
181254
181255
181256
181257
181258
181903
181904
181905
181906
181907
181908
181909
181910
181913
181914
181915
182551
182552
182553
182554
182555
182556
182557
182558
182559
182560
182561
182562
183176
183177
183178
183179
183183
183184
183185
183186
183187
183188
183189
183190
183191
183192
183193
183194
183790
183791
183792
183793
183794
183795
183797
183798
183799
183800
183801
183802
183803
183804
183805
183806
183807
183808
183809
184375
184376
184377
184378
184379
184380
184381
184382
184383
184384
184385
184386
184387
184388
184389
184391
184392
184393
184978
184982
184983
184984
184985
184986
184993
184994
184995
184996
184997
184998
185606
185607
185608
185609
185610
185611
185612
185613
185614
185617
185620
185621
185623
185624
185625
185626
185627
185628
186259
186260
186261
186262
186263
186264
186265
186266
186269
186270
186271
186272
186273
186274
186275
186276
186277
186895
186896
186897
186898
186899
186900
186901
186902
186905
186906
186907
186908
186909
186910
186911
186912
186913
187520
187521
187522
187523
187524
187525
187526
187527
187528
187529
187533
188132
188133
188134
188135
188136
188137
188138
188139
188745
188746
188747
188748
188749
188750
188751
189348
189349
189350
189351
189352
189353
189354
189355
189947
189948
189949
189950
189951
189952
189955
189959
189960
189961
189962
189963
190529
190530
190531
190532
190533
190534
190535
190536
190537
190538
190539
190540
190541
190545
190546
190547
190548
190549
190550
190551
190552
190553
191099
191100
191101
191102
191103
191104
191105
191106
191107
191108
191109
191110
191111
191112
191113
191118
191119
191120
191121
191122
191123
191124
191125
191126
191127
191668
191669
191670
191671
191672
191673
191674
191675
191676
191677
191678
191679
191680
191681
191682
191683
191685
191686
191687
191688
191689
191690
191691
191692
191693
191694
192236
192237
192238
192239
192240
192241
192242
192243
192244
192245
192246
192247
192248
192249
192250
192251
192252
192253
192254
192255
192256
192257
192258
192259
192790
192791
192792
192793
192794
192795
192796
192797
192798
192799
192800
192801
192802
192803
192804
192805
192806
192807
192808
192809
192810
193343
193344
193345
193349
193350
193351
193352
193353
193354
193355
193356
193357
193358
193359
193360
193361
193362
193886
193887
193889
193890
193891
193892
193893
193894
193895
193896
193897
193898
193899
193900
193901
193902
193903
193904
193905
194451
194452
194453
194454
194455
194457
194458
194459
194460
194461
194462
194463
194464
194465
194466
194467
194469
195016
195017
195018
195019
195020
195021
195022
195023
195024
195025
195026
195027
195028
195029
195030
195031
195032
195033
195034
195035
195036
195544
195545
195546
195547
195548
195549
195550
195551
195552
195553
195554
195555
195556
195557
195558
195559
195560
195561
195562
195563
195564
195565
195566
195567
195568
195569
196084
196087
196088
196089
196090
196091
196092
196094
196096
196097
196098
196099
196100
196101
196102
196103
196104
196105
196106
196107
196108
196109
196110
196608
196616
196619
196620
196621
196622
196623
196624
196625
196626
196627
196628
196629
196630
196631
196632
197140
197143
197144
197145
197146
197147
197148
197149
197150
197151
197152
197153
197663
197664
197665
197666
197667
197668
197669
197670
197671
197672
198223
198224
198226
198227
198228
198229
198230
198232
198791
198794
198795
198796
198798
198799
198800
198801
198802
199375
199376
199377
199378
199379
199380
199381
199382
199383
199384
199385
199388
199970
199971
199972
199973
199974
199975
199976
199977
199978
199979
199980
199981
199982
199984
200565
200566
200567
200569
200572
201122
201688
201689
201690
202259
202260
202842
202843
202844
202845
203423
203984
203985
204541
204542
205084
205085
205086
205087
205640
205641
205644
206190
206191
206192
206193
206753
206754
206755
207295
207296
207829
207830