422019
422020
422472
422473
422474
422476
422941
422942
422943
422944
423413
423414
423415
423416
423417
423418
423419
423889
423890
423891
423892
423893
423894
423895
423896
423897
423898
423899
423900
423901
423902
423903
424377
424378
424379
424380
424381
424382
424383
424384
424385
424386
424387
424388
424389
424390
424391
424392
424393
424394
424395
424396
424859
424860
424861
424862
424863
424864
424865
424866
424870
424871
424872
424873
424874
424875
424876
424877
425345
425346
425347
425348
425349
425355
425356
425357
425358
425359
425360
425361
425362
425363
425820
425821
425822
425823
425824
425831
425832
425833
425834
425835
425836
425837
425838
425839
425840
425841
425842
425843
426317
426318
426324
426326
426327
426328
426329
426330
426331
426334
426335
426336
426337
426833
426834
426836
426837
426838
426839
426840
426841
426842
426843
426844
426845
426846
426847
426848
426849
426850
426851
426852
427375
427376
427378
427379
427380
427381
427382
427383
427384
427385
427386
427387
427388
427389
427390
427391
427392
427394
427395
427396
427397
427894
427895
427896
427897
427898
427899
427900
427901
427902
427903
427904
427905
427906
427907
427908
427909
427910
427911
427912
427913
427914
427915
427916
427922
427924
427925
428416
428417
428418
428419
428420
428422
428423
428424
428425
428426
428427
428428
428429
428430
428431
428432
428433
428434
428435
428436
428437
428443
428444
428445
428446
428447
428921
428922
428923
428924
428925
428926
428927
428928
428929
428930
428931
428932
428933
428934
428935
428936
428937
428938
428939
428940
428941
428942
428943
428944
428945
428948
428949
428950
428951
429457
429458
429459
429460
429461
429462
429463
429464
429465
429466
429467
429468
429469
429470
429471
429472
429473
429474
429475
429476
429477
429478
429479
429480
429481
429482
429483
429484
429485
429486
430019
430020
430021
430022
430023
430024
430025
430026
430027
430028
430029
430031
430032
430033
430034
430035
430036
430037
430038
430039
430040
430041
430042
430043
430044
430045
430046
430047
430048
430561
430562
430563
430564
430565
430566
430569
430570
430571
430572
430573
430574
430575
430576
430577
430580
430581
431093
431094
431095
431096
431097
431098
431099
431100
431101
431102
431103
431104
431105
431106
431107
431108
431109
431110
431111
431112
431113
431114
431115
431126
431611
431612
431613
431614
431615
431616
431617
431618
431619
431620
431621
431622
431623
431624
431625
431626
431627
431628
431629
431630
431631
431632
431633
431634
431635
431636
431637
431638
431647
431648
431649
431651
431652
432105
432106
432107
432108
432109
432110
432111
432112
432113
432114
432115
432116
432117
432118
432119
432120
432121
432122
432123
432124
432125
432126
432127
432128
432129
432130
432131
432132
432133
432134
432135
432136
432142
432143
432144
432145
432146
432147
432148
432149
432623
432624
432625
432626
432628
432629
432630
432631
432632
432633
432634
432635
432636
432637
432638
432639
432640
432641
432642
432643
432644
432645
432646
432647
432648
432649
432650
432651
432656
432657
432658
432659
432660
432661
432662
432663
433140
433141
433142
433143
433144
433145
433146
433147
433148
433149
433150
433151
433152
433153
433154
433155
433156
433157
433158
433159
433160
433161
433162
433163
433164
433165
433166
433167
433168
433169
433170
433171
433172
433173
433174
433175
433176
433177
433178
433179
433180
433181
433182
433183
433184
433187
433653
433654
433655
433656
433657
433658
433659
433660
433661
433662
433663
433664
433665
433666
433667
433668
433669
433670
433671
433672
433673
433674
433675
433676
433677
433678
433679
433680
433681
433682
433683
433684
433685
433686
433687
433688
433689
433693
433694
433695
434157
434158
434159
434160
434161
434162
434163
434164
434165
434166
434167
434168
434169
434170
434171
434172
434173
434174
434175
434176
434177
434178
434179
434180
434181
434182
434183
434184
434185
434186
434187
434188
434189
434190
434191
434192
434195
434656
434657
434658
434659
434664
434665
434666
434667
434668
434669
434670
434671
434672
434673
434674
434675
434676
434677
434678
434679
434680
434681
434682
434683
434684
434685
434686
434687
434688
435158
435159
435160
435161
435162
435163
435164
435165
435166
435167
435168
435169
435170
435171
435172
435173
435174
435175
435176
435177
435178
435179
435180
435181
435654
435655
435656
435657
435658
435659
435660
435661
435662
435663
435664
435665
435666
435667
435668
435669
435670
435671
435672
435673
435674
435675
435676
435677
435678
436133
436134
436135
436136
436137
436138
436139
436140
436141
436142
436143
436144
436145
436146
436147
436148
436149
436153
436154
436590
436591
436592
436593
436594
436595
436596
436597
436598
436599
436600
436601
436602
436603
436604
436605
436606
436607
436610
436611
436612
437027
437028
437029
437030
437031
437032
437033
437034
437035
437036
437037
437038
437039
437040
437041
437042
437043
437050
437051
437488
437489
437490
437491
437492
437493
437494
437495
437496
437497
437498
437499
437500
437501
437502
437509
437936
437937
437938
437939
437940
437941
437942
437943
437944
437945
437946
438391
438392
438393
438394
438395
438396
438397
438398
438399
438400
438401
438832
438833
438834
438835
438836
438837
438838
438839
438840
438841
438842
438844
438845
438846
438847
439279
439280
439281
439282
439283
439284
439285
439286
439287
439288
439289
439290
439291
439292
439293
439294
439295
439695
439696
439697
439698
439699
439700
439701
439702
439703
439704
439706
439707
439708
439709
439710
439711
439712
440095
440096
440097
440098
440099
440100
440101
440102
440103
440104
440479
440480
440481
440482
440483
440484
440485
440486
440868
440869
440870
440871
440872
440873
440874
441248
441249
441250
441251
441252
441253
441254
441255
441256
441257
441258
441632
441633
441634
441635
441636
441637
441638
441984
441985
441986
441987
442340
442341
442342
442343
442344
442702
442703
442704
442705
443066
443067
443068
443069
443070
443071
443072
443433
443434
443435
443436
443437
443438
443439
443806
443807
443808
443809
443810
443811
444173
444174
444175
444176
444177
444178
444179
444180
444545
444546
444547
444548
444549
444550
444551
444552
444553
444554
444555
444556
444904
444905
444906
444907
444908
444909
444910
444911
444912
444913
444914
444915
445276
445277
445278
445279
445280
445281
445282
445283
445284
445285
445286
445287
445288
445641
445642
445643
445644
445645
445646
445647
445648
445649
445650
445651
445652
445653
445655
445656
445657
445659
445660
445661
446006
446007
446008
446009
446010
446011
446012
446013
446014
446015
446016
446017
446018
446019
446020
446021
446022
446023
446025
446026
446027
446372
446373
446374
446375
446376
446377
446378
446379
446380
446381
446382
446383
446384
446385
446387
446388
446392
446716
446717
446718
446719
446720
446721
446722
446723
446724
446725
446726
446727
446728
446729
446730
447038
447039
447040
447041
447042
447043
447044
447045
447046
447355
447356
447357
447359
447360
447361
447668
447669