114282
114283
114832
114833
114834
114835
114836
114837
115391
115392
115393
115394
115395
115941
115942
115943
115944
115945
115946
115947
115948
115949
116499
116500
116501
116502
116503
116504
116505
116506
116507
117052
117053
117054
117055
117056
117057
117058
117059
117060
117061
117594
117595
117596
117597
117598
117599
117600
117601
117602
117603
117604
118122
118123
118124
118125
118126
118127
118128
118129
118130
118131
118132
118133
118134
118135
118136
118137
118138
118661
118662
118663
118664
118665
118666
118667
118668
118669
118670
119200
119201
119202
119204
119205
119206
119207
119755
119756
119757
119758
119759
120303
120304
120305
120310
120311
120312
120313
120314
120315
120839
120840
120841
120842
120843
120847
120848
120849
120850
120851
120852
120853
120854
121372
121373
121374
121375
121376
121378
121379
121380
121381
121382
121383
121384
121385
121386
121894
121895
121896
121897
121898
121899
121900
121901
121902
121903
121904
121905
121906
121907
121908
121909
122404
122405
122406
122407
122408
122409
122410
122411
122412
122413
122414
122415
122416
122417
122418
122419
122420
122421
122422
122933
122934
122935
122936
122937
122938
122939
122940
122941
122942
122943
122944
122945
122946
122947
122948
122949
122950
122951
122952
122953
123484
123485
123486
123487
123488
123489
123490
123491
123492
123493
123494
123495
123496
123497
123498
123499
123500
123501
123502
123503
123504
124056
124057
124058
124059
124060
124061
124062
124063
124064
124065
124066
124068
124069
124070
124071
124072
124073
124074
124075
124076
124077
124078
124624
124625
124626
124627
124628
124629
124630
124631
124632
124633
124634
124635
124636
124637
124638
124639
124640
124641
124642
124643
125183
125184
125185
125186
125187
125188
125189
125190
125191
125193
125194
125195
125196
125197
125198
125199
125200
125201
125202
125203
125204
125205
125206
125748
125749
125750
125751
125752
125753
125754
125755
125756
125757
125758
125759
125760
125761
125762
125763
125764
126293
126294
126295
126296
126297
126298
126299
126300
126301
126302
126303
126304
126305
126306
126307
126308
126309
126310
126311
126842
126843
126844
126845
126846
126847
126848
126849
126850
126851
126852
126853
126854
126855
126856
126857
127385
127386
127387
127388
127389
127390
127391
127392
127393
127394
127395
127396
127397
127398
127399
127400
127903
127904
127905
127906
127907
127908
127909
127910
127911
127912
127913
127914
127915
127916
127917
127918
127919
127920
127921
127923
128418
128419
128420
128421
128422
128423
128424
128425
128427
128428
128429
128430
128431
128432
128433
128434
128438
128913
128914
128915
128916
128917
128918
128919
128920
128921
128922
128923
128924
128925
128927
128928
129423
129424
129425
129426
129427
129428
129429
129430
129431
129432
129433
129434
129435
129436
129437
129438
129439
129440
129441
129442
129942
129944
129946
129947
129948
129949
129950
129951
129952
129953
129954
129955
129956
129957
129958
129959
129960
129961
129962
129963
130455
130457
130458
130461
130462
130463
130464
130465
130466
130467
130468
130469
130470
130471
130473
130474
130475
130476
130477
130970
130971
130973
130974
130978
130979
130980
130981
130982
130983
130984
130985
130986
130987
130988
130989
130990
130991
130992
130993
131481
131482
131483
131484
131485
131486
131487
131489
131490
131491
131492
131493
131494
131495
131496
131497
131498
131499
131500
131501
131502
131503
131504
131505
131506
131507
132005
132006
132008
132009
132010
132011
132012
132013
132014
132015
132016
132017
132018
132019
132020
132021
132022
132023
132024
132025
132026
132027
132028
132029
132030
132533
132534
132535
132536
132537
132538
132539
132540
132541
132542
132543
132544
132545
132546
132547
132548
132549
132550
132551
132552
132553
132554
132555
133069
133070
133071
133072
133073
133074
133075
133076
133077
133078
133079
133080
133081
133082
133083
133084
133085
133086
133087
133088
133089
133090
133091
133092
133093
133094
133095
133626
133627
133628
133629
133630
133631
133632
133633
133634
133635
133636
133638
133639
133640
133641
133642
133643
133644
133645
133646
133647
133648
133649
133650
133651
133652
133653
133654
133655
134201
134202
134203
134204
134205
134206
134207
134208
134209
134210
134211
134212
134213
134214
134215
134216
134217
134218
134219
134220
134221
134222
134223
134224
134225
134226
134227
134228
134229
134230
134231
134232
134233
134234
134235
134786
134787
134788
134789
134790
134791
134792
134793
134794
134795
134796
134797
134798
134799
134801
134802
134803
134804
134805
134806
134807
134808
134809
134810
134811
134812
134813
134814
134817
134818
134819
134820
134821
134822
134823
134824
135398
135399
135400
135401
135402
135403
135404
135405
135406
135407
135408
135409
135410
135411
135412
135413
135414
135415
135416
135417
135418
135419
135420
135421
135422
135423
135424
135425
135426
135427
135428
135429
135430
135431
135432
135433
135996
135997
135998
135999
136000
136001
136002
136003
136004
136005
136006
136007
136008
136009
136010
136011
136012
136013
136014
136015
136016
136017
136018
136019
136020
136021
136022
136023
136024
136025
136026
136027
136028
136029
136605
136606
136607
136608
136609
136610
136611
136612
136613
136614
136615
136616
136617
136618
136619
136620
136621
136622
136623
136624
136625
136626
136627
136628
136629
136630
136631
136632
136633
136634
136635
137195
137196
137197
137198
137199
137200
137201
137202
137203
137204
137205
137206
137207
137208
137209
137210
137211
137212
137213
137214
137215
137216
137217
137218
137219
137220
137221
137222
137223
137224
137225
137226
137227
137228
137229
137230
137762
137763
137764
137765
137766
137767
137768
137769
137770
137771
137772
137773
137774
137775
137776
137777
137778
137779
137780
137781
137782
137783
137784
137785
137786
137787
137788
137789
137790
137791
137792
137793
137794
137795
137796
137797
137798
137799
138352
138353
138354
138355
138356
138357
138359
138360
138361
138362
138363
138364
138365
138366
138367
138368
138369
138370
138371
138372
138373
138374
138375
138376
138377
138378
138379
138380
138381
138382
138383
138384
138385
138938
138939
138947
138948
138950
138951
138952
138953
138954
138955
138956
138957
138958
138959
138960
138962
138963
138964
138965
138966
138967
138968
138969
138971
138972
139559
139560
139561
139562
139563
139564
139565
139566
139567
139568
139569
139574
139575
139576
139577
139578
139579
139580
139581
139582
140178
140179
140180
140181
140182
140183
140190
140191
140192
140193
140194
140195
140198
140783
140784
140785
140786
140787
140788
140795
140796
140797
140798
140799
140800
140802
141372
141373
141374
141375
141376
141377
141378
141384
141385
141386
141387
141388
141389
141390
141391
141951
141952
141953
141954
141955
141956
141957
141958
141959
141960
141961
141967
141968
141969
141970
141971
141972
141973
142528
142529
142530
142531
142532
142533
142537
142538
142541
142542
142543
143089
143090
143092
143093
143098
143099
143100
143101