331721
331722
331723
332197
332198
332199
332200
332201
332203
332204
332686
332687
332688
332689
332690
332691
332692
332693
332694
332695
332696
332697
332698
333172
333173
333174
333175
333176
333178
333179
333180
333181
333182
333183
333661
333662
333663
333664
333665
333666
333667
333668
333669
334102
334103
334104
334105
334106
334107
334108
334109
334110
334111
334116
334117
334118
334119
334120
334121
334552
334553
334554
334555
334556
334557
334558
334559
334560
334561
334568
334569
334570
334571
334572
334573
334574
334575
334576
334577
334578
334579
335005
335006
335007
335008
335009
335010
335011
335012
335013
335020
335021
335022
335023
335024
335025
335026
335027
335028
335029
335030
335031
335045
335450
335451
335452
335453
335454
335455
335456
335457
335458
335459
335460
335461
335468
335469
335470
335471
335472
335473
335474
335475
335476
335478
335479
335494
335495
335915
335916
335917
335918
335919
335920
335921
335922
335923
335924
335925
335926
335927
335928
335936
335937
335938
335939
335940
335941
335942
335943
335944
335945
335946
335959
335960
335961
335962
336375
336376
336377
336378
336379
336380
336381
336382
336383
336384
336385
336386
336387
336388
336389
336390
336391
336392
336395
336396
336397
336398
336399
336400
336401
336402
336403
336404
336405
336406
336412
336415
336416
336417
336418
336419
336848
336849
336850
336851
336852
336853
336854
336855
336856
336857
336858
336859
336860
336861
336862
336863
336864
336865
336866
336868
336869
336870
336871
336872
336873
336874
336875
336876
336877
336878
336879
336880
336881
336882
336883
336884
336885
336886
336887
336890
336891
336892
336893
336894
336895
336896
336897
336898
336899
336900
336901
337354
337355
337356
337357
337358
337359
337360
337361
337362
337363
337364
337365
337366
337367
337368
337369
337370
337371
337372
337373
337374
337375
337376
337377
337378
337379
337382
337383
337384
337385
337386
337387
337388
337389
337390
337391
337392
337393
337394
337396
337397
337398
337399
337400
337401
337402
337403
337404
337405
337406
337407
337408
337409
337410
337411
337412
337413
337874
337875
337876
337877
337878
337879
337880
337881
337882
337883
337884
337885
337886
337887
337888
337889
337890
337891
337892
337893
337894
337895
337896
337897
337898
337899
337900
337901
337904
337905
337906
337907
337908
337909
337910
337911
337912
337913
337914
337915
337916
337917
337918
337921
337922
337923
337924
337925
337926
337927
337928
337929
337930
337931
337932
337933
337934
337935
337936
337937
337938
338420
338421
338422
338423
338424
338425
338426
338427
338428
338429
338430
338431
338432
338433
338434
338435
338440
338444
338445
338446
338447
338448
338449
338450
338451
338452
338453
338454
338455
338459
338462
338463
338464
338465
338466
338467
338468
338469
338470
338471
338472
338473
338474
338475
338476
338477
338478
338961
338962
338963
338964
338965
338966
338967
338968
338969
338970
338971
338972
338983
338985
338986
338987
338988
338989
338990
338991
338992
338995
338999
339000
339001
339002
339003
339004
339005
339006
339007
339008
339009
339010
339011
339012
339013
339481
339482
339483
339484
339485
339486
339487
339488
339489
339490
339491
339492
339493
339494
339495
339496
339497
339511
339512
339513
339514
339515
339516
339521
339522
339523
339524
339525
339526
339527
339528
339529
339530
339531
339532
339533
339534
339535
339536
339537
339538
340013
340014
340015
340016
340017
340018
340019
340020
340021
340022
340023
340024
340025
340039
340040
340041
340042
340043
340044
340045
340046
340047
340048
340054
340055
340056
340057
340058
340059
340060
340061
340062
340063
340064
340065
340066
340067
340068
340069
340553
340554
340555
340557
340558
340559
340560
340561
340562
340563
340564
340565
340566
340567
340583
340584
340585
340586
340587
340589
340590
340591
340596
340597
340598
340599
340601
340603
340604
340605
340606
340607
340608
340609
340610
340611
340612
340613
341110
341111
341112
341113
341114
341115
341116
341117
341118
341119
341120
341121
341122
341123
341124
341125
341141
341142
341143
341144
341145
341146
341147
341148
341153
341154
341155
341156
341157
341158
341159
341160
341161
341162
341163
341164
341165
341166
341167
341168
341169
341170
341634
341635
341636
341637
341638
341639
341640
341641
341642
341643
341644
341645
341646
341647
341662
341663
341665
341666
341667
341668
341669
341673
341674
341675
341676
341677
341678
341679
341680
341681
341682
341683
341684
341685
341686
341687
342154
342155
342156
342157
342158
342159
342160
342161
342162
342163
342164
342183
342184
342185
342186
342187
342188
342189
342190
342191
342195
342196
342197
342198
342199
342200
342201
342202
342203
342204
342205
342206
342207
342208
342691
342692
342693
342694
342695
342696
342697
342698
342699
342700
342701
342722
342723
342724
342725
342728
342729
342730
342731
342732
342733
342734
342735
342736
342737
342738
342739
342740
342741
342742
342743
343253
343254
343255
343256
343257
343258
343259
343260
343261
343262
343278
343279
343280
343281
343282
343283
343284
343286
343287
343288
343289
343290
343291
343292
343293
343294
343295
343296
343297
343298
343829
343830
343831
343832
343833
343834
343835
343836
343837
343838
343855
343856
343857
343858
343859
343860
343861
343862
343863
343864
343865
343866
343867
343868
343869
343870
343871
343872
344387
344388
344389
344390
344391
344392
344393
344411
344412
344413
344414
344416
344417
344418
344419
344420
344421
344422
344423
344424
344425
344426
344427
344428
344429
344430
344431
344432
344433
344916
344917
344918
344919
344920
344921
344922
344940
344941
344945
344946
344947
344948
344949
344950
344951
344952
344953
344954
344955
344956
344957
344958
345478
345479
345480
345481
345482
345483
345484
345485
345500
345501
345506
345507
345508
345509
345510
345511
345512
345513
345514
345515
345516
345517
345518
346023
346024
346025
346026
346041
346042
346043
346044
346048
346049
346050
346051
346052
346053
346054
346055
346056
346057
346058
346059
346566
346567
346568
346569
346580
346581
346582
346583
346584
346589
346590
346591
346592
346593
346594
346595
346596
346597
346598
347111
347122
347123
347124
347125
347126
347127
347128
347129
347130
347135
347136
347137
347138
347139
347140
347141
347142
347143
347144
347687
347688
347689
347690
347691
347692
347693
347694
347695
347696
347697
347699
347700
347703
347704
347705
347706
347707
348268
348269
348270
348271
348272
348273
348274
348275
348276
348277
348278
348280
348281
348282
348283
348284
348285
348286
348856
348857
348859
348860
348861
348862
348863
348864
348865
348866
348867
348868
348869
348870
349472
349473
349474
349475
349476
349480
349481
349482
349483
349484
350071
350072
350073
350074
350644
350645
350646
350647
350650
350651
350652
350653
350654
350655
351212
351213
351214
351215
351216
351217
351218
351219
351220
351221
351222
351223
351224
351777
351778
351779
351780
351781
351782
351783
351784
351785
352331
352332
352333
352898
352899