118680
118681
119216
119217
119219
119767
119768
119769
119774
119775
120319
120320
120321
120322
120323
120328
120330
120331
120856
120857
120858
120859
120860
120864
120865
120866
120867
120868
120869
120870
121387
121388
121389
121390
121391
121393
121394
121395
121396
121397
121398
121910
121911
121912
121913
121914
121915
121917
121918
121919
121920
121921
121922
122423
122424
122425
122426
122427
122428
122429
122430
122431
122432
122433
122435
122436
122437
122438
122439
122954
122955
122956
122957
122958
122959
122960
122961
122962
122963
122964
122965
122966
122967
122968
122969
122970
122971
123505
123506
123507
123508
123509
123510
123511
123512
123513
123514
123515
123516
123517
123518
123519
123520
123521
124079
124081
124082
124083
124084
124085
124086
124087
124088
124089
124090
124091
124644
124645
124646
124647
124648
124649
124650
124651
124652
124653
124654
124655
124656
124657
124658
124659
125207
125208
125209
125210
125211
125212
125213
125214
125215
125216
125217
125218
125219
125220
125221
125222
125223
125225
125226
125227
125228
125765
125766
125767
125768
125769
125770
125771
125772
125773
125774
125775
125776
125777
125778
125779
125780
125781
125782
125783
125784
125785
125786
125787
125788
126310
126311
126312
126313
126314
126315
126316
126317
126318
126319
126320
126321
126322
126323
126324
126325
126326
126327
126328
126329
126330
126331
126332
126333
126334
126335
126336
126855
126856
126857
126858
126859
126860
126864
126865
126866
126867
126868
126869
126870
126871
126872
126873
126874
126875
126876
126877
126878
126879
126880
126881
126882
126883
127398
127399
127400
127406
127407
127408
127409
127410
127411
127412
127413
127414
127415
127416
127417
127419
127420
127911
127912
127913
127914
127915
127916
127917
127918
127919
127920
127921
127923
127924
127925
127926
127927
127928
127929
127930
127931
127932
127933
127934
127935
127936
127937
127940
127941
127942
127943
127944
128424
128425
128426
128429
128430
128431
128432
128433
128434
128435
128436
128437
128439
128440
128441
128442
128443
128444
128445
128446
128447
128448
128449
128450
128451
128452
128453
128454
128455
128917
128918
128921
128922
128923
128926
128929
128930
128931
128932
128933
128934
128935
128936
128937
128938
128939
128940
128942
128943
129432
129433
129434
129435
129436
129443
129444
129445
129446
129447
129448
129449
129450
129451
129452
129453
129454
129455
129456
129954
129955
129956
129957
129958
129964
129965
129966
129967
129968
129969
129970
129971
129972
129973
129974
129975
129976
129977
129978
130468
130469
130470
130471
130478
130479
130480
130481
130482
130483
130484
130485
130486
130487
130488
130489
130984
130985
130986
130987
130994
130995
130996
130997
130998
130999
131000
131001
131496
131497
131498
131499
131500
131508
131509
131510
131511
131512
131513
131514
131515
131516
132020
132021
132022
132023
132024
132025
132026
132031
132032
132033
132034
132035
132036
132037
132038
132039
132548
132549
132550
132551
132556
132557
132558
132559
132560
132561
132562
132563
133088
133089
133096
133097
133098
133099
133100
133101
133102
133103
133104
133646
133647
133656
133657
133658
133659
133660
133661
133662
134223
134224
134225
134239
134240
134241
134828
134829
134831
135438
135439
135440
135441
136035
136036
136037
136038
136638
136639
136640
136641
136642
137233
137234
137235
137236
137803
137804
137805
138389
138390
138391
138975
138976
139583
139584
140206
140207
140208
140209
140213
140811
140812
140813
140814
140815
140816
140817
140821
140822
141403
141406
141407
141408
141409
141410
141989
141990
141991
141992
141993
141995
142559
142560
142561
142562
142563
142564
142565
142566
142567
142568
143116
143117
143118
143119
143120
143121
143122
143123
143124
143125
143677
143678
143679
143680
143681
143682
143683
143684
143685
143686
143687
144202
144203
144204
144205
144206
144207
144208
144209
144210
144211
144212
144750
144751
144752
144753
144754
144755
144756
144757
144758
144759
144760
144761
145319
145320
145321
145322
145323
145324
145325
145326
145327
145328
145329
145330
145331
145878
145879
145880
145881
145882
145883
145884
145885
145886
145891
145892
145893
145894
146442
146443
146444
146445
146446
146447
146448
146449
146450
146451
146452
146455
146456
146457
146458
147000
147001
147002
147003
147004
147005
147006
147007
147008
147009
147012
147013
147014
147544
147545
147546
147547
147548
147549
147550
147551
147552
147553
147554
147555
147556
147557
147558
148086
148087
148088
148089
148090
148091
148092
148093
148643
148644
148645
148646
148647
148648
148649
148650
148651
149161
149162
149163
149164
149165
149166
149167
149168
149169
149701
149702
149703
149704
149705
149706
149707
149708
150236
150237
150238
150239
150240
150241
150242
150243
150244
150245
150765
150766
150767
150768
150769
150770
150771
150772
150773
150774
150775
151311
151312
151313
151314
151315
151316
151317
151318
151319
151320
151321
151322
151323
151324
151325
151326
151872
151873
151874
151875
151876
151877
151878
151879
151880
151881
151882
151883
151884
151885
151886
151887
151888
151889
152429
152430
152436
152437
152438
152439
152440
152441
152442
152443
152444
152445
152446
152447
152448
152449
152450
152451
152452
152453
152454
152977
152978
152979
152980
152982
152983
152984
152985
152986
152987
152988
152989
152990
152991
152992
152993
152994
152995
153516
153517
153518
153519
153520
153521
153522
153523
153524
153525
153526
153527
153528
153529
153530
153531
153532
153533
153534
154030
154031
154032
154033
154034
154035
154036
154037
154038
154039
154040
154041
154042
154043
154045
154046
154047
154048
154049
154050
154051
154052
154053
154054
154055
154540
154541
154542
154543
154544
154545
154546
154548
154549
154550
154556
154557
154558
154559
154560
154561
154562
154563
154564
155039
155040
155041
155042
155043
155044
155049
155055
155056
155057
155058
155059
155060
155061
155062
155063
155064
155522
155523
155524
155525
155526
155531
155537
155538
155539
155540
155541
155542
155543
155544
155545
155546
155974
155975
155976
155977
155978
155979
155980
155991
155992
155993
155994
155995
155996
155997
155998
155999
156000
156442
156443
156444
156445
156446
156447
156448
156460
156461
156462
156463
156464
156465
156466
156467
156468
156469
156931
156932
156933
156934
156935
156936
156946
156947
156948
156949
156950
156951
156952
156953
156954
157428
157429
157430
157431
157432
157433
157434
157440
157441
157442
157443
157444
157445
157911
157912
157913
157914
157915
157916
157917
157918
157919
157920
157921
157931
158413
158414
158415
158416
158417
158418
158419
158420
158421
158422
158872
158873
158874
158875
158876
158877
158878
158879
158880
158881
158882
159325
159326
159327
159328
159329
159330
159331
159332
159333
159334
159759
159760
159761
159762
159763
159764
159765
159766
159767
159768
159769
160203
160204
160205
160206
160207
160208
160209
160210
160211
160632
160633
160634
160635
160636
161068
161069
161070
161071
161072