82735
82737
82738
82742
82743
82744
82745
82746
83325
83326
83327
83328
83329
83330
83331
83332
83333
83334
83894
83895
83896
83897
83898
83899
83900
83901
83902
83903
83904
84460
84461
84462
84463
84464
84465
84466
84467
84468
84469
84470
85032
85033
85034
85035
85036
85037
85038
85039
85041
85042
85609
85610
85611
85612
85613
85614
85615
85616
85617
85618
86167
86168
86169
86170
86171
86172
86173
86174
86175
86176
86726
86727
86728
86729
86730
86731
86732
86733
86734
86735
86736
86737
86738
87271
87272
87273
87274
87275
87276
87277
87278
87279
87280
87281
87282
87288
87289
87290
87291
87795
87796
87797
87798
87799
87800
87801
87802
87803
87805
87811
87812
87813
88315
88316
88317
88318
88319
88320
88321
88328
88329
88330
88836
88837
88838
88839
88840
88841
88842
88843
88845
88846
88847
88848
88849
88850
88851
89342
89343
89344
89345
89346
89347
89348
89349
89350
89352
89353
89354
89355
89356
89879
89880
89881
89882
89883
89884
89885
89886
89887
89888
89889
90404
90405
90406
90407
90408
90409
90410
90411
90412
90413
90414
90415
90416
90417
90418
90419
90420
90421
90952
90955
90956
90957
90958
90959
90960
90961
90962
90963
90964
90965
90966
90967
90968
90969
90970
90971
90972
90973
90974
91521
91522
91523
91524
91525
91526
91527
91528
91529
91530
91531
91532
91533
91534
91535
91536
91537
91540
91541
92084
92085
92086
92087
92088
92089
92090
92091
92092
92093
92094
92095
92096
92097
92098
92099
92100
92101
92102
92103
92104
92105
92106
92107
92108
92664
92665
92666
92667
92668
92669
92670
92671
92672
92673
92675
92676
92677
92678
92679
92680
92681
92682
92683
92684
92685
92686
92687
93245
93246
93247
93248
93249
93250
93251
93252
93253
93254
93258
93259
93260
93261
93262
93263
93264
93265
93266
93267
93867
93868
93869
93870
93871
93872
93873
93874
93875
93876
93877
93878
93879
93880
93881
93882
93883
93884
93885
93886
93887
93888
93889
93890
94486
94487
94488
94489
94490
94491
94492
94493
94494
94495
94496
94497
94498
94499
94500
94501
94502
94503
94504
95105
95106
95107
95108
95109
95110
95111
95112
95113
95114
95115
95116
95117
95118
95119
95120
95121
95122
95123
95124
95125
95126
95767
95768
95769
95770
95771
95772
95773
95774
95775
95776
95777
95778
95779
95780
95781
95782
95783
95784
95785
95786
95787
95788
96407
96408
96411
96412
96413
96414
96415
96416
96417
96418
96419
96420
96421
96422
96423
96424
97054
97055
97056
97057
97058
97059
97060
97061
97062
97063
97064
97065
97066
97067
97068
97069
97070
97071
97072
97073
97074
97075
97076
97686
97687
97688
97689
97690
97691
97692
97693
97694
97695
97696
97697
97698
97699
97700
97701
97702
97703
97704
97705
97706
98299
98301
98302
98303
98304
98305
98306
98307
98308
98309
98310
98311
98312
98313
98314
98315
98316
98317
98318
98319
98925
98926
98927
98928
98929
98930
98931
98932
98933
98934
98935
98936
98937
98938
98939
98940
98941
98942
98943
99558
99559
99560
99561
99562
99563
99564
99565
99566
99567
99568
99569
99570
99571
99572
99573
99574
99575
99576
99577
99578
99579
99580
99581
99582
99583
99584
99585
99586
100214
100215
100216
100217
100218
100219
100220
100221
100222
100223
100224
100225
100226
100227
100228
100229
100230
100231
100232
100233
100234
100235
100236
100237
100873
100874
100875
100876
100877
100880
100881
100882
100883
100884
100885
100886
100887
100888
100889
100890
100891
100892
100893
100894
100895
100896
100897
100898
100899
100900
100901
101553
101554
101555
101556
101557
101558
101559
101562
101563
101564
101565
101566
101567
101568
101569
101570
101571
101572
101573
101574
101575
101576
101577
101578
101579
101580
101581
101582
102212
102213
102214
102215
102216
102217
102218
102219
102220
102221
102222
102223
102224
102225
102226
102227
102228
102232
102235
102236
102237
102819
102820
102821
102822
102823
102824
102825
102826
102827
102828
102829
102830
102831
102832
102833
102834
102842
103440
103441
103442
103443
103444
103445
103446
103447
103448
103449
103450
103451
103452
103453
103454
104068
104069
104070
104071
104072
104073
104074
104075
104076
104077
104078
104079
104080
104081
104082
104083
104687
104688
104689
104690
104691
104692
104693
104694
104695
104696
104697
104698
104699
104700
104701
104702
104703
104704
104705
104706
104707
104708
105316
105319
105320
105321
105322
105323
105324
105325
105326
105327
105328
105329
105330
105915
105916
105917
105918
105919
105920
105921
105922
105923
105924
105925
105926
105927
105928
105929
105930
105931
105932
105933
105934
106534
106535
106536
106537
106538
106539
106540
106541
106542
106543
106545
106547
106548
106549
106550
106551
107138
107139
107140
107141
107142
107143
107144
107145
107147
107148
107149
107150
107152
107728
107729
107730
107731
107732
107733
107734
107735
107736
107737
107738
107739
107740
107741
107742
107743
107744
107745
108331
108332
108333
108334
108336
108337
108338
108339
108340
108341
108342
108343
108344
108345
108346
108347
108348
108349
108350
108351
108352
108353
108354
108956
108957
108958
108959
108960
108961
108962
108963
108964
108965
108966
108967
108968
108969
108970
108971
108972
108973
108974
108975
108976
108977
108978
108979
108980
108981
108982
108983
108984
109598
109599
109600
109601
109602
109603
109604
109605
109606
109607
109608
109609
109610
109611
109612
109613
109614
109615
109616
109617
109618
109619
109620
109621
109622
109623
109624
109625
109626
109627
109628
109629
109630
110235
110236
110237
110238
110239
110240
110241
110242
110243
110244
110245
110246
110247
110248
110249
110250
110251
110252
110253
110254
110255
110256
110257
110258
110259
110260
110261
110262
110263
110264
110266
110267
110854
110855
110856
110857
110858
110859
110860
110861
110862
110863
110864
110865
110866
110867
110868
110869
110870
110871
110872
110873
110874
110875
110876
110877
110880
110881
110882
110883
110884
111484
111485
111486
111487
111488
111489
111490
111491
111492
111493
111494
111495
111496
111497
111498
111499
111500
111501
111502
111503
111504
111505
111510
111511
111512
112070
112071
112072
112073
112074
112075
112076
112077
112078
112079
112080
112081
112082
112083
112084
112085
112086
112683
112684
112685
112686
112687
112688
112689
112690
112691
112692
112693
112694
112695
113276
113277
113278
113279
113280
113281
113282
113283
113284
113285
113286
113287
113288
113289
113290
113848
113849
113850
113851
113852
113853
113854
113855
113856
113857
113858
113859
113860
114410
114411
114412
114413
114414
114415
114416
114417
114418
114419
114962
114963
114964
114965
114966
115507
115508
116057