348183
348184
348771
349385
349983
349984
349985
349986
350571
350572
350573
350583
350584
351137
351138
351139
351140
351141
351142
351143
351146
351147
351148
351149
351150
351153
351702
351703
351704
351705
351706
351707
351710
351711
351712
351713
351714
351715
351716
351717
351718
352262
352263
352264
352265
352266
352267
352268
352269
352270
352271
352272
352273
352274
352275
352276
352828
352829
352830
352831
352837
352838
352839
352840
353399
353400
353407
353408
353409
353410
353411
353986
353987
353988
353989
353990
354559
354560
354561
354562
355158
355159
355160
355161
355162
355163
355164
355752
355753
355754
355755
355756
355757
356318
356325
356326
356327
356328
356329
356330
356889
356890
356898
356899
356900
356901
356902
356903
357437
357438
357439
357446
357447
357448
357449
357450
357451
357992
357993
357994
357995
357996
357997
358002
358003
358004
358005
358006
358007
358015
358537
358538
358539
358540
358541
358546
358547
358548
358549
358550
358551
358559
358560
358561
359079
359080
359081
359082
359083
359086
359087
359088
359089
359090
359091
359092
359093
359099
359100
359102
359103
359609
359610
359611
359612
359613
359614
359615
359616
359617
359618
359619
359620
359629
359630
359631
359632
359634
359635
359636
360142
360143
360144
360145
360146
360147
360148
360149
360150
360151
360152
360153
360162
360163
360164
360165
360167
360168
360169
360649
360650
360651
360652
360653
360654
360655
360656
360657
360666
360667
360668
360669
360670
360671
360672
360673
360674
361150
361151
361152
361153
361154
361155
361156
361157
361158
361159
361160
361161
361162
361163
361173
361174
361175
361176
361177
361178
361179
361180
361181
361672
361674
361675
361676
361677
361678
361679
361680
361681
361682
361683
361684
361691
361692
361694
361695
361696
361697
361698
361699
361700
361701
361702
362206
362208
362209
362210
362211
362212
362213
362214
362215
362216
362217
362218
362223
362224
362225
362226
362228
362229
362230
362231
362232
362233
362234
362235
362236
362735
362736
362737
362738
362739
362740
362741
362742
362743
362744
362745
362746
362750
362751
362752
362753
362754
362755
362756
362757
362758
362759
362760
362761
362762
363247
363248
363249
363251
363252
363253
363254
363255
363256
363260
363261
363262
363263
363265
363266
363267
363268
363269
363270
363271
363272
363765
363766
363767
363768
363772
363773
363774
363775
363776
363780
363781
363783
363785
363786
363787
363788
363789
363790
363791
363792
363793
364287
364288
364289
364291
364292
364293
364294
364296
364297
364298
364300
364303
364304
364305
364306
364307
364308
364309
364310
364311
364312
364313
364795
364796
364797
364798
364799
364800
364801
364802
364803
364804
364805
364806
364807
364810
364811
364812
364813
364814
364815
364816
364817
364818
364819
364820
365298
365300
365301
365302
365303
365304
365305
365306
365307
365313
365314
365315
365316
365317
365318
365319
365320
365321
365322
365323
365324
365790
365791
365792
365793
365794
365795
365796
365797
365798
365799
365800
365801
365802
365803
365804
366253
366254
366255
366256
366257
366258
366259
366260
366261
366262
366263
366264
366265
366266
366267
366268
366269
366725
366726
366727
366728
366729
366730
366731
366732
366733
366734
366735
366736
366737
366738
366739
366740
366741
367221
367222
367223
367224
367225
367226
367227
367228
367229
367230
367231
367232
367233
367234
367235
367734
367735
367736
367737
367738
367739
367740
367741
367742
367743
367744
367745
367746
368240
368241
368242
368243
368244
368245
368246
368247
368248
368249
368250
368251
368252
368253
368254
368255
368256
368257
368258
368259
368737
368746
368747
368748
368749
368750
368751
368752
368753
368754
368755
368756
368757
368758
368759
368760
368761
368762
368763
368764
368765
369236
369237
369244
369245
369246
369247
369248
369249
369250
369251
369252
369253
369254
369255
369256
369257
369258
369259
369260
369261
369262
369263
369711
369712
369718
369719
369720
369721
369722
369723
369724
369725
369726
369727
369728
369729
369730
369731
369732
369733
369734
369735
369736
369737
369738
369739
370187
370192
370193
370194
370195
370196
370197
370198
370199
370200
370201
370202
370203
370204
370205
370206
370207
370208
370209
370210
370211
370212
370213
370214
370215
370216
370675
370676
370677
370678
370679
370680
370681
370682
370683
370684
370685
370686
370687
370688
370689
370691
370692
370693
370694
370695
370696
370697
370698
370699
370700
370701
370702
370703
371170
371171
371172
371173
371174
371175
371176
371177
371178
371179
371180
371181
371182
371183
371184
371185
371186
371187
371191
371192
371193
371194
371195
371196
371197
371675
371676
371677
371678
371679
371680
371681
371682
371683
371684
371685
371686
371689
371690
371691
371692
371693
371694
371695
371696
371697
371698
371699
371700
371701
371702
371703
371704
372196
372197
372198
372199
372200
372201
372202
372203
372204
372205
372208
372209
372210
372211
372212
372213
372214
372215
372216
372217
372218
372219
372220
372221
372222
372703
372704
372705
372706
372707
372708
372709
372710
372711
372712
372713
372714
372715
372716
372717
372718
372719
372720
372721
372722
372723
372724
372725
372726
372727
372728
372729
372730
372731
373215
373216
373217
373218
373219
373220
373221
373222
373223
373224
373225
373226
373227
373228
373229
373230
373231
373232
373233
373234
373235
373236
373237
373238
373239
373240
373241
373242
373752
373753
373754
373755
373756
373757
373758
373759
373760
373761
373762
373763
373764
373765
373766
373767
373768
373769
373770
373771
373772
373773
373774
373775
373776
373777
373778
373779
373780
373781
373782
374309
374310
374311
374312
374313
374314
374315
374316
374317
374318
374319
374320
374321
374322
374323
374324
374325
374326
374327
374328
374329
374330
374331
374332
374333
374334
374335
374336
374337
374338
374339
374890
374891
374892
374893
374894
374895
374896
374897
374898
374899
374900
374901
374902
374903
374904
374905
374906
374907
374908
374909
374910
374911
374912
374913
374914
374915
374916
374917
374918
374919
374920
374921
375468
375469
375470
375471
375472
375473
375474
375475
375476
375477
375478
375479
375480
375481
375482
375483
375484
375485
375486
375487
375488
375489
375490
375491
375492
375493
375494
375495
375496
375497
375498
375499
375501
375502
375503
375504
376061
376062
376063
376064
376065
376066
376067
376068
376069
376070
376071
376072
376073
376074
376075
376076
376077
376078
376079
376081
376082
376083
376084
376085
376086
376087
376088
376089
376090
376092
376093
376094
376671
376672
376673
376674
376675
376676
376677
376678
376679
376680
376681
376682
376683
376684
376685
376686
376687
376688
376689
376690
376691
376692
376693
376694
376695
376696
376697
376698
376699
376700
376701
376702
377265
377266
377267
377268
377269
377270
377271
377272
377273
377274
377275
377276
377277
377278
377279
377280
377281
377282
377283
377284
377285
377286
377842
377843
377844
377846
377847
377848
377849
378403
378944