69681
69682
69689
70207
70208
70209
70210
70211
70212
70213
70214
70215
70216
70217
70218
70219
70220
70223
70224
70225
70226
70227
70754
70755
70756
70757
70758
70759
70760
70761
70762
70763
70764
70765
70766
70767
70768
70769
70770
70771
70772
70773
70774
70775
70776
71299
71300
71301
71302
71303
71304
71305
71306
71307
71308
71309
71310
71311
71312
71313
71314
71315
71316
71317
71318
71319
71320
71321
71322
71323
71324
71325
71326
71327
71328
71329
71864
71865
71866
71867
71868
71869
71870
71871
71872
71873
71874
71875
71876
71877
71878
71879
71880
71881
71882
71883
71884
71885
71886
71887
71888
71889
71890
72430
72431
72434
72435
72436
72437
72438
72439
72440
72441
72442
72443
72444
72445
72446
72447
72448
72453
72454
72989
72990
72991
72992
72993
72994
72995
72996
73001
73002
73003
73004
73005
73006
73011
73012
73013
73014
73550
73551
73552
73553
73554
73555
73556
73557
73558
73559
73560
73561
73562
73563
73567
73568
73569
73570
73571
73572
73573
73574
73575
73576
73583
73584
74114
74115
74116
74120
74121
74122
74123
74124
74125
74126
74127
74128
74129
74130
74131
74132
74133
74134
74135
74136
74137
74138
74139
74140
74141
74142
74143
74144
74145
74146
74147
74148
74149
74150
74155
74156
74157
74659
74660
74661
74662
74663
74664
74665
74666
74667
74668
74669
74670
74671
74672
74673
74674
74675
74676
74677
74678
74679
74680
74681
74682
74683
74684
74685
74686
74687
74688
74689
74690
74691
74692
74693
74694
74695
74696
74697
74698
74699
74700
74706
74707
74708
74709
75230
75231
75232
75233
75234
75235
75236
75237
75238
75239
75240
75241
75242
75243
75244
75245
75246
75247
75248
75249
75250
75251
75252
75253
75254
75255
75256
75257
75258
75259
75260
75261
75262
75263
75264
75265
75266
75267
75268
75269
75270
75271
75272
75273
75274
75275
75276
75277
75278
75279
75280
75285
75286
75287
75288
75289
75831
75832
75833
75834
75835
75836
75837
75838
75839
75840
75841
75842
75843
75844
75845
75846
75847
75848
75849
75850
75851
75852
75853
75854
75855
75856
75857
75858
75859
75860
75861
75862
75863
75864
75865
75866
75867
75868
75869
75870
75871
75872
75873
75874
75875
75876
75877
75878
75879
75880
75881
75882
75886
75887
75888
75889
75890
76409
76410
76411
76412
76413
76414
76415
76416
76417
76418
76419
76420
76421
76422
76423
76424
76425
76426
76427
76428
76429
76430
76431
76432
76433
76434
76435
76436
76437
76438
76439
76440
76441
76442
76443
76444
76445
76446
76447
76448
76449
76450
76451
76452
76453
76454
76455
76456
76457
76458
76459
76460
76461
76464
76465
76986
76988
76989
76990
76991
76992
76993
76994
76995
76996
76997
76998
76999
77000
77001
77002
77003
77004
77005
77006
77007
77008
77009
77010
77011
77012
77013
77014
77015
77016
77017
77018
77019
77020
77021
77022
77023
77024
77025
77026
77027
77028
77029
77030
77031
77032
77034
77035
77036
77037
77545
77546
77547
77548
77549
77550
77551
77552
77553
77554
77555
77556
77557
77558
77559
77560
77561
77562
77563
77564
77565
77566
77567
77568
77569
77570
77571
77572
77573
77574
77575
77576
77577
77578
77579
77580
77581
77582
77583
77584
77585
77586
77587
77588
77593
77594
77595
78120
78121
78122
78123
78124
78125
78126
78127
78128
78129
78130
78131
78132
78133
78134
78135
78136
78137
78138
78139
78140
78141
78142
78143
78144
78145
78146
78147
78148
78149
78150
78151
78152
78153
78154
78155
78156
78157
78158
78159
78164
78698
78699
78700
78701
78704
78705
78706
78707
78708
78709
78710
78711
78712
78713
78714
78715
78716
78717
78718
78719
78720
78721
78722
78723
78724
78725
78726
78727
78728
78729
78730
78731
78732
78733
78734
78735
78736
78737
78738
78739
78740
78746
79289
79290
79291
79292
79293
79299
79300
79301
79302
79303
79304
79305
79306
79307
79308
79309
79310
79311
79312
79313
79314
79315
79316
79317
79318
79319
79320
79321
79322
79323
79324
79325
79326
79327
79328
79329
79334
79335
79875
79876
79877
79878
79879
79887
79888
79889
79890
79891
79892
79893
79894
79895
79896
79897
79898
79899
79900
79901
79902
79903
79904
79905
79906
79907
79908
79909
79910
79911
79912
79914
79915
79916
79917
79919
79920
79921
80465
80466
80467
80475
80476
80477
80478
80479
80480
80481
80482
80483
80484
80485
80486
80487
80488
80489
80490
80491
80492
80493
80494
80495
80496
80497
80498
80503
80504
80505
80506
80507
80508
80509
81052
81053
81054
81055
81062
81063
81064
81065
81066
81067
81068
81069
81070
81071
81072
81073
81074
81075
81076
81077
81078
81079
81080
81081
81086
81087
81088
81089
81090
81091
81092
81093
81094
81610
81611
81612
81613
81614
81615
81616
81617
81618
81619
81620
81621
81622
81624
81625
81626
81627
81628
81635
81636
81637
81638
81639
81640
81641
81642
81643
81644
81645
82195
82196
82197
82198
82199
82200
82201
82202
82203
82204
82205
82206
82207
82208
82209
82210
82212
82214
82215
82225
82226
82227
82228
82229
82230
82231
82232
82233
82234
82235
82236
82237
82238
82788
82789
82794
82795
82796
82797
82798
82799
82800
82801
82802
82803
82804
82805
82806
82807
82808
82809
82810
82822
82823
82824
82825
82826
82827
82828
82829
82830
82831
82832
82833
82834
82835
82836
82837
82838
82839
83370
83371
83374
83375
83376
83379
83380
83381
83382
83383
83384
83385
83386
83387
83388
83389
83390
83391
83392
83393
83394
83395
83409
83410
83411
83412
83413
83414
83415
83416
83417
83418
83419
83420
83421
83422
83423
83424
83939
83940
83942
83943
83944
83945
83946
83947
83948
83949
83950
83951
83952
83953
83954
83955
83956
83957
83958
83959
83962
83978
83979
83980
83983
83984
83985
83986
83987
83988
83989
83990
84506
84507
84508
84509
84510
84511
84512
84513
84514
84515
84516
84517
84518
84519
84520
84521
84522
84523
84524
84548
84549
84550
85079
85080
85081
85082
85083
85084
85085
85086
85087
85088
85089
85090
85091
85092
85093
85094
85095
85121
85122
85123
85124
85660
85662
85663
85664
85665
85666
85667
85668
85669
85670
85698
85699
85700
85701
85702
85703
85704
85705
85706
86217
86219
86220
86221
86222
86223
86224
86225
86226
86257
86258
86259
86260
86261
86776
86777
86778
86779
86780
86781
86782
86783
86784
86817
86818
86819
87322
87329
87364