471692
471936
471937
471938
471939
471940
471945
471946
472194
472195
472196
472197
472198
472217
472218
472219
472220
472221
472222
472223
472224
472225
472226
472489
472490
472491
472492
472493
472494
472495
472508
472509
472512
472513
472514
472515
472516
472517
472518
472519
472520
472521
472522
472787
472788
472789
472790
472791
472792
472793
472794
472805
472806
472807
472810
472811
472812
472813
472814
472815
472816
472817
472818
472819
472820
472821
473086
473087
473088
473089
473090
473091
473092
473093
473107
473108
473110
473111
473112
473113
473114
473115
473116
473117
473118
473119
473120
473385
473386
473387
473388
473389
473390
473406
473407
473408
473409
473410
473411
473412
473413
473414
473415
473416
473418
473419
473420
473421
473422
473423
473424
473689
473690
473691
473692
473706
473707
473708
473709
473710
473711
473712
473713
473714
473715
473716
473717
473718
473719
473720
474010
474011
474012
474013
474028
474029
474030
474031
474032
474033
474034
474035
474036
474037
474038
474039
474040
474041
474042
474043
474044
474045
474046
474047
474323
474324
474325
474326
474330
474338
474339
474340
474341
474342
474343
474344
474345
474346
474347
474348
474349
474350
474351
474352
474353
474354
474355
474356
474357
474358
474649
474650
474651
474652
474653
474654
474655
474656
474661
474662
474663
474664
474665
474666
474667
474668
474669
474670
474671
474672
474673
474674
474675
474676
474677
474678
474679
474680
474681
474682
474970
474971
474972
474973
474974
474975
474976
474977
474978
474979
474982
474983
474984
474985
474986
474987
474988
474989
474990
474991
474992
474993
474994
474995
474996
474997
474998
474999
475000
475001
475002
475003
475305
475306
475307
475308
475309
475310
475311
475312
475313
475314
475315
475316
475317
475318
475319
475320
475321
475322
475323
475324
475325
475326
475327
475328
475329
475330
475331
475332
475333
475334
475335
475336
475642
475643
475644
475645
475646
475647
475648
475649
475650
475651
475652
475653
475654
475655
475656
475657
475658
475659
475660
475661
475662
475663
475664
475665
475666
475667
475668
475669
475670
475671
475672
475673
475674
475675
475676
475677
475678
475679
475680
475681
475972
475973
475974
475975
475976
475977
475978
475979
475980
475981
475982
475983
475984
475985
475986
475987
475988
475989
475990
475991
475992
475993
475994
475995
475996
475997
475998
475999
476000
476001
476002
476003
476004
476005
476006
476007
476008
476009
476010
476011
476012
476013
476014
476300
476301
476302
476303
476304
476305
476306
476307
476308
476309
476310
476311
476312
476313
476314
476315
476316
476317
476318
476319
476320
476321
476322
476323
476324
476327
476328
476330
476331
476332
476333
476334
476335
476336
476648
476649
476650
476651
476652
476653
476654
476655
476656
476657
476658
476659
476660
476661
476662
476663
476664
476667
476668
476669
476670
476671
476672
476675
476676
476677
476678
476679
476680
476681
476682
476683
477007
477008
477009
477010
477011
477012
477013
477014
477015
477016
477017
477018
477019
477020
477023
477024
477025
477026
477027
477028
477029
477030
477031
477032
477033
477034
477035
477036
477037
477038
477039
477040
477362
477363
477364
477365
477366
477367
477368
477369
477370
477371
477372
477377
477378
477379
477380
477381
477382
477383
477384
477385
477386
477387
477388
477389
477390
477391
477392
477725
477732
477733
477734
477735
477736
477737
477738
477739
477741
477742
477743
477744
477745
477746
477747
477752
477753
477754
477755
477756
477757
477758
477759
477760
477761
477762
477763
477764
477765
477766
477768
477769
478092
478093
478097
478098
478101
478102
478106
478107
478108
478109
478110
478111
478114
478115
478116
478117
478118
478119
478120
478125
478126
478127
478128
478129
478130
478131
478132
478133
478134
478135
478136
478137
478138
478139
478140
478141
478142
478143
478454
478455
478456
478457
478459
478460
478461
478464
478465
478466
478467
478468
478469
478470
478471
478472
478473
478478
478479
478480
478481
478482
478485
478486
478487
478488
478489
478490
478491
478492
478493
478494
478495
478496
478497
478498
478801
478802
478803
478804
478805
478806
478807
478808
478809
478810
478811
478812
478813
478814
478815
478816
478817
478818
478819
478820
478821
478822
478823
478824
478829
478830
478831
478832
478836
478837
478838
478839
478840
478841
478842
478843
478844
478845
478847
478848
479143
479144
479145
479146
479147
479148
479149
479150
479151
479152
479153
479154
479155
479156
479157
479158
479159
479160
479161
479162
479163
479164
479165
479166
479167
479168
479169
479170
479171
479175
479176
479177
479182
479183
479184
479185
479186
479187
479188
479189
479190
479191
479194
479195
479196
479465
479466
479467
479468
479469
479470
479471
479472
479473
479474
479475
479476
479477
479478
479479
479480
479481
479482
479483
479484
479485
479486
479487
479488
479489
479491
479492
479501
479502
479503
479776
479777
479778
479779
479780
479781
479782
479783
479784
479785
479786
479787
479788
479789
479790
479791
479792
479793
479794
479795
479796
479797
479798
479799
479800
479801
479802
479803
479804
479818
479819
479820
480092
480093
480094
480095
480096
480097
480098
480099
480100
480101
480102
480103
480104
480105
480106
480107
480108
480109
480110
480111
480112
480113
480114
480115
480116
480117
480118
480119
480120
480121
480122
480135
480136
480137
480412
480413
480414
480415
480416
480417
480418
480419
480420
480421
480422
480423
480424
480425
480426
480433
480434
480435
480436
480437
480438
480439
480453
480454
480455
480720
480721
480722
480723
480724
480725
480726
480727
480728
480729
480730
480731
480732
480733
480739
480740
480741
480742
480744
480760
480761
480762
481032
481033
481034
481035
481036
481037
481038
481039
481040
481041
481042
481043
481044
481048
481049
481050
481053
481338
481339
481340
481341
481342
481343
481344
481345
481346
481347
481348
481351
481352
481353
481354
481355
481356
481357
481358
481680
481681
481682
481683
481684
481685
481686
481687
481688
481689
481690
481691
481692
481693
481694
481695
481696
481697
481700
481701
482031
482032
482033
482034
482035
482036
482037
482038
482039
482040
482041
482042
482043
482044
482045
482046
482047
482048
482049
482050
482051
482366
482368
482369
482370
482371
482372
482373
482374
482375
482376
482377
482378
482379
482380
482381
482382
482383
482384
482386
482387
482388
482389
482390
482700
482701
482702
482703
482704
482705
482706
482707
482708
482709
482710
482711
482712
482713
482718
482719
482720
483042
483043
483044
483045
483046
483047
483048
483049
483050
483051
483052
483053
483054
483055
483056
483057
483058
483061
483062
483063
483064
483065
483066
483067
483412
483416
483417
483418
483419
483420
483421
483422
483423
483424
483429
483430
483431
483432
483433
483434
483435
483772
483773
483774
483775
483776
483777
483778
483788
483789
483790
483791
483792
484107
484108
484109
484110
484111
484112
484438
484439
484440
484441
484442
484761
484763