286055
286569
286570
286571
287079
287081
287082
287083
287089
287090
287594
287595
287596
287597
287598
287599
287600
287601
287602
287603
287604
287605
287606
287609
287610
287611
287612
287613
287614
288112
288113
288114
288115
288116
288117
288118
288119
288120
288121
288122
288123
288124
288126
288130
288131
288132
288133
288134
288649
288650
288651
288652
288653
288654
288655
288656
288657
288658
288659
288660
288661
288662
288663
288664
288665
288666
288667
288668
288669
289145
289146
289147
289148
289149
289150
289151
289152
289153
289154
289156
289157
289158
289159
289160
289161
289162
289163
289164
289617
289618
289619
289620
289621
289622
289623
289624
289625
289626
289628
289629
289630
289631
289632
289633
289634
289635
289636
289637
289638
289639
290122
290123
290124
290125
290126
290127
290128
290129
290134
290135
290136
290137
290138
290139
290140
290141
290142
290143
290613
290614
290615
290616
290617
290618
290619
290620
290621
290622
290623
290624
290625
290626
290627
290629
290630
290631
290632
290633
290634
291087
291088
291089
291090
291091
291092
291093
291094
291095
291096
291097
291098
291099
291100
291101
291102
291103
291104
291105
291106
291107
291557
291558
291559
291560
291561
291562
291563
291564
291565
291566
291567
291568
291569
291570
291571
291572
291573
291574
291575
291576
291577
291578
292031
292032
292033
292034
292035
292036
292037
292038
292039
292040
292041
292042
292043
292046
292047
292048
292049
292050
292051
292052
292053
292535
292536
292537
292538
292539
292540
292541
292542
292543
292544
292548
292549
292550
292551
292552
292553
292554
293035
293036
293038
293039
293040
293041
293042
293043
293044
293045
293046
293047
293048
293049
293052
293053
293054
293055
293056
293533
293537
293538
293539
293540
293541
293542
293543
293544
293545
293546
293547
293548
293549
293550
293551
293552
293553
293554
293557
293558
294033
294034
294035
294036
294037
294038
294039
294040
294041
294042
294043
294044
294045
294046
294047
294048
294049
294050
294051
294052
294053
294054
294055
294521
294522
294523
294524
294525
294526
294527
294528
294529
294530
294531
294532
294533
294534
294535
294536
294537
294538
294539
294540
294541
294542
295004
295005
295006
295007
295008
295009
295010
295011
295012
295013
295014
295015
295016
295017
295018
295019
295020
295021
295022
295023
295026
295496
295497
295498
295499
295500
295501
295502
295503
295504
295505
295506
295507
295508
295509
295510
295511
295978
295979
295980
295981
295982
295983
295984
295985
295986
295987
295988
295989
295990
295991
296455
296456
296457
296458
296459
296460
296461
296462
296463
296464
296465
296466
296467
296468
296469
296470
296939
296940
296941
296942
296943
296944
296945
296946
296947
296948
296949
296950
296951
296952
296953
296954
296955
296956
296957
296958
296959
296960
296961
296962
297453
297454
297455
297456
297457
297458
297459
297460
297461
297462
297463
297464
297465
297466
297467
297468
297469
297470
297471
297472
297473
297474
297475
297975
297976
297977
297978
297979
297980
297981
297982
297983
297984
297985
297986
297987
297988
297989
297990
297991
297992
297993
297994
298500
298501
298502
298503
298504
298505
298506
298507
298508
298509
298510
298511
298512
298513
298514
298515
298516
298517
298518
298519
299010
299011
299012
299013
299014
299015
299016
299017
299018
299019
299020
299021
299022
299023
299024
299025
299026
299027
299028
299029
299526
299527
299528
299529
299530
299531
299532
299533
299534
299535
299536
299537
299538
299539
299540
299541
299542
299543
299544
299545
299546
299547
299548
299549
299550
300024
300025
300026
300027
300028
300029
300030
300031
300032
300033
300034
300035
300036
300037
300038
300039
300040
300041
300042
300043
300044
300045
300046
300047
300048
300049
300050
300555
300556
300557
300558
300559
300560
300561
300562
300563
300564
300565
300566
300567
300568
300569
300570
300571
300572
300573
300574
300575
300576
300577
300578
300579
300580
300581
300582
300583
301091
301092
301093
301094
301095
301096
301097
301098
301099
301100
301101
301102
301103
301104
301105
301106
301107
301108
301109
301110
301111
301112
301113
301114
301115
301116
301117
301118
301119
301120
301121
301122
301123
301124
301651
301652
301653
301654
301655
301656
301657
301658
301659
301660
301661
301662
301663
301664
301665
301666
301667
301668
301669
301670
301671
301672
301673
301674
301675
301676
301677
301678
301679
301680
301681
301682
301683
301684
302187
302188
302189
302190
302191
302192
302193
302194
302195
302196
302197
302198
302199
302200
302201
302202
302203
302204
302205
302206
302207
302208
302209
302210
302211
302212
302213
302723
302724
302725
302726
302727
302728
302729
302730
302731
302732
302733
302734
302735
302736
302737
302738
302740
302741
302742
302743
302744
302745
302746
302747
302748
302749
302750
302751
302752
303258
303259
303260
303261
303262
303263
303264
303265
303266
303267
303268
303269
303270
303271
303272
303273
303274
303275
303276
303277
303278
303279
303280
303281
303282
303283
303284
303285
303286
303287
303805
303806
303807
303808
303809
303810
303811
303812
303813
303814
303815
303816
303817
303818
303819
303820
303821
303822
303823
303824
303825
303826
303827
303828
303829
303830
303831
303832
303833
303834
303835
303836
303837
303838
304345
304346
304347
304348
304349
304350
304351
304352
304353
304354
304355
304356
304357
304358
304359
304360
304361
304362
304363
304364
304365
304366
304367
304368
304369
304370
304371
304372
304373
304374
304375
304376
304377
304378
304379
304380
304892
304895
304896
304897
304898
304899
304900
304901
304902
304903
304904
304905
304906
304907
304908
304909
304910
304911
304912
304913
304914
304915
304916
304917
304918
304919
304920
304921
304922
304923
304924
304925
304926
304927
304928
304929
304930
304931
304932
304933
305448
305450
305451
305452
305453
305454
305455
305456
305457
305458
305459
305460
305461
305462
305463
305464
305465
305466
305467
305468
305469
305470
305471
305473
305474
305475
305476
305477
305478
305479
305480
305481
305482
305483
306001
306002
306003
306004
306005
306006
306007
306008
306009
306010
306011
306012
306013
306014
306015
306016
306017
306018
306019
306020
306021
306022
306023
306024
306025
306026
306027
306031
306032
306033
306034
306035
306036
306037
306038
306562
306563
306564
306565
306566
306567
306568
306569
306570
306571
306572
306576
306578
306579
306580
306581
306582
306583
306584
306585
306586
306587
306590
306591
306592
306593
306594
306595
306596
307114
307115
307116
307117
307118
307119
307121
307127
307128
307131
307132
307133
307138
307139
307140
307141
307142
307143
307144
307659
307661
307662
307663
307665
307678
307681
307682
307683
307684
307685
308202
308203
308204
308205
308206
308219
308220
308748
308749
308750
308760
308761
308762
308763
308764
308765
308766
308767
309293
309294
309295
309296
309308
309309
309310
309311
309312
309313
309314
309826
309827
309839
309840
309841
309842
310370
310371
310372