191108
191109
191110
191111
191677
191678
191679
191680
191681
191682
192247
192248
192249
192250
192797
192798
192799
192800
192801
193346
193347
193349
193350
193351
193352
193353
193354
193355
193356
193357
193871
193872
193873
193874
193875
193888
193889
193890
193891
193892
193893
193894
193895
193896
193897
193898
193899
194437
194438
194439
194440
194441
194452
194453
194454
194455
194456
194457
194458
194459
194460
194461
194462
194463
194994
194995
195007
195008
195009
195010
195016
195017
195018
195019
195020
195021
195022
195023
195024
195025
195026
195027
195524
195525
195526
195527
195537
195539
195540
195541
195542
195544
195545
195546
195547
195548
195549
195551
195552
195553
195554
195555
196061
196062
196063
196064
196072
196073
196074
196075
196076
196077
196078
196079
196080
196081
196082
196083
196084
196085
196088
196092
196094
196580
196581
196582
196583
196586
196587
196588
196589
196590
196591
196592
196593
196594
196595
196596
196597
196598
196599
196600
196601
196602
197101
197102
197103
197104
197105
197106
197107
197108
197109
197110
197111
197112
197113
197114
197115
197116
197117
197118
197119
197120
197121
197122
197123
197124
197125
197126
197127
197128
197619
197620
197621
197622
197623
197624
197625
197626
197627
197628
197629
197630
197631
197632
197633
197634
197635
197636
197637
197638
197639
197640
197641
197642
197643
197644
197645
197646
197647
198177
198178
198179
198180
198181
198182
198183
198184
198185
198186
198187
198188
198189
198190
198191
198192
198193
198194
198195
198196
198197
198198
198199
198200
198201
198202
198203
198204
198205
198206
198207
198741
198742
198743
198744
198745
198746
198747
198748
198749
198750
198751
198752
198753
198754
198755
198756
198757
198758
198759
198760
198761
198762
198764
198765
198766
198767
198768
198769
198770
198771
198772
198773
198774
199337
199338
199339
199340
199341
199342
199343
199344
199345
199346
199347
199348
199349
199350
199351
199352
199353
199354
199355
199356
199357
199358
199359
199360
199361
199362
199363
199364
199365
199366
199931
199932
199933
199934
199935
199936
199937
199939
199940
199941
199942
199943
199944
199945
199946
199947
199948
199949
199950
199951
199952
199953
199954
199955
199956
199957
199958
199959
199960
199961
199962
200529
200530
200531
200532
200534
200535
200536
200537
200538
200539
200540
200541
200542
200543
200544
200545
200546
200547
200548
200549
200550
200551
200552
200553
201093
201094
201095
201096
201097
201098
201099
201102
201103
201104
201105
201106
201107
201108
201109
201110
201111
201112
201113
201114
201651
201659
201660
201661
201662
201663
201664
201665
201666
201667
201668
201669
201670
201671
201672
201673
202233
202234
202235
202236
202237
202238
202239
202240
202241
202242
202243
202244
202245
202246
202814
202815
202816
202817
202818
202819
202820
202821
202822
202823
202824
203388
203389
203390
203391
203392
203393
203394
203395
203396
203397
203399
203400
203950
203951
203952
203953
203954
203955
203956
203957
203958
203959
203960
204506
204507
204508
204509
204510
204511
204512
204513
204514
204515
204516
204517
204518
205053
205054
205055
205057
205058
205059
205060
205061
205062
205063
205064
205065
205066
205067
205606
205608
205609
205610
205611
205612
205613
205614
205615
205616
205617
205618
205619
206157
206158
206159
206160
206161
206162
206163
206164
206165
206166
206168
206172
206724
206725
206726
206727
206728
206729
206730
206731
206732
206733
206734
206735
207268
207269
207270
207271
207274
207275
207276
207801
207802
207803
207804
207805
207809
207810
207811
208313
208314
208315
208316
208317
208319
208320
208321
208322
208824
208825
208826
208827
208828
208829
208830
208831
208834
208835
208836
209316
209317
209318
209319
209320
209321
209322
209323
209324
209325
209326
209327
209328
209800
209801
209802
209803
209804
209805
209806
209807
209808
209809
209810
209811
209812
209813
209814
209815
209817
209818
209819
209820
210288
210289
210290
210291
210292
210293
210294
210295
210296
210297
210298
210299
210300
210301
210302
210303
210304
210305
210306
210307
210783
210784
210785
210786
210787
210790
210791
210792
210793
210794
210795
210796
210797
210798
211320
211321
211322
211325
211326
211327
211328
211329
211330
211843
211846
211847
211848
211849
211850
211851
211852
211853
211854
211855
211856
212363
212365
212366
212367
212368
212369
212370
212371
212372
212373
212374
212375
212376
212377
212378
212379
212380
212871
212872
212873
212874
212875
212876
212877
212878
212879
212880
212881
212882
212883
212884
212885
212886
212887
212888
213393
213394
213395
213396
213398
213399
213400
213401
213402
213403
213404
213405
213406
213407
213923
213924
213925
213926
213927
213928
213929
213930
213931
213932
213933
213934
213935
214478
214479
214484
214485
214486
214488
214489
214490
214491
214492
214493
214494
214496
214497
214498
214499
214500
215052
215053
215055
215056
215057
215058
215059
215060
215061
215062
215063
215064
215065
215066
215067
215068
215069
215070
215071
215072
215073
215074
215611
215612
215614
215615
215616
215617
215618
215619
215620
215621
215622
215623
215624
215625
215626
215627
215628
215629
215630
215631
215632
215633
215634
216182
216183
216184
216185
216186
216187
216188
216189
216190
216191
216192
216193
216194
216195
216196
216197
216199
216200
216201
216744
216745
216746
216747
216748
216749
216750
216751
216752
216753
216754
216755
216756
216757
216758
216759
216760
216761
216762
216763
216764
216765
217312
217313
217314
217315
217316
217317
217318
217319
217320
217321
217322
217323
217324
217325
217326
217327
217328
217329
217330
217331
217332
217333
217334
217335
217336
217873
217874
217875
217876
217877
217878
217879
217880
217881
217882
217883
217884
217885
217886
217887
217888
217889
217890
217891
217892
217893
217894
217895
217896
218431
218432
218433
218434
218435
218436
218437
218438
218439
218440
218441
218442
218443
218444
218445
218446
218447
218448
218449
218450
218451
218986
218990
218991
218992
218993
218994
218995
218996
218997
218998
218999
219000
219001
219002
219003
219004
219005
219006
219007
219501
219502
219503
219504
219505
219506
219507
219508
219509
219510
219511
219512
219513
219514
219515
219516
220034
220035
220036
220037
220038
220039
220040
220041
220042
220043
220044
220045
220046
220047
220048
220049
220050
220051
220052
220053
220601
220602
220603
220604
220605
220606
220607
220608
220609
220610
220611
220612
220613
220614
220615
220618
220619
220620
221165
221166
221169
221170
221171
221172
221173
221174
221175
221176
221177
221178
221179
221180
221181
221182
221183
221726
221727
221728
221729
221730
221731
221732
221733
221734
221735
221736
221737
221738
222257
222258
222259
222260
222261
222262
222263
222264
222265
222266
222781
222782
222783
222784
222785
222786
222787
222788
222789
222790
223298
223299
223300
223303
223304
223305
223306
223833
223835
223836
224358
224359
224361
224862
224865
224866
224867
225378
225379
225380
225889