305758
306313
306319
306320
306321
306865
306866
306867
306868
306869
306870
306871
306872
306873
306874
306875
306876
306877
306878
307416
307417
307418
307419
307420
307421
307422
307423
307424
307425
307426
307427
307428
307429
307430
307431
307432
307433
307436
307437
307955
307956
307957
307958
307959
307960
307961
307962
307963
307964
307965
307966
307967
307968
307969
307970
307971
307972
307973
307974
307975
307976
307977
307978
307979
308503
308504
308505
308506
308507
308508
308509
308510
308511
308512
308513
308514
308515
308516
308517
308518
308519
308520
308521
308522
308523
308524
308525
308526
308527
308528
309056
309057
309058
309059
309060
309062
309063
309064
309065
309066
309067
309068
309069
309070
309071
309072
309073
309074
309075
309076
309077
309078
309079
309080
309081
309082
309586
309587
309588
309589
309590
309591
309592
309593
309594
309595
309596
309597
309598
309599
309600
309601
309602
309603
309604
309605
309606
309607
309608
309609
309610
310123
310124
310125
310126
310127
310128
310129
310130
310131
310132
310133
310134
310135
310136
310137
310138
310139
310140
310141
310142
310143
310144
310145
310146
310147
310673
310674
310675
310676
310677
310678
310679
310680
310681
310682
310683
310684
310685
310686
310687
310688
310689
310690
310691
310692
310693
310694
310695
310696
310697
310698
310699
310700
310701
310702
310703
310704
310705
310706
311210
311211
311212
311213
311214
311215
311216
311217
311218
311219
311220
311221
311222
311223
311224
311226
311227
311228
311229
311230
311231
311232
311233
311234
311235
311236
311237
311238
311239
311240
311241
311242
311750
311751
311752
311753
311754
311755
311756
311757
311758
311759
311760
311761
311762
311763
311764
311765
311766
311772
311773
311777
311780
311781
311782
311783
311784
311785
311786
311787
311788
311789
311790
311791
312271
312272
312273
312274
312275
312276
312277
312278
312279
312280
312281
312282
312283
312284
312285
312286
312302
312303
312304
312305
312306
312307
312308
312309
312310
312311
312312
312313
312314
312767
312769
312770
312771
312772
312773
312774
312775
312776
312777
312778
312779
312780
312781
312782
312798
312799
312800
312801
312802
312803
312804
312805
313235
313236
313237
313238
313239
313240
313241
313242
313243
313244
313245
313246
313247
313248
313249
313250
313264
313265
313267
313268
313269
313270
313271
313272
313709
313710
313711
313712
313713
313714
313715
313716
313717
313718
313719
313720
313721
313722
313723
313737
313742
313743
313744
313745
313746
314168
314169
314170
314171
314172
314173
314174
314175
314176
314177
314178
314179
314180
314181
314197
314205
314206
314207
314208
314625
314626
314629
314630
314631
314632
314633
314649
314658
314659
314660
314661
314662
314663
314664
315075
315076
315077
315081
315082
315083
315098
315099
315101
315102
315103
315104
315105
315106
315526
315527
315531
315532
315533
315534
315535
315547
315548
315549
315550
315551
315552
315553
315554
315555
315556
315557
315558
315559
315990
315991
315992
315994
315995
315996
315997
315998
316007
316008
316009
316010
316011
316012
316013
316014
316015
316016
316017
316018
316019
316454
316457
316458
316459
316460
316469
316470
316471
316472
316473
316474
316475
316476
316477
316478
316479
316480
316481
316482
316483
316484
316921
316922
316923
316924
316925
316926
316927
316928
316935
316936
316937
316938
316939
316941
316942
316943
316944
316945
316946
316947
316948
316949
317408
317409
317410
317411
317412
317413
317414
317415
317416
317417
317423
317424
317425
317426
317428
317429
317431
317432
317433
317434
317435
317892
317893
317894
317895
317896
317897
317898
317899
317900
317901
317902
317903
317904
317905
317906
317907
317910
317911
317912
317913
317914
317915
317916
317917
318399
318400
318401
318402
318403
318404
318405
318406
318407
318408
318409
318410
318411
318412
318413
318414
318415
318416
318417
318418
318419
318420
318909
318910
318911
318912
318913
318914
318915
318916
318917
318918
318919
318920
318921
318922
318923
318924
318925
318926
319409
319410
319411
319412
319413
319414
319415
319416
319417
319418
319419
319420
319421
319422
319423
319424
319425
319426
319427
319428
319429
319430
319895
319896
319897
319898
319899
319900
319901
319902
319903
319904
319905
319906
319907
319908
319909
319910
319911
319912
319913
320379
320380
320381
320382
320383
320384
320386
320387
320388
320389
320390
320391
320392
320393
320394
320395
320396
320853
320854
320855
320856
320857
320858
320859
320860
320861
320862
320863
320867
320868
320869
320870
320871
320872
320873
320874
320875
320876
320877
321318
321319
321320
321321
321322
321323
321324
321325
321326
321327
321328
321329
321330
321332
321333
321334
321335
321336
321337
321338
321339
321340
321341
321342
321343
321783
321784
321785
321786
321787
321788
321789
321790
321791
321792
321793
321794
321795
321796
321797
321798
321799
321800
321801
321802
321803
321804
321805
321806
321807
321808
322255
322256
322257
322258
322259
322260
322261
322262
322263
322264
322265
322266
322267
322268
322269
322270
322730
322731
322732
322733
322734
322735
322736
322737
322738
322739
322740
322741
322742
322743
323228
323229
323230
323231
323232
323233
323234
323235
323236
323237
323238
323239
323707
323708
323709
323710
323711
323712
323713
323714
323715
323716
323717
323718
323719
323720
323721
323722
323723
324199
324200
324201
324202
324203
324204
324205
324206
324207
324208
324209
324210
324211
324213
324214
324215
324716
324722
324723
324724
324725
324726
324727
324728
324729
325237
325238
325240
325241
325242
325243
325244
325245
325246
325247
325763
325764
325765
325766
325767
325768
325769
325770
325771
325772
325773
325774
325775
325776
325777
325778
325779
325780
325781
326273
326274
326275
326276
326277
326278
326279
326280
326281
326282
326283
326284
326285
326286
326287
326288
326289
326290
326291
326292
326293
326787
326789
326790
326791
326792
326793
326794
326795
326796
326797
326798
326799
326800
326801
326802
326803
326804
326805
327301
327302
327303
327304
327305
327306
327307
327308
327309
327310
327311
327312
327313
327314
327315
327316
327317
327318
327319
327320
327838
327839
327840
327841
327842
327843
327844
327845
327846
327847
327848
327849
327850
327851
327852
327853
327854
327855
327856
328359
328360
328361
328362
328363
328364
328365
328366
328371
328372
328373
328852
328853
328854
328855
328856
328857
328858
328859
328860
328861
328864
328865
329341
329342
329343
329344
329345
329346
329347
329790
329791
329792
329793
329794
329795
329796
329797
329798
330250
330251
330252
330253
330254
330255
330256
330257
330718
330719
330720
330721
330722
330723
330724
331195
331196
331197
331198
331199
331200
331658
331659
331660
331661
331662
332143
332144
332145
332146
332147
332148
332624
332625
332626
332627
332628
332629
332630
332631
333103
333104
333592
333593
334035
334036
334038
334493
334494
334495
334496
334497
334498
334499
334946
334947
334948
334950
334951
334952
335390