33595
33598
33599
33600
33601
33602
33603
34088
34089
34090
34091
34094
34095
34096
34097
34098
34099
34100
34101
34102
34103
34104
34105
34602
34603
34604
34605
34609
34610
34611
34612
34613
34614
34615
34616
34617
34618
34619
34620
34621
34622
35133
35134
35135
35137
35138
35139
35140
35141
35142
35143
35144
35145
35146
35147
35148
35149
35150
35641
35642
35643
35644
35645
35646
35647
35648
35649
35650
35651
35652
35653
35654
35655
35656
35657
35658
35659
35660
36137
36138
36139
36140
36141
36142
36143
36144
36145
36146
36147
36148
36149
36150
36151
36152
36153
36154
36155
36156
36609
36610
36611
36613
36614
36615
36616
36617
36618
36619
36620
36621
36622
36623
36624
36625
36626
36627
36628
36629
36630
36631
36632
36633
37070
37071
37072
37073
37074
37075
37083
37084
37085
37086
37087
37088
37089
37090
37091
37092
37093
37094
37095
37096
37097
37098
37534
37539
37540
37541
37544
37545
37546
37547
37548
37556
37557
37558
37559
37560
37561
37562
37563
37564
37565
37567
37568
37569
37570
37571
37574
38020
38021
38026
38027
38028
38031
38032
38033
38043
38044
38045
38046
38048
38049
38050
38051
38052
38053
38057
38058
38059
38060
38062
38526
38531
38532
38533
38534
38535
38536
38537
38539
38540
38541
38542
38552
38553
38554
38555
38556
38557
38558
38561
38562
38563
38564
38565
38567
38568
38569
38570
38571
38572
38573
39033
39034
39035
39036
39037
39038
39040
39041
39042
39043
39044
39045
39046
39047
39048
39049
39050
39051
39052
39058
39059
39060
39061
39062
39063
39064
39065
39068
39069
39070
39071
39073
39074
39075
39076
39077
39078
39079
39555
39557
39558
39559
39560
39562
39563
39567
39568
39569
39570
39571
39572
39573
39574
39575
39576
39577
39578
39579
39580
39581
39582
39583
39584
39585
39586
39587
39588
39589
39590
39591
39592
39595
39598
39599
39600
39601
39602
39603
39604
39605
39606
39607
39608
40085
40086
40088
40089
40090
40096
40097
40098
40100
40101
40102
40103
40104
40105
40106
40107
40108
40109
40110
40111
40112
40113
40114
40115
40116
40117
40118
40119
40120
40121
40122
40123
40124
40125
40126
40127
40128
40129
40131
40132
40133
40134
40135
40136
40137
40138
40139
40140
40614
40615
40616
40617
40618
40619
40620
40627
40628
40631
40632
40633
40634
40635
40636
40637
40638
40639
40640
40641
40642
40643
40644
40645
40646
40647
40648
40649
40650
40651
40652
40653
40654
40655
40656
40657
40658
40660
40661
40662
40663
40664
40665
40666
40667
40668
40671
40672
41144
41145
41146
41147
41148
41149
41151
41152
41153
41160
41161
41162
41163
41164
41165
41166
41167
41168
41169
41170
41171
41172
41173
41174
41175
41176
41177
41178
41179
41180
41181
41182
41183
41184
41185
41186
41187
41188
41189
41190
41191
41192
41193
41194
41195
41196
41197
41199
41200
41201
41711
41712
41713
41714
41715
41716
41717
41718
41719
41720
41721
41724
41725
41726
41727
41728
41729
41730
41731
41732
41733
41734
41735
41736
41737
41738
41739
41740
41741
41742
41743
41744
41745
41746
41747
41748
41749
41750
41751
41752
41753
41754
41755
41756
41757
41758
41759
41760
41761
41762
41763
41764
41765
41766
41767
42285
42286
42287
42288
42289
42291
42292
42293
42294
42295
42296
42299
42300
42301
42302
42303
42304
42305
42306
42307
42308
42309
42310
42311
42312
42313
42314
42315
42316
42317
42318
42319
42320
42321
42322
42323
42324
42325
42326
42327
42328
42329
42330
42331
42332
42333
42334
42335
42336
42337
42338
42339
42340
42341
42861
42862
42863
42864
42865
42866
42867
42868
42869
42870
42873
42874
42875
42876
42877
42878
42879
42880
42881
42882
42883
42884
42885
42886
42887
42888
42889
42890
42891
42892
42893
42894
42895
42896
42897
42898
42899
42900
42901
42902
42903
42905
42906
42907
42908
42909
42910
42911
42912
42913
42916
42917
42918
42919
43424
43425
43426
43427
43428
43429
43430
43431
43432
43433
43434
43435
43437
43438
43439
43440
43441
43442
43443
43444
43445
43446
43447
43448
43449
43450
43451
43452
43453
43454
43455
43456
43457
43458
43459
43460
43461
43462
43463
43466
43467
43470
43472
43473
43474
43475
43476
43479
43989
43993
43994
43995
43996
43997
43998
43999
44000
44001
44002
44003
44004
44005
44006
44007
44008
44009
44010
44011
44012
44013
44014
44015
44016
44017
44018
44019
44020
44021
44022
44023
44024
44029
44030
44031
44033
44034
44035
44036
44037
44038
44040
44043
44542
44543
44544
44545
44546
44547
44548
44549
44550
44551
44552
44553
44554
44555
44556
44557
44558
44559
44560
44561
44562
44563
44564
44565
44566
44567
44568
44569
44570
44571
44572
44573
44574
44575
44580
44581
44584
45065
45066
45067
45068
45069
45070
45071
45072
45073
45074
45075
45076
45077
45078
45079
45080
45081
45082
45083
45084
45085
45086
45087
45088
45089
45090
45091
45092
45093
45100
45101
45605
45606
45607
45610
45612
45613
45614
45615
45616
45617
45618
45619
45620
45621
45622
45623
45624
45625
45632
46116
46117
46118
46119
46120
46121
46122
46123
46126
46127
46128
46129
46130
46131
46132
46133
46134
46135
46141
46142
46143
46627
46631
46633
46634
46637
46638
46639
46640
46645
46646
46647
46648
47094
47095
47096
47097
47098
47102
47103
47104
47105
47106
47110
47111
47112
47113
47554
47555
47556
47560
47561
47562
47563
47564
47565
47566
47567
47569
47570
47572
47573
47574
47575
47992
47993
47994
48002
48003
48004
48005
48006
48007
48008
48009
48010
48011
48012
48013
48014
48015
48016
48017
48018
48474
48475
48476
48477
48478
48479
48480
48481
48482
48483
48484
48485
48486
48487
48488
48489
48490
48950
48951
48952
48953
48954
48955
48956
48957
48958
48959
48960
48961
48962
48963
48964
48965
49422
49423
49424
49425
49426
49427
49428
49430
49431
49432
49433
49434
49435
49436
49437
49438
49439
49904
49905
49906
49907
49908
49909
49910
49911
49912
49913
49914
49915
50376
50377
50378
50379
50380
50381
50382
50383
50384
50385
50386
50387
50388
50391
50392
50393
50394
50856
50857
50858
50859
50860
50861
50862
50863
50864
50865
50866
50867
50868
51322
51323
51324
51325
51326
51327
51328
51329
51330
51331
51790
51791
51792
52251
52720
53183
53184
53639
53640
53641
54103
54104
54105
54106
54577
54578
54579
54580
54581
54582