162939
162940
162941
162942
162943
163380
163381
163817
163818
163819
163820
163821
163822
163823
163824
163825
163826
164249
164250
164251
164252
164253
164254
164255
164256
164257
164258
164259
164260
164261
164262
164263
164264
164265
164266
164715
164716
164717
164718
164720
164721
164722
164723
164724
164725
164726
164727
164728
164729
164730
164731
164732
164733
164734
164735
164736
164737
164738
164739
164740
164741
165183
165184
165186
165187
165188
165189
165190
165191
165192
165193
165194
165195
165196
165197
165198
165199
165200
165201
165202
165203
165204
165205
165206
165207
165208
165209
165210
165657
165658
165659
165660
165661
165662
165663
165664
165665
165666
165667
165668
165669
165670
165671
165672
165673
165674
165675
165676
165677
165678
165679
166141
166142
166143
166144
166145
166146
166147
166148
166149
166150
166151
166152
166153
166154
166155
166156
166157
166158
166159
166160
166626
166627
166628
166629
166630
166631
166632
166633
166634
166635
166636
166637
166638
166639
166640
166641
166642
166643
166644
166645
167109
167110
167111
167112
167113
167114
167115
167116
167117
167118
167119
167120
167121
167122
167123
167124
167125
167126
167629
167630
167631
167632
167633
167634
167635
167636
167637
167638
167639
167640
167641
167642
167643
167644
167645
167646
168142
168143
168144
168145
168146
168147
168148
168149
168150
168151
168152
168153
168154
168155
168156
168157
168158
168159
168160
168161
168665
168666
168667
168668
168669
168670
168671
168672
168673
168674
168675
168676
168677
168679
168680
168681
168682
168683
168684
169172
169173
169174
169175
169176
169177
169178
169179
169180
169181
169182
169183
169184
169185
169186
169187
169672
169673
169674
169675
169676
169677
169678
169679
169683
169684
169685
169686
169687
169688
170196
170197
170198
170199
170200
170201
170202
170203
170204
170741
170743
170744
170745
170746
171289
171290
171291
171819
171820
171821
171822
171823
171824
172334
172335
172336
172337
172338
172842
172843
172844
172845
172846
172847
172848
172849
172850
172851
172852
173355
173356
173357
173358
173359
173360
173361
173362
173363
173364
173365
173366
173367
173368
173881
173882
173883
173884
173885
173886
173887
173888
173889
173890
173891
173892
174424
174425
174426
174427
174428
174429
174430
174431
174968
174969
174970
174971
174972
174973
174974
174975
174976
175477
175478
175479
175480
175481
175482
175483
175484
176048
176049
176050
176051
176052
176053
176054
176656
176657
176658
176659
177279
177280
177281
177282
177921
177922
177923
177924
177925
178573
178574
178575
178576
178577
179200
179201
179202
179203
179204
179205
179206
179833
179834
179835
179836
179837
179838
179839
179845
179846
179847
180480
180481
180482
180483
180484
180485
180490
180491
181153
181154
181155
181156
181157
181158
181159
181160
181161
181162
181163
181164
181165
181809
181810
181811
181812
181813
181814
181815
181816
181817
181818
181819
181820
181821
182452
182453
182455
182456
182457
182458
182459
182460
182461
182462
182463
182464
182465
183087
183088
183089
183090
183091
183092
183093
183094
183095
183096
183097
183098
183099
183100
183702
183703
183704
183705
183706
183707
183708
183709
183710
183711
183712
184291
184292
184293
184294
184295
184296
184297
184298
184299
184300
184301
184302
184303
184304
184896
184897
184898
184899
184900
184901
184902
184903
184904
184905
184906
184907
184908
184909
184910
184911
184912
184913
184914
185528
185529
185530
185531
185532
185533
185534
185535
185536
185537
185538
185539
185540
185541
185542
185543
186172
186173
186174
186175
186176
186177
186178
186179
186180
186181
186182
186183
186184
186185
186186
186187
186808
186809
186810
186811
186812
186813
186814
186815
186816
186817
186818
186819
186820
186821
186822
186823
186824
186825
186826
186827
186828
187426
187427
187428
187429
187430
187431
187432
187433
187434
187435
187436
187437
187438
187439
187440
187441
187442
187443
187444
187445
187446
187447
187448
187449
187450
187451
187452
187453
187454
188036
188037
188038
188039
188040
188041
188042
188043
188044
188045
188046
188047
188048
188049
188050
188051
188052
188053
188054
188055
188056
188057
188058
188059
188060
188061
188062
188650
188651
188652
188653
188654
188655
188656
188657
188658
188659
188660
188661
188662
188663
188664
188665
188666
188667
188668
188669
188670
188671
188672
188673
188674
189258
189259
189260
189261
189262
189263
189264
189265
189266
189267
189268
189269
189270
189271
189272
189273
189274
189275
189276
189277
189278
189279
189280
189281
189282
189852
189853
189854
189855
189856
189857
189858
189859
189860
189861
189862
189863
189864
189865
189866
189867
189868
189869
189870
189871
189872
189873
189874
189875
189876
189877
190430
190431
190432
190433
190434
190435
190436
190437
190438
190439
190440
190441
190442
190443
190444
190445
190446
190447
190448
190449
190450
190451
190452
190453
190454
190996
190997
190998
190999
191000
191001
191002
191003
191004
191005
191006
191007
191008
191009
191010
191011
191012
191013
191014
191015
191016
191017
191018
191019
191563
191564
191565
191566
191567
191568
191569
191570
191571
191572
191573
191574
191575
191576
191577
191578
191579
191580
191581
191582
191583
191584
191585
191586
191587
191588
192135
192136
192137
192138
192139
192140
192141
192142
192143
192144
192145
192146
192147
192148
192149
192150
192151
192152
192153
192154
192155
192156
192157
192158
192687
192688
192689
192690
192691
192692
192693
192694
192695
192696
192697
192698
192699
192700
192701
192702
192703
192704
192705
192706
192707
192708
192709
192710
192711
192712
192713
192714
192715
193244
193245
193246
193247
193248
193249
193250
193251
193252
193253
193254
193255
193256
193257
193258
193259
193260
193261
193262
193263
193789
193790
193791
193792
193793
193795
193796
193797
193798
193799
193800
193801
193802
193803
193804
193805
194350
194351
194352
194353
194354
194355
194356
194357
194358
194359
194360
194361
194362
194363
194364
194365
194366
194923
194924
194925
194927
194928
194929
194930
194931
194932
194933
195459
195462
195463
195464
195465
195466
195468
195469
195470
195471
195990
195994
195995
195996
195997
195998
195999
196000
196001
196002
196003
196004
196005
196006
196007
196008
196507
196508
196509
196510
196511
196512
196513
196514
196515
196516
196517
196518
196519
196520
196521
196522
196523
196524
196525
196526
197035
197036
197037
197038
197040
197041
197042
197043
197044
197045
197046
197047
197048
197049
197050
197051
197549
197550
197551
197552
197556
197557
197558
197559
197560
197561
197563
197564
197565
197566
197567
197568
198111
198112
198113
198114
198118
198119
198120
198121
198122
198123
198124
198125
198126
198127
198128
198129
198130
198671
198672
198673
198674
198675
198676
198677
198678
198679
198680
198681
198682
198683
198684
198685
198686
199271
199272
199273
199274
199275
199276
199277
199278
199279
199280
199281
199282
199283
199873
199874
199875
199876
199877
199878
200470