104945
104947
104948
104951
104952
105568
105569
105570
105571
105572
105573
105574
106179
106180
106181
106182
106183
106185
106186
106789
106792
106793
106794
106795
106796
106797
107384
107385
107386
107387
107388
107389
107390
107391
107392
107393
107394
107989
107990
107991
107992
107993
107994
107995
107996
107997
107998
107999
108013
108608
108609
108610
108611
108612
108613
108614
108615
108616
108617
108618
108619
108620
108621
108622
108630
108631
108632
108634
108635
109242
109243
109244
109245
109246
109247
109248
109249
109250
109251
109252
109253
109254
109255
109256
109257
109264
109265
109266
109267
109268
109269
109879
109880
109881
109882
109883
109884
109885
109886
109887
109888
109889
109890
109891
109892
109893
109901
109902
109903
109904
109905
109906
109907
109908
110503
110504
110505
110506
110507
110508
110509
110510
110511
110512
110513
110514
110515
110516
110517
110518
110519
110520
110521
110522
110523
110524
111146
111147
111148
111149
111150
111151
111152
111153
111154
111155
111156
111157
111158
111159
111161
111162
111165
111166
111167
111168
111768
111769
111770
111771
111772
111773
111774
111775
111776
111777
111778
111779
111780
111781
111785
111786
112357
112358
112359
112360
112361
112362
112363
112364
112365
112366
112367
112368
112369
112370
112371
112372
112377
112378
112379
112952
112953
112954
112955
112956
112957
112958
112959
112960
112961
112962
112963
112964
112965
112966
112967
112968
112972
112973
112974
113546
113547
113548
113549
113550
113551
113552
113553
113554
113555
113556
113557
113558
113559
113560
113561
113563
113564
113565
113566
114116
114117
114118
114119
114120
114121
114122
114123
114124
114126
114127
114128
114671
114672
114673
114674
114675
114676
114677
114678
114679
114680
114681
114682
114683
115231
115233
115234
115235
115236
115237
115238
115239
115240
115241
115781
115782
115783
115784
115785
115786
115787
115788
115791
115792
116341
116342
116343
116344
116345
116346
116347
116348
116349
116350
116351
116352
116892
116893
116894
116895
116896
116898
116899
116900
116901
116902
117458
117459
117460
117461
117462
117463
117464
117465
117466
117995
117998
117999
118001
118002
118003
118005
118006
118007
118008
118009
118010
118011
118537
118538
118539
118540
118541
118542
118543
118544
118545
118547
118548
118549
118550
118551
118552
118553
118554
118555
118556
118557
119063
119064
119065
119066
119067
119068
119069
119070
119071
119072
119073
119074
119075
119076
119077
119078
119079
119080
119081
119082
119083
119084
119085
119086
119087
119088
119089
119608
119609
119610
119611
119612
119613
119614
119615
119616
119617
119618
119619
119620
119621
119622
119623
119624
119625
119626
119627
119628
119629
119630
119631
119632
120153
120154
120155
120156
120157
120158
120159
120160
120161
120162
120163
120164
120165
120166
120167
120168
120169
120170
120171
120172
120173
120174
120691
120692
120693
120694
120695
120696
120697
120698
120699
120700
120701
120702
120703
120704
120705
120706
120707
120708
120709
120710
120711
120712
121228
121229
121230
121231
121232
121233
121234
121235
121236
121237
121238
121239
121240
121241
121242
121747
121748
121749
121750
121751
121752
121753
121754
121755
121756
121757
122266
122267
122268
122269
122270
122271
122272
122273
122274
122275
122276
122277
122807
122809
122810
122811
122812
122813
122814
122815
122816
122817
122818
122819
122820
123356
123357
123364
123365
123366
123368
123369
123370
123371
123372
123373
123374
123375
123376
123377
123930
123931
123932
123937
123938
123939
123940
123941
123942
123943
123944
123945
123946
123947
123948
123949
123950
124491
124492
124493
124494
124495
124499
124500
124501
124502
124503
124504
124505
124506
124507
124508
124509
124510
124511
124512
124513
124514
125041
125042
125043
125044
125045
125046
125048
125049
125050
125051
125052
125053
125054
125055
125056
125057
125058
125059
125060
125061
125062
125063
125594
125595
125596
125597
125598
125599
125600
125601
125602
125603
125604
125605
125606
125608
125609
125610
125611
125612
125613
125614
125615
125616
126143
126144
126145
126146
126147
126148
126149
126150
126151
126152
126153
126156
126162
126163
126697
126698
126699
126700
126701
126702
126703
126704
126705
126706
126707
126708
126712
126718
126719
127248
127249
127250
127251
127252
127264
127265
127266
127267
127268
127269
127772
127774
127776
127777
127778
127791
127792
127793
127794
127795
127796
127797
127798
127799
128296
128298
128299
128307
128308
128309
128310
128311
128312
128313
128314
128315
128316
128317
128785
128786
128787
128788
128789
128799
128800
128801
128802
128803
128804
128805
128806
128807
128808
129286
129287
129288
129289
129290
129303
129304
129305
129306
129307
129308
129309
129310
129311
129312
129313
129314
129794
129795
129796
129811
129812
129813
129814
129815
129816
129817
129818
129819
129820
129821
129822
129823
130306
130322
130323
130324
130325
130326
130327
130328
130329
130330
130331
130332
130831
130841
130842
130843
130844
130845
130846
130847
130848
130849
130850
130851
130852
130853
130854
131341
131352
131353
131354
131355
131356
131357
131358
131359
131360
131361
131362
131363
131364
131852
131853
131854
131862
131864
131865
131866
131867
131868
131869
131870
131871
131872
131873
131874
131875
131876
131877
131878
131879
132376
132377
132378
132379
132380
132381
132382
132383
132384
132385
132386
132387
132388
132389
132390
132391
132392
132393
132394
132907
132908
132909
132910
132911
132912
132913
132914
132915
132916
132917
132918
132919
132920
132921
132922
132923
132924
132925
132926
132927
132928
133464
133465
133466
133467
133468
133469
133470
133471
133472
133473
133474
133475
133476
133477
133478
133479
133480
133481
133482
133483
133484
133485
133486
134038
134039
134040
134041
134042
134043
134044
134045
134046
134047
134048
134049
134050
134051
134052
134053
134054
134055
134056
134057
134632
134633
134634
134635
134636
134637
134638
134639
134640
134641
134642
134643
135232
135233
135234
135235
135236
135237
135238
135239
135240
135241
135242
135243
135244
135844
135845
135846
135847
135848
135849
135850
135851
135852
135853
135854
136446
136447
136448
136449
136450
136451
136452
136453
136454
136455
136456
137047
137048
137049
137050
137051
137052
137053
137054
137055
137056
137057
137631
137632
137633
137634
137635
137636
137637
137638
137640
138212
138213
138214
138215
138216
138217
138218
138219
138799
138800
138801
138802
138803
138804
138805
138806
138807
138808
139403
139404
139405
139406
139407
139408
139409
139410
139411
140008
140009
140010
140011
140012
140013
140014
140015
140016
140017
140018
140613
140614
140615
140616
140617
140618
140619
140620
140621
140622
140623
140624
140625
140626
140627
140628
140629
141211
141212
141213
141214
141215
141216
141217
141218
141219
141788
141789
141790
141791
141792
141793
141794
141795
142359
142360
142361
142362
142363
142364
142365
142925
142926
142927
142928
142929
142930
143486
143487
144029