16595
17157
17158
17159
17160
17161
17179
17740
17741
17742
17743
17744
17745
17748
17749
17759
17760
17761
18284
18285
18286
18287
18288
18289
18290
18291
18292
18293
18294
18295
18296
18301
18302
18303
18304
18827
18828
18829
18830
18831
18832
18833
18834
18835
18836
18837
18838
18839
18840
18841
18842
18845
18846
18847
18848
18849
18850
18851
19373
19374
19375
19376
19377
19378
19379
19380
19381
19382
19383
19384
19385
19386
19387
19388
19389
19390
19391
19392
19393
19394
19395
19396
19397
19398
19925
19926
19927
19928
19929
19930
19931
19932
19933
19934
19935
19936
19937
19938
19939
19940
19941
19942
19943
19944
19945
19946
19947
20482
20483
20484
20485
20486
20487
20488
20489
20490
20491
20492
20493
20494
20495
20496
20497
20498
20499
20500
20501
20502
20503
20504
20505
20506
20507
20508
20509
20510
20511
20512
20516
20517
20518
21039
21040
21041
21042
21043
21044
21045
21046
21047
21048
21049
21050
21051
21052
21053
21054
21055
21056
21057
21058
21059
21060
21061
21062
21063
21064
21065
21066
21067
21068
21069
21070
21071
21075
21076
21077
21581
21582
21583
21584
21585
21586
21587
21588
21589
21590
21591
21592
21593
21594
21595
21596
21597
21598
21599
21600
21601
21602
21603
21604
21605
21606
21607
21608
21609
21610
21611
21612
21613
21614
21617
21618
21619
21620
22113
22114
22115
22116
22117
22118
22119
22120
22121
22122
22123
22124
22125
22126
22127
22128
22129
22130
22131
22132
22133
22134
22135
22136
22137
22138
22139
22140
22141
22142
22143
22144
22145
22146
22147
22645
22650
22651
22652
22653
22654
22655
22656
22657
22658
22659
22660
22661
22662
22663
22664
22665
22666
22667
22668
23173
23176
23177
23178
23179
23180
23181
23182
23183
23184
23185
23186
23187
23188
23189
23701
23702
23705
23706
23707
23708
23709
23710
23711
23712
23713
23714
23715
23717
24221
24222
24223
24225
24226
24227
24228
24229
24230
24231
24232
24233
24234
24235
24236
24708
24709
24710
24712
24713
24714
24715
24716
24717
24718
24719
24720
24721
24722
24723
24724
24725
24726
25196
25197
25198
25199
25200
25201
25202
25203
25204
25205
25206
25207
25208
25209
25210
25211
25212
25213
25214
25215
25216
25217
25218
25219
25700
25701
25702
25703
25704
25705
25706
25707
25708
25709
25710
25711
25712
25713
25714
25715
25716
25717
25719
25720
25721
25722
26188
26189
26190
26191
26192
26193
26194
26195
26196
26197
26198
26199
26200
26201
26202
26203
26204
26205
26207
26208
26211
26212
26691
26692
26693
26694
26695
26696
26697
26698
26699
26700
26701
26702
26703
26704
26705
26706
26707
26708
26709
26710
26711
26712
26713
26715
27170
27171
27172
27173
27174
27175
27176
27177
27178
27179
27180
27181
27182
27183
27184
27185
27186
27187
27188
27189
27193
27194
27195
27673
27674
27675
27676
27677
27678
27681
27682
27683
27684
27685
27686
27687
27688
27689
27690
27691
27692
27693
27696
27697
27698
28188
28189
28190
28191
28192
28193
28196
28197
28198
28199
28200
28201
28202
28203
28204
28205
28206
28207
28211
28212
28213
28665
28666
28667
28668
28669
28670
28675
28676
28677
28678
28679
28680
28681
28682
28683
28684
28685
28686
28687
28688
28689
28690
28691
28692
29136
29137
29138
29139
29144
29145
29146
29147
29148
29149
29150
29151
29152
29153
29154
29155
29156
29157
29158
29159
29160
29612
29613
29614
29615
29621
29622
29623
29624
29625
29627
29628
29629
29630
29631
29632
29633
29634
30083
30090
30091
30095
30096
30097
30098
30099
30100
30101
30102
30103
30104
30105
30106
30586
30587
30593
30594
30595
30596
30597
30598
30599
30600
30601
31084
31091
31092
31093
31094
31095
31096
31097
31098
31099
31100
31101
31600
31601
31602
31603
31604
31605
31606
32122
32123
32124
32125
32126
32653
32654
32655
32656
32657
33149
33150
33151
33152
33153
33658
33659
33660
33661
34163
34164
34165
34166
34675
34676
34677
34678
34679
34680
35199
35200
35201
35202
35203
35204
35205
35206
35207
35208
35720
35721
35722
35723
35724
35725
35726
36219
36220
36221
36222
36223
36224
36225
36226
36227
36691
36692
36693
36694
36695
36696
36697
36698
36699
36700
36701
36702
36703
37159
37160
37161
37162
37163
37164
37165
37166
37167
37168
37169
37170
37171
37172
37173
37630
37631
37632
37633
37634
37635
37636
37637
37638
37639
37640
37641
37642
37643
37644
37645
38104
38105
38106
38107
38108
38109
38110
38111
38112
38113
38114
38115
38116
38615
38616
38617
38618
38619
38620
38621
38622
38623
38624
38625
38626
38627
38628
38629
39122
39123
39124
39125
39126
39127
39128
39129
39130
39131
39132
39133
39134
39135
39647
39648
39649
39650
39651
39652
39653
39654
39655
39656
39657
39658
39659
39660
39661
39662
39663
39664
39665
39666
39667
39668
39669
40184
40185
40186
40187
40188
40189
40190
40191
40192
40193
40194
40195
40196
40197
40720
40721
40722
40723
40724
40725
40726
40727
40728
41262
41263
41264
41265
41266
41267
41829
41830
41831
41832
41833
41834
41835
42401
42402
42403
42404
42405
42406
42407
42408
42409
42410
42972
42973
42974
42975
42976
42977
42978
42979
42980
42981
42982
42983
43520
43521
43524
43525
43526
43527
43528
43530
44082
44084
44087
44088
44089
44090
44616
44617
44618
44619
44620
44621
44622
44623
44624
44625
44626
44627
44628
44629
44630
45138
45139
45140
45141
45142
45143
45144
45145
45146
45147
45148
45149
45150
45151
45672
45673
45674
45675
45676
45677
45678
45679
45680
45684
46184
46185
46186
46187
46188
46189
46190
46191
46192
46193
46194
46195
46680
46681
46682
46683
46684
46685
46686
46687
46688
46689
46690
46691
46692
47145
47146
47147
47148
47149
47150
47151
47152
47153
47154
47155
47156
47605
47606
47607
47608
47609
47610
47612
47613
47614
47615
47616
47617
47618
47619
48050
48051
48052
48053
48054
48055
48058
48059
48060
48061
48062
48063
48064
48520
48521
48522
48523
48526
48527
48528
48529
48530
48531
48532
49000
49001
49002
49003
49004
49005
49006
49007
49008
49009
49010
49011
49012
49013
49014
49474
49475
49476
49477
49478
49479
49480
49481
49482
49483
49484
49954
49955
49956
49957
49958
49959
49960
49961
49962
49963
50425
50426
50427
50428
50429
50430
50431
50432
50908
50909
50910
50911
51381
51382
51383
51842
51843