369361
369362
369363
369364
369365
369838
369839
369840
369841
369842
369843
369844
369845
370318
370319
370320
370321
370322
370323
370324
370325
370326
370327
370328
370329
370330
370331
370332
370333
370817
370818
370819
370820
370821
370822
370823
370824
370825
370826
370827
370829
370830
370831
370832
370833
371312
371313
371314
371315
371316
371317
371318
371319
371320
371321
371322
371323
371324
371325
371326
371327
371328
371329
371330
371331
371332
371333
371807
371808
371809
371810
371811
371812
371813
371814
371815
371816
371817
371818
371819
371820
371821
371822
371823
371824
371825
371826
371827
371828
371829
371830
371831
371832
371833
371834
371835
372310
372311
372321
372322
372323
372324
372325
372326
372327
372328
372329
372330
372331
372332
372333
372334
372335
372336
372337
372338
372339
372340
372341
372342
372343
372344
372346
372347
372348
372825
372826
372827
372828
372830
372831
372832
372833
372834
372836
372837
372838
372839
372840
372841
372842
372843
372844
372845
372846
372847
372848
372849
372850
372851
372852
372853
372854
372855
372856
372857
372858
373345
373347
373348
373349
373350
373351
373352
373353
373354
373355
373356
373357
373358
373359
373360
373361
373362
373363
373364
373365
373366
373367
373368
373369
373370
373371
373372
373373
373374
373375
373376
373377
373378
373379
373380
373381
373382
373383
373384
373883
373884
373885
373886
373887
373888
373889
373890
373891
373892
373893
373894
373895
373896
373897
373898
373899
373900
373901
373902
373903
373904
373905
373906
373907
373908
373909
373910
373911
373912
373913
373914
373915
373916
373917
373918
373919
373920
373922
373923
373924
374447
374448
374449
374450
374451
374452
374453
374454
374455
374456
374457
374458
374459
374460
374461
374462
374463
374464
374465
374466
374467
374468
374469
374470
374471
374472
374473
374474
374475
374476
374477
374478
374479
374480
374481
374482
374483
374484
374485
375029
375030
375031
375032
375033
375034
375035
375036
375037
375038
375039
375040
375041
375042
375043
375044
375045
375046
375047
375048
375049
375050
375051
375052
375053
375054
375055
375056
375057
375058
375059
375060
375061
375062
375063
375064
375065
375066
375067
375068
375620
375621
375622
375623
375624
375625
375626
375627
375628
375629
375630
375631
375632
375633
375634
375635
375636
375637
375638
375639
375640
375641
375642
375643
375644
375645
375646
375647
375648
375649
375650
375651
375652
375653
375654
375655
375656
375657
375658
376213
376214
376215
376216
376217
376218
376219
376220
376221
376222
376223
376224
376225
376226
376227
376228
376229
376230
376231
376232
376233
376234
376235
376236
376237
376238
376239
376240
376241
376242
376243
376244
376245
376246
376247
376248
376249
376250
376251
376252
376253
376829
376830
376831
376832
376833
376834
376835
376836
376837
376838
376839
376840
376841
376842
376843
376844
376845
376846
376847
376848
376849
376850
376851
376852
376853
376854
376855
376856
376857
376858
376859
376860
376861
376862
376863
376864
376865
377423
377424
377427
377428
377429
377430
377431
377432
377433
377434
377435
377436
377437
377438
377439
377440
377441
377442
377443
377444
377445
377446
377447
377448
377449
377450
377451
377452
377453
377454
377455
377456
377457
377458
377459
377460
377461
377462
378001
378002
378003
378004
378005
378006
378007
378008
378009
378010
378011
378012
378014
378015
378016
378017
378018
378019
378020
378021
378022
378023
378024
378025
378026
378027
378028
378029
378547
378548
378549
378550
378551
378552
378553
378554
378555
378556
378557
378558
378559
378560
378561
378562
378563
378564
378565
378566
378567
378568
378569
378570
378571
378572
378573
378574
378575
379084
379085
379086
379087
379088
379089
379090
379091
379092
379093
379094
379095
379096
379097
379098
379099
379100
379101
379102
379103
379104
379105
379106
379107
379108
379109
379110
379111
379112
379113
379114
379115
379643
379644
379645
379646
379647
379648
379649
379650
379651
379652
379653
379654
379655
379656
379657
379658
379659
379660
379661
379662
379663
379664
379665
379666
379667
379668
380215
380216
380217
380218
380219
380220
380221
380222
380223
380224
380225
380226
380227
380228
380229
380230
380231
380232
380233
380234
380235
380236
380237
380794
380795
380796
380797
380798
380799
380800
380801
380802
380803
380804
380805
380806
380807
380808
380809
380810
380811
380812
381371
381372
381373
381374
381375
381376
381377
381378
381379
381380
381381
381382
381383
381384
381385
381386
381387
381388
381389
381390
381394
381395
381396
381397
381937
381938
381939
381940
381941
381942
381943
381944
381945
381946
381947
381948
381949
381950
381951
381952
381953
381954
381955
381959
381960
382484
382486
382487
382488
382489
382492
382493
382494
382495
382496
382497
382498
382499
382500
383035
383036
383037
383038
383039
383040
383041
383043
383044
383045
383046
383047
383049
383050
383051
383052
383053
383054
383056
383057
383058
383602
383605
383606
383607
383611
383612
383613
383614
383615
383616
383617
383619
383620
383621
383622
383625
383626
384186
384187
384188
384189
384190
384191
384192
384195
384196
384197
384198
384199
384200
384201
384202
384203
384205
384206
384207
384752
384753
384754
384755
384756
384761
384762
384763
384764
384765
384766
384767
384768
384769
384770
384771
384772
385308
385309
385310
385311
385312
385320
385321
385322
385323
385324
385325
385326
385327
385328
385870
385871
385872
385881
385882
385883
385884
385885
385886
386414
386415
386416
386417
386418
386423
386424
386425
386426
386427
386428
386429
386960
386961
386962
386963
386964
386965
386967
386968
386969
386970
386971
386972
386973
386974
386975
387512
387513
387514
387515
387516
387518
387519
387520
387521
387522
387523
387524
387525
387526
388074
388075
388076
388077
388078
388079
388080
388081
388082
388083
388084
388085
388086
388635
388636
388637
388638
388639
388640
388641
388644
388645
388646
388647
388648
388649
389185
389186
389187
389188
389189
389193
389195
389728
389729
389730
389731
389732
390272
390273
390274
390275
390825
390826
390827
390828
391383
391384
391924
391938
391939
392479
392480
392495
392496
393001
393002
393003
393004
393005
393017
393526
393527
393528
393529
393530
393531
393541
393542
393543
393544
393545
393546
393547
394057
394058
394059
394060
394061
394062
394063
394064
394065
394072
394073
394074
394075
394076
394077
394078
394079
394583
394584
394585
394586
394587
394588
394596
394597
394598
394599
394600
394601
394602
394603
395114
395115
395116
395117
395120
395121
395129
395130
395131
395132
395133
395134
395135
395136
395661
395662
395663
395664
395665
395667
395668
395669
395670
395671
395672
395675
395676
395677
395678
395679
395680
395681
396225
396227
396231
396232
396233
396236
396237
396239
396240
396242
396762
396763
396764
396765
396766
396767
396768
396769
397287
397288
397289
397290
397293
397812
397813
397814
397815
397819
398352
398353
398354
398355
398918
398919
398920
398921
398922
399468