52628
52629
52630
52631
53096
53097
53098
53099
53547
53548
53549
53550
54006
54007
54008
54009
54483
54484
54485
54486
54969
54970
54971
54972
54973
54974
55451
55452
55453
55454
55455
55456
55457
55458
55459
55460
55461
55465
55466
55467
55468
55469
55470
55471
55472
55935
55937
55938
55939
55940
55941
55942
55943
55944
55945
55946
55947
55948
55953
55954
55955
55956
55957
55958
55959
55960
55961
55962
55963
55967
56423
56424
56425
56426
56427
56428
56429
56430
56431
56432
56433
56434
56435
56437
56438
56439
56440
56441
56442
56443
56444
56445
56446
56447
56448
56449
56450
56451
56452
56918
56919
56920
56921
56922
56923
56924
56925
56926
56927
56928
56929
56930
56931
56932
56933
56934
56939
56940
56941
56942
56943
56944
56945
56946
56947
56948
56949
56950
56951
56952
57462
57463
57465
57466
57467
57468
57469
57470
57471
57472
57473
57474
57475
57476
57477
57478
57479
57480
57486
57487
57488
57489
57490
57491
57492
57493
57494
57495
57496
57497
58019
58020
58021
58022
58023
58024
58025
58026
58027
58028
58029
58030
58031
58032
58033
58038
58039
58040
58044
58045
58046
58047
58048
58589
58590
58591
58592
58593
58594
58595
58596
58597
58598
58599
58600
58601
58602
58603
58605
58608
58609
58610
58614
58615
58616
59152
59153
59154
59155
59156
59157
59158
59159
59160
59161
59162
59163
59164
59165
59166
59168
59169
59170
59171
59172
59176
59736
59737
59738
59739
59740
59741
59742
59743
59744
59745
59746
59748
59749
59750
59751
59753
59754
59755
59756
59757
59758
59759
59762
60345
60346
60347
60348
60349
60350
60351
60352
60353
60354
60355
60356
60357
60358
60359
60360
60361
60362
60363
60364
60365
60366
60367
60368
60370
60371
60951
60952
60953
60954
60955
60956
60957
60958
60959
60960
60961
60962
60963
60964
60965
60966
60967
60968
60969
60970
60971
61535
61536
61537
61538
61539
61540
61541
61542
61543
61544
61545
61546
61547
61548
61549
61550
61551
61552
61553
61554
61555
61556
61557
61558
61559
62138
62139
62140
62141
62142
62143
62144
62145
62146
62147
62148
62149
62150
62151
62152
62153
62154
62155
62156
62157
62158
62159
62724
62725
62726
62727
62728
62729
62730
62731
62732
62733
62734
62735
62736
62737
62738
62739
62740
62741
62742
62743
62744
62745
62746
63289
63290
63291
63292
63293
63294
63295
63296
63297
63298
63299
63300
63301
63302
63303
63304
63305
63306
63307
63308
63884
63885
63886
63887
63888
63889
63890
63891
63892
63893
63894
63895
63896
63897
63898
63899
63900
63901
63902
64481
64482
64483
64484
64485
64486
64487
64488
64489
64490
64491
64492
64493
64494
64495
64496
64497
64498
64499
64500
64501
64502
65069
65070
65071
65072
65073
65074
65075
65076
65077
65078
65079
65080
65081
65082
65083
65084
65085
65087
65088
65639
65640
65641
65642
65643
65644
65645
65646
65647
65648
65649
65650
65651
65652
65653
65654
65658
66184
66185
66193
66194
66195
66196
66197
66198
66199
66200
66201
66202
66203
66204
66205
66206
66207
66208
66210
66211
66212
66213
66728
66729
66741
66742
66743
66744
66745
66746
66747
66748
66749
66750
66751
66752
66753
66754
66755
67263
67264
67265
67278
67279
67281
67282
67283
67284
67285
67286
67287
67288
67289
67290
67291
67821
67822
67823
67824
67825
67826
67830
67831
67832
67834
67835
67836
67837
67838
67843
67844
67845
67846
67847
67848
67849
67850
68374
68375
68376
68377
68378
68382
68383
68384
68388
68389
68390
68395
68396
68397
68398
68898
68899
68900
68901
68902
68903
68904
68905
68907
68908
68909
68910
68911
68912
68913
68915
68916
68917
68918
68919
68920
68921
69421
69423
69424
69425
69426
69428
69429
69430
69431
69432
69434
69435
69436
69437
69438
69439
69440
69441
69442
69443
69444
69445
69446
69447
69448
69449
69450
69451
69954
69955
69956
69957
69958
69959
69960
69962
69965
69966
69967
69968
69969
69970
69971
69972
69973
69974
69975
69976
69977
69978
69979
69980
69981
69982
69983
69984
69985
69986
70501
70502
70503
70504
70505
70506
70507
70508
70509
70511
70512
70513
70514
70515
70516
70517
70518
70519
70520
70521
70522
70523
70524
70525
70526
70527
70528
70529
70530
70531
70532
70533
70534
70535
70536
71049
71050
71052
71053
71054
71055
71056
71057
71058
71059
71060
71061
71062
71063
71064
71065
71066
71067
71068
71069
71070
71071
71072
71073
71075
71076
71077
71078
71079
71615
71616
71617
71618
71619
71620
71621
71622
71623
71624
71625
71626
71627
71628
71629
71630
71631
71632
71633
71634
71635
71636
71637
71638
71639
71640
71641
71642
71643
72173
72174
72175
72176
72177
72178
72179
72180
72181
72182
72183
72184
72185
72186
72187
72188
72189
72190
72191
72192
72193
72194
72195
72196
72197
72198
72199
72200
72201
72202
72203
72205
72206
72742
72743
72744
72745
72747
72748
72749
72750
72751
72752
72753
72754
72755
72756
72757
72758
72759
72760
72761
72762
72763
72764
72765
72766
72767
72768
72769
72771
72772
72773
72774
72775
72776
72777
72778
72779
73302
73303
73304
73305
73306
73307
73308
73309
73310
73311
73312
73313
73314
73315
73316
73317
73318
73319
73320
73321
73322
73323
73324
73325
73331
73332
73333
73334
73335
73870
73871
73872
73873
73874
73875
73878
73879
73880
73881
73882
73883
73884
73885
73886
73887
73888
73889
73890
73891
73892
73893
73894
73895
73902
73903
73904
73908
74429
74430
74431
74432
74433
74434
74435
74436
74437
74438
74439
74440
74441
74442
74443
74444
74445
74446
74447
74450
74457
74458
74459
74460
74461
74462
74463
74464
74465
74987
74988
74989
74990
74991
74992
74993
74994
74995
74996
74997
74998
74999
75000
75001
75002
75003
75004
75020
75021
75022
75023
75024
75025
75026
75027
75028
75029
75582
75583
75584
75585
75586
75587
75588
75589
75590
75591
75592
75611
75612
75613
75614
75615
75616
75617
75618
75619
75620
76174
76175
76176
76177
76178
76179
76180
76181
76200
76201
76202
76203
76204
76205
76206
76741
76742
76743
76744
76745
76746
76747
76748
76749
76750
76775
76776
76777
76778
76779
76780
76781
76782
76783
77298
77299
77300
77301
77302
77303
77330
77331
77332
77333
77334
77335
77880
77881
77882
77908
77909
77910
77911
77912
77913
78453
78454
78455
78456
78490
78491
78492
78493
79057
79058
79095
79096
79647