449470
449471
449793
449794
449795
449801
449802
450139
450140
450141
450142
450145
450482
450483
450484
450485
450486
450488
450489
450490
450491
450492
450493
450806
450807
450808
450809
450810
450811
450812
450814
450815
450816
450817
450818
450819
450821
451133
451134
451135
451136
451137
451138
451139
451140
451143
451144
451145
451146
451147
451149
451150
451455
451456
451457
451458
451459
451460
451461
451462
451463
451464
451465
451466
451467
451468
451469
451470
451471
451472
451473
451474
451475
451476
451769
451770
451771
451772
451773
451774
451775
451776
451777
451778
451779
451780
451781
451782
451783
451784
451785
451786
451787
451788
451789
451790
451791
451792
451793
451794
451795
452096
452097
452098
452099
452100
452101
452102
452103
452104
452105
452106
452107
452108
452109
452110
452111
452112
452113
452114
452115
452116
452117
452118
452119
452120
452400
452401
452402
452403
452404
452405
452406
452407
452408
452409
452410
452411
452412
452413
452414
452415
452416
452417
452418
452419
452420
452421
452422
452423
452424
452425
452426
452427
452428
452429
452734
452735
452736
452737
452738
452739
452740
452741
452742
452743
452744
452745
452746
452747
452748
452749
452750
452751
452752
452753
452754
452755
452757
452758
452759
452760
452761
452762
452763
452766
452767
453069
453070
453071
453072
453073
453074
453075
453076
453077
453078
453079
453080
453081
453082
453083
453084
453085
453086
453087
453088
453089
453090
453091
453092
453093
453094
453095
453096
453097
453098
453099
453100
453101
453102
453104
453105
453106
453107
453108
453402
453403
453404
453405
453406
453407
453408
453409
453410
453411
453412
453413
453414
453415
453416
453417
453418
453419
453420
453421
453422
453423
453424
453425
453426
453427
453428
453429
453430
453431
453432
453433
453434
453435
453436
453437
453438
453724
453725
453726
453727
453728
453729
453730
453731
453732
453733
453734
453735
453736
453737
453738
453739
453740
453741
453742
453743
453744
453745
453746
453747
453748
453749
453750
453751
453752
453753
453754
453755
453756
453757
453758
454036
454040
454041
454042
454043
454044
454045
454046
454047
454048
454049
454050
454051
454052
454053
454054
454055
454056
454057
454058
454059
454060
454061
454062
454063
454064
454065
454066
454068
454069
454070
454071
454347
454348
454349
454350
454351
454352
454353
454354
454355
454356
454357
454359
454360
454361
454362
454363
454364
454365
454366
454367
454368
454369
454370
454373
454374
454672
454673
454674
454675
454676
454677
454678
454679
454680
454681
454682
454684
454685
454686
454687
454688
454689
454690
454691
454694
454989
454990
454991
454992
454993
454994
454995
454996
454997
454998
454999
455000
455001
455002
455003
455004
455005
455006
455007
455008
455009
455010
455011
455012
455013
455014
455015
455016
455309
455310
455311
455312
455313
455314
455315
455316
455317
455318
455325
455327
455328
455329
455330
455332
455643
455644
455645
455646
455647
455648
455649
455650
455651
455652
455653
455654
455655
455665
455666
455667
455668
455669
455670
455671
455993
455994
455995
455996
455997
455998
455999
456000
456001
456002
456003
456020
456021
456022
456023
456024
456346
456348
456349
456350
456351
456352
456353
456354
456355
456356
456374
456682
456683
456684
456685
456686
456687
456688
457010
457011
457012
457013
457014
457015
457016
457017
457018
457324
457325
457326
457327
457328
457329
457330
457331
457332
457333
457334
457335
457336
457337
457338
457643
457644
457645
457646
457647
457648
457649
457650
457651
457652
457653
457654
457655
457656
457658
457659
457952
457953
457954
457955
457956
457957
457958
457959
457960
457961
457962
457963
457964
458248
458249
458250
458251
458252
458253
458254
458255
458256
458257
458258
458259
458260
458261
458552
458553
458554
458555
458556
458557
458558
458559
458560
458561
458562
458563
458564
458869
458870
458871
458872
458873
458874
458875
458876
458877
458878
458879
459186
459187
459188
459189
459190
459191
459192
459193
459194
459195
459198
459199
459483
459484
459485
459486
459487
459488
459489
459490
459491
459492
459493
459494
459495
459496
459497
459788
459789
459790
459791
459792
459793
459794
459795
459796
459797
459798
460089
460090
460091
460092
460093
460094
460095
460096
460097
460098
460099
460401
460402
460403
460404
460405
460406
460407
460408
460409
460410
460411
460707
460708
460709
460710
460711
460712
460713
460714
460715
460716
461019
461020
461021
461022
461023
461024
461025
461026
461327
461328
461329
461330
461331
461332
461646
461647
461648
461649
461650
461651
461973
461974
461975
461976
461977
461978
462295
462296
462297
462298
462299
462300
462301
462607
462608
462609
462610
462611
462613
462614
462615
462616
462617
462929
462930
462931
462932
462933
462934
462935
462936
462937
463241
463242
463243
463244
463245
463246
463247
463250
463251
463252
463253
463254
463255
463256
463257
463572
463573
463574
463575
463576
463577
463578
463579
463580
463583
463584
463585
463586
463587
463588
463589
463594
463885
463886
463887
463888
463889
463890
463891
463892
463893
463894
463895
463896
463897
463898
463899
463900
463901
463902
463903
463906
463907
463908
463909
464214
464215
464216
464217
464218
464219
464220
464221
464222
464223
464225
464226
464227
464228
464229
464230
464231
464232
464233
464234
464235
464558
464559
464560
464561
464562
464563
464564
464565
464570
464571
464572
464575
464576
464578
464903
464904
464905
464906
464907
464908
464909
464916
464918
464919
464920
464921
465230
465231
465232
465233
465234
465235
465236
465237
465245
465246
465551
465552
465558
465559
465560
465561
465562
465563
465887
465888
465889
465890
465891
465897
465898
465899
465901
465902
466226
466227
466228
466229
466230
466231
466238
466239
466240
466241
466242
466556
466557
466559
466560
466561
466566
466567
466568
466569
466570
466889
466890
466891
466892
466893
466894
466899
466900
466901
467220
467221
467222
467223
467224
467231
467232
467233
467533
467534
467535
467536
467537
467542
467544
467545
467546
467547
467857
467859
467860
467861
467862
467863
467864
467865
467866
467867
467868
467869
467870
467871
467872
467873
467874
467875
468168
468169
468170
468171
468172
468173
468174
468175
468176
468177
468178
468179
468180
468181
468182
468183
468184
468185
468186
468463
468464
468465
468466
468467
468468
468469
468470
468471
468472
468473
468474
468475
468476
468477
468478
468479
468480
468481
468482
468483
468484
468768
468769
468770
468771
468772
468773
468774
468775
468776
468777
468778
468779
468780
468781
468782
468783
468784
468785
468786
468787
468788
468789
469064
469066
469067
469068
469069
469070
469071
469072
469073
469074
469075
469076
469077
469078
469079
469080
469081
469357
469358
469359
469360
469361
469362
469363
469364
469365
469366
469367
469368
469369
469370
469371
469372
469645
469646
469647
469648
469649
469650
469651
469652
469653
469654
469655
469656
469928
469929
469930
469931
469932
469933
469934
469935
469936
469937