213465
213466
213467
214017
214018
214590
214591
214592
214593
215180
215181
215754
215755
215756
215757
215758
215759
215760
216322
216323
216324
216325
216326
216327
216328
216329
216330
216331
216332
216333
216334
216894
216895
216896
216897
216898
216899
216900
216901
216902
216903
216904
216905
217467
217468
217469
217470
217471
217472
217473
217474
217475
217476
218004
218034
218035
218036
218038
218039
218040
218041
218042
218043
218044
218561
218562
218563
218564
218595
218596
218598
218599
219106
219107
219108
219124
219125
219128
219132
219133
219134
219135
219136
219137
219616
219617
219618
219619
219634
219635
219636
219637
219638
219639
219640
219641
219642
219647
219648
219649
219650
219651
219652
220148
220149
220150
220152
220153
220154
220161
220166
220167
220168
220169
220170
220171
220172
220173
220174
220175
220176
220177
220183
220184
220185
220186
220187
220188
220715
220716
220717
220718
220719
220720
220721
220725
220726
220727
220728
220729
220730
220731
220732
220733
220734
220735
220736
220739
220740
220741
220742
220743
220744
220745
220746
220747
220752
220753
220754
220755
220756
220757
220758
221278
221279
221281
221282
221283
221284
221285
221289
221290
221291
221292
221293
221294
221295
221296
221297
221298
221299
221300
221301
221304
221305
221306
221307
221308
221309
221310
221311
221312
221313
221314
221315
221316
221317
221318
221319
221320
221830
221831
221832
221833
221834
221835
221836
221837
221838
221839
221840
221841
221842
221843
221844
221845
221846
221847
221848
221853
221854
221855
221856
221857
221858
221859
221860
221861
221862
221863
221864
221866
222354
222355
222356
222357
222358
222359
222360
222361
222362
222363
222364
222365
222366
222367
222369
222370
222371
222372
222373
222375
222376
222377
222378
222379
222380
222381
222382
222383
222384
222385
222386
222387
222388
222389
222390
222391
222882
222883
222884
222887
222888
222889
222890
222891
222892
222893
222894
222895
222896
222897
222898
222899
222900
222901
222902
222903
222904
222905
222906
222907
222908
222909
222910
222911
222912
222913
222914
222915
222916
222917
222918
223395
223396
223398
223399
223400
223401
223402
223404
223405
223406
223407
223408
223409
223410
223411
223412
223414
223415
223416
223417
223418
223419
223420
223421
223422
223423
223424
223425
223426
223427
223428
223429
223929
223930
223931
223934
223935
223938
223939
223940
223941
223942
223943
223944
223945
223946
223947
223948
223949
223950
223951
223952
223953
223954
223955
223956
223957
223958
223959
223960
223961
223962
223963
223964
223965
223966
224447
224448
224449
224450
224452
224457
224458
224459
224460
224461
224462
224463
224464
224465
224466
224467
224468
224469
224470
224471
224472
224473
224474
224475
224476
224477
224478
224479
224480
224481
224482
224483
224484
224952
224953
224954
224955
224956
224957
224958
224962
224963
224964
224965
224966
224967
224968
224969
224970
224971
224972
224973
224974
224975
224976
224977
224978
224979
224980
224981
224982
224983
224984
224985
224986
224987
224988
224989
224990
224991
225453
225454
225455
225456
225462
225463
225464
225465
225466
225467
225468
225469
225474
225475
225476
225477
225478
225479
225480
225481
225482
225483
225484
225485
225486
225487
225488
225489
225491
225492
225493
225494
225495
225496
225497
225498
225499
225500
225953
225954
225955
225956
225957
225962
225963
225964
225965
225966
225967
225968
225969
225970
225975
225976
225977
225978
225979
225980
225981
225982
225983
225984
225985
225986
225987
225988
225989
225990
225992
225993
225994
225995
225996
225997
225998
225999
226000
226001
226002
226003
226470
226471
226472
226473
226474
226479
226480
226481
226482
226483
226484
226485
226486
226490
226491
226492
226493
226494
226495
226496
226497
226498
226499
226500
226501
226503
226510
226511
226512
226513
226514
226515
226516
226517
226518
226519
226520
226521
226522
226977
226978
226979
226980
226981
226982
226986
226987
226988
226989
226990
226991
226992
226997
226998
226999
227000
227001
227002
227003
227004
227005
227016
227017
227018
227019
227020
227021
227022
227023
227024
227025
227026
227480
227481
227482
227483
227487
227490
227491
227497
227498
227499
227500
227501
227502
227503
227504
227505
227514
227515
227516
227517
227518
227519
227520
227521
227522
227523
227524
227525
228000
228004
228005
228008
228015
228016
228017
228018
228019
228020
228021
228022
228023
228024
228032
228033
228034
228035
228036
228037
228038
228039
228040
228041
228042
228043
228534
228535
228538
228539
228551
228552
228553
228554
228556
228565
228566
228567
228568
228570
229048
229049
229050
229051
229052
229053
229054
229055
229081
229082
229083
229084
229085
229086
229087
229088
229092
229564
229565
229566
229570
229597
229598
229599
229600
229601
229602
229603
229604
229605
229608
230093
230094
230095
230127
230128
230129
230130
230131
230132
230133
230138
230139
230632
230633
230664
230665
230666
230667
230668
230669
230670
230671
230672
230675
231164
231167
231168
231169
231170
231197
231198
231199
231200
231201
231202
231203
231204
231205
231206
231207
231208
231209
231210
231211
231212
231213
231711
231712
231713
231714
231716
231717
231748
231749
231750
231751
231752
231753
231754
231755
231756
231758
231759
231760
231761
231762
231763
232288
232289
232290
232322
232323
232324
232325
232326
232327
232328
232329
232332
232333
232334
232335
232336
232337
232854
232855
232881
232882
232883
232884
232885
232887
232888
232889
232890
232891
232892
232893
232894
232895
232896
232900
232901
232902
232903
232904
233440
233441
233442
233467
233468
233469
233471
233472
233473
233474
233475
233476
233477
233478
233479
233480
233481
233486
233488
234021
234022
234023
234024
234051
234052
234053
234054
234055
234056
234057
234058
234059
234060
234062
234063
234578
234579
234580
234605
234606
234609
234610
234611
234612
234613
234615
234616
234617
235135
235158
235160
235161
235162
235163
235164
235165
235168
235169
235170
235171
235722
235723
235724
235725
235726
235727
235728
235729
235731
235732
235733
235734
235735
235736
235737
236310
236311
236312
236314
236315
236316
236317
236318
236319
236320
236321
236322
236323
236927
236928
236929
236930
236931
236932
236933
236934
236935
236936
236937
236938
236939
236940
236941
236942
236943
236944
237553
237554
237555
237556
237557
237558
237559
237560
237561
237562
237563
237564
237565
237566
238173
238174
238175
238176
238177
238178
238179
238180
238181
238182
238183
238184
238185
238760
238761
238762
238763
238764
238765
238768
238769
238770
238771
239379
239380
239381
239382
239383
239384
239385
239386
239389
239390
239391
239392
240020
240021
240022
240023
240024
240025
240026
240027
240028
240029
240030
240034
240036
240619
240620
240621
240622
240623
240624
240625
240626
241182
241183
241184
241185
241186
241187
241188
241189
241755
241756
241757
241758
241759
241760
241761
241762
242341
242342
242343
242344
242345
242346
242347
242348
242931
242932
242935
242936