317475
317476
317477
317478
317479
317480
317481
317959
317960
317961
318468
318469
318470
318974
318975
318976
318977
318978
319475
319476
319477
319478
319479
319480
319481
319482
319964
319965
319966
319967
319968
319969
319971
319972
319973
319974
320449
320450
320451
320452
320453
320454
320455
320456
320457
320458
320924
320925
320926
320927
320929
320930
321383
321384
321385
321386
321387
321388
321389
321390
321391
321844
321845
321846
321847
321848
321849
321850
321851
321854
321855
321856
321857
321858
322315
322316
322317
322318
322319
322320
322321
322322
322324
322325
322326
322327
322330
322793
322794
322795
322796
322798
322799
322800
322801
322802
322803
322804
322805
322806
322807
322808
322809
322810
322813
323284
323285
323286
323287
323288
323289
323290
323291
323292
323293
323294
323295
323296
323297
323298
323299
323300
323301
323302
323303
323304
323769
323770
323771
323772
323773
323774
323775
323776
323777
323778
323779
323780
323781
323782
323783
323784
323785
323786
323787
323788
323789
323790
323791
323792
323793
323794
323795
323796
324264
324269
324270
324271
324272
324273
324275
324276
324277
324278
324279
324280
324281
324282
324283
324284
324285
324286
324287
324288
324289
324290
324291
324292
324293
324776
324777
324778
324780
324781
324782
324783
324784
324785
324786
324787
324788
324790
324791
324792
324793
324794
324795
324796
324797
324798
324799
324800
324801
324802
324803
324804
324805
324806
324807
324808
324809
324810
324811
325298
325299
325300
325301
325302
325303
325304
325305
325306
325307
325308
325309
325310
325311
325312
325313
325314
325315
325316
325317
325318
325319
325320
325321
325322
325323
325324
325325
325326
325327
325328
325333
325334
325827
325828
325829
325830
325831
325832
325833
325834
325835
325836
325837
325838
325839
325840
325841
325842
325843
325844
325845
325846
325847
325848
325849
325850
325851
325852
325853
325854
325855
325856
325857
325858
325860
325861
326339
326340
326341
326342
326343
326344
326345
326346
326347
326348
326349
326350
326351
326352
326353
326354
326355
326356
326357
326358
326359
326360
326361
326362
326363
326364
326365
326366
326367
326368
326369
326370
326371
326372
326373
326374
326375
326854
326857
326858
326859
326860
326861
326862
326863
326864
326865
326866
326867
326868
326869
326870
326871
326872
326873
326874
326875
326876
326877
326878
326879
326880
326881
326882
326883
326884
326885
326886
326887
327370
327371
327372
327373
327374
327375
327376
327377
327378
327379
327380
327381
327384
327385
327386
327387
327388
327389
327390
327391
327392
327393
327394
327395
327396
327397
327398
327904
327905
327906
327907
327908
327909
327910
327911
327912
327913
327914
327915
327916
327917
327920
327921
327922
327923
327924
327925
327926
327927
327928
327929
327930
327931
327932
327933
327934
328414
328416
328417
328418
328419
328420
328421
328422
328423
328424
328425
328426
328427
328429
328430
328431
328432
328433
328434
328435
328436
328437
328438
328439
328440
328441
328442
328443
328444
328899
328900
328901
328902
328903
328904
328905
328906
328917
328918
328919
328920
328921
328922
328923
328924
328925
328926
328927
328928
329382
329383
329384
329385
329386
329387
329388
329389
329401
329402
329403
329404
329405
329406
329407
329408
329409
329410
329836
329837
329838
329839
329840
329841
329842
329843
329844
329856
329857
329858
329859
329860
329861
329862
329863
329864
329865
330294
330295
330296
330297
330298
330299
330300
330301
330302
330311
330313
330314
330315
330316
330317
330318
330319
330757
330758
330759
330760
330761
330762
330763
330764
330765
330766
330767
330768
330780
330781
330782
330783
330784
330785
331231
331232
331233
331234
331235
331236
331237
331238
331239
331240
331241
331249
331250
331251
331252
331253
331254
331255
331694
331695
331696
331697
331698
331699
331710
331711
331712
331713
331714
331715
331716
331717
331718
331719
331720
332173
332174
332186
332187
332188
332189
332190
332191
332192
332193
332194
332195
332196
332674
332675
332676
332677
332678
332679
332680
332681
332682
332683
332684
332685
333160
333161
333162
333163
333164
333165
333166
333167
333168
333169
333170
333171
333647
333648
333649
333650
333651
333652
333653
333654
333655
333656
333657
333658
333659
333660
334084
334085
334086
334087
334088
334089
334090
334091
334092
334093
334094
334095
334096
334097
334098
334099
334100
334101
334536
334537
334538
334539
334540
334541
334542
334543
334544
334545
334546
334547
334548
334549
334550
334551
334986
334987
334988
334989
334990
334991
334992
334993
334994
334995
334996
334997
334998
334999
335000
335001
335002
335436
335437
335438
335439
335440
335441
335442
335443
335444
335445
335446
335447
335895
335896
335897
335898
335899
335900
335901
335902
335903
335904
335905
335906
335907
335908
335909
335910
336357
336358
336359
336360
336361
336362
336363
336364
336365
336366
336367
336368
336369
336370
336371
336372
336837
336838
336839
336840
336841
336842
336843
336844
336845
336846
336847
337342
337343
337344
337345
337346
337347
337348
337349
337350
337351
337352
337353
337862
337863
337864
337865
337866
337867
337868
337869
337870
337871
337872
337873
338405
338406
338407
338408
338409
338410
338411
338412
338413
338414
338415
338416
338417
338418
338419
338943
338944
338945
338946
338947
338948
338949
338950
338951
338952
338953
338954
338955
338956
338957
338958
338959
338960
339464
339465
339466
339467
339468
339469
339470
339471
339472
339473
339474
339475
339476
339477
339478
339479
339480
339992
339993
339994
339995
339996
339997
339998
339999
340000
340001
340002
340003
340004
340005
340006
340007
340008
340009
340010
340011
340012
340533
340534
340535
340536
340537
340538
340539
340540
340541
340542
340543
340544
340545
340546
340547
340548
340549
340550
340551
340552
341091
341092
341093
341094
341095
341096
341097
341098
341099
341100
341101
341102
341103
341104
341105
341106
341107
341108
341109
341617
341618
341619
341620
341621
341622
341623
341624
341625
341626
341627
341628
341629
341630
341631
341632
341633
342137
342138
342139
342140
342141
342142
342143
342144
342145
342146
342147
342148
342149
342150
342151
342152
342153
342675
342676
342677
342680
342681
342682
342683
342684
342685
342686
342687
342688
342689
343237
343238
343239
343240
343241
343242
343243
343244
343245
343246
343247
343248
343249
343250
343251
343808
343809
343810
343811
343812
343813
343814
343815
343816
343817
343818
343819
343820
343821
343822
343823
344357
344358
344359
344360
344361
344362
344363
344364
344365
344366
344367
344368
344369
344370
344371
344372
344893
344894
344895
344896
344897
345439
345440
345984
345985
346523
346524
346525
347066
347067
347068
347069
347070
347071
347072
347626
347627
347628
347629
347630
347631
347632
348207
348208
348209
348210
348211
348212
348213
348214
348215
348793
348794
348795
348796
348797
348798
348799
349407
349408
349409
349410
349411
350009
350010
350011
350597
350598
351162
351163